1950,1951,1952,1953,1954,1955,1956,1957,1958,1959,1960,1961,1962,1963,1964,1965,1966,1967,1968,1969,1970,1971,1972,1973,1974,1975,1976,1977,1978,1979,1980,1981,1982,1983,1984,1985,1986,1987,1988,1989,1990,1991,1992,1993,1994,1995,1996,1997,1998,1999,2000,2001,2002,2003,2004,2005,2006,2007,2008,2009,2010,2011,2012,2013,2014,2015,2016,2017,2018,2019,2020,2021,2022,2023,2024,2025,2026,2027,2028,2029,2030,2031,2032,2033,2034,2035,2036,2037,2038,2039,2040,2041,2042,2043,2044,2045,2046,2047,2048,2049,2050,2051,2052,2053,2054,2055,2056,2057,2058,2059,2060,2061,2062,2063,2064,2065,2066,2067,2068,2069,2070,2071,2072,2073,2074,2075,2076,2077,2078,2079,2080,2081,2082,2083,2084,2085,2086,2087,2088,2089,2090,2091,2092,2093,2094,2095,2096,2097,2098,2099,2100
None,35.025140305645344,33.504626930297306,64.88048584848728,47.1499278608336,307.12729438567493,98.22434562045412,55.00339722856104,41.25225742989738,34.91625265994293,36.81830636257868,36.537077052878594,33.667232170292,62.21678213543339,40.38093612753155,35.249317421867325,34.776227022462194,44.47403372182389,39.13938634460849,44.30036127949298,59.73044502456501,37.68652929660875,40.71797960729447,33.429245389137485,36.13766950108555,35.455155251784795,35.46056381861933,41.35929222952586,35.88338755143936,53.31606027784203,50.66760191895686,48.098854156725714,119.55362014817885,55.810551981359275,35.110029764990195,35.204046841790706,37.11491054189197,66.65827128584077,36.602862799656684,82.05821046250469,38.473409867957294,73.4145743031357,91.14080872687009,36.073360945723174,48.29634076397454,37.17167922395185,53.58717235905904,157.17810248687945,39.44449358603277,221.3386280817976,35.584739985234286,45.77002482880699,37.853601508714654,35.369724501802224,33.92562719791803,35.46842238023179,38.93927620100636,49.60121429082793,42.107817828561856,36.20572289824842,35.73550671379433,33.65503373981876,43.47904493243739,35.30024007894761,94.06515447128253,70.47965787288705,78.84383299753459,210.31337441481145,187.80786961697208,79.6490421015902,49.350283285503906,35.23588375248113,33.27713529188913,35.80921454856809,40.03772696352127,45.3503249118822,38.86131889639938,181.09592021175624,32.903536228095625,39.63220860457058,36.79023683982246,34.32346957550352,41.50787205108221,50.02937412105789,54.243371298421366,33.13434857682927,35.22939508429758,33.63699314132813,39.544559116766756,75.90277680982348,34.410121975214985,474.3338737558931,33.95261192821662,46.33315960073067,46.698087339067676,33.41320579653716,34.99990470582304,52.60814070136185,58.176517962537886,344.9476840415457,33.84989312314012,77.90934730485068,69.86362857136561,35.348342106477276,47.12699501458313,48.74257218440129,35.282871275397156,33.72229151780008,97.17513951155708,33.38937224929253,33.47682503710302,34.54273630477517,49.87273989080124,33.22699068383477,34.215511936576675,34.72388260087759,33.80703023431178,34.745802226005175,1571.0781625586706,33.574434690166925,33.824363192680224,33.66787569883592,33.336566671323205,34.03442357513664,33.846981925883995,35.510784657891996,33.74414573832661,38.696668454741456,154.03381130197138,34.041085536559464,33.93431670198708,33.5227725322068,33.28083874829033,33.592559264429376,37.541256054045526,34.19961404726781,37.84740717128074,33.36655560092832,33.405024652206464,41.34146776493263,206.18924211874912,33.629008811548765,33.83382349916956,46.35230030882763,33.70683261304448,33.10993187197297,33.73722579404376,33.47130336941361,33.483865718713325,33.7434259137817,56.47320249638461
None,34.991038224337785,33.495794382473186,61.18048046807747,46.6337958958885,238.5476105758845,89.3780260348976,55.615863933566324,41.01086666433331,34.88092422044161,36.739704486069854,36.44814223063937,33.654848783789895,63.8473111098041,38.205436350911306,35.19480150614871,34.731101127478425,37.09194517896935,38.950497235691635,42.899840848001,664.065578031874,36.216836603072466,36.35253112431696,33.41684761991525,36.03764660829023,35.41421450262007,35.41797117193366,40.41521981296643,35.84233295338278,60.79155454815782,45.265451286176784,47.32921693041228,114.17015893085636,39.89581145761497,35.078393000491516,35.14825641560552,36.98305711592007,55.70652499235476,36.061119454129255,82.14797315273623,38.19943652575565,72.64430369555308,76.73411099522183,36.02548692089341,200.48444621528054,37.57945450787951,53.678858022190326,124.94531228420557,38.95575227556121,57.009142805395356,35.5203523115481,44.89559398869499,37.55833311009637,35.333540493985254,33.337065429532906,35.404400501536706,38.60253528817755,58.56865292360246,39.26246908557162,35.634453709550165,35.646083970249315,33.63964359149241,42.99622711250315,39.703771159234684,228.45864750990714,72.58615374728599,78.6737349001026,239.62895309165933,180.74044942906318,74.59205430235465,47.63974210594419,35.16473903487186,33.268744718185026,35.70824623801901,38.81473312295354,45.35267993881248,35.41318822877752,189.86384246749355,32.89592776114023,39.26474731099163,36.53555065131006,34.294877033462434,40.27141049872672,48.89534022414776,221.32559902632266,33.07214340471573,35.145978999742425,33.61491542626308,39.2822745448273,56.51207626295352,34.364955025294144,258.7892309882726,33.92742745834984,69.93314949175051,45.52585218885018,33.40193289589631,35.00222548381795,51.21025837602127,51.44225127350555,142.99850316166408,33.81834325321455,81.10590757185423,51.88523666571754,35.26838113556589,46.08534005478543,35.10592423110454,35.26239214740821,33.70324016964874,209.178084149321,33.38083196950797,33.45521618395229,34.30436263110004,36.93554334375012,33.22256716757786,34.17898326761607,33.745249897133945,33.793661867480594,34.704780608679556,2003.3603028591228,33.565276612436925,33.80030818790139,33.64842738919732,33.30746709704226,92.97173832683785,33.81986170723036,34.070013791119266,33.71957756970779,36.46328657548183,87.60501538101244,34.01605338519425,33.87025635218821,33.50911645268228,33.272925701864445,33.57385113073308,33.679180322404505,48.43006007659657,34.61361008169374,33.35913224626548,33.39457542519863,40.80544915967502,380.71152210654924,33.614373972759196,33.80584198933656,42.33307933680993,33.681378326835194,33.10028316602182,33.72260759973484,33.659360764764315,33.47455445268135,33.70930175826556,38.75307841212911
None,36.99723958653197,33.485709895795786,59.74060334967495,46.229355821019205,218.49390115214757,80.9272610593319,56.670224440037394,41.010829141659215,34.83004512740877,36.685980740126986,36.364621257858545,33.64080023339026,67.48852082123551,36.91246112917735,35.143488676721375,34.69036224278623,33.66519586791916,38.77598633125256,41.58931037974857,2899.2721457504754,74.51945780150366,34.48165399871099,33.405073785858924,35.946270185774445,35.38537635992082,35.35104136254991,40.11638745338988,35.79367212938018,44.46986578608717,44.39185828471673,46.56043215137085,108.32485162547137,35.459925339814184,35.05361230107636,35.111112550249636,36.85169399197553,45.88301914707971,35.90221454850421,80.39462716535293,37.91577662863037,70.32953553752785,43.82958942542146,52.163624963401396,375.4665967398655,37.65977432381061,51.484996198563096,103.94320287142658,38.516915818985034,48.87443179161485,35.4634117885039,44.54588680244031,37.344743449738814,35.29535326141588,33.289258916070516,35.33126181947104,38.32027416688019,49.95746305243514,36.13927668042932,35.52604191510978,35.56679977353955,33.60049578740737,42.507202870663335,37.696336360204256,256.6172921136361,63.13300768957653,78.89926642619794,133.94882217605527,644.7776779923837,72.54697664025952,46.17774242157535,35.105957702006194,33.25971628377725,35.61115632693951,37.716186226951606,44.79628159272108,34.52081147114357,133.47761930191135,32.88832113006331,43.01947844743453,36.295149607695066,34.2660793838035,34.44639149582646,53.218870496545655,147.19288922782025,32.95596282280747,35.07750564284189,33.59338617263716,39.14365800283026,44.469937870176686,34.330870840815194,135.80485194260686,33.90561563762741,72.61822726000949,44.51078103796614,33.390514972642926,34.852062697314445,93.57169040388169,37.998982234521776,124.36614815851958,37.75079333846858,82.30157497005372,44.87245832283771,35.1966678057131,45.22630417734218,33.722068461420804,35.07512081669461,33.683466653977106,1390.216527442507,33.37222221072218,33.44349688604698,34.26533616744177,34.450515721035515,33.229500455872284,34.14660624403718,33.53791137027271,33.780794888295816,34.66724378631205,848.764100997556,33.661706630581364,33.774973144545385,33.6289216053173,269.5627065825375,81.16068381159094,33.7923252539739,33.81849901365885,33.69695422803254,36.3643424020474,71.99267863848269,33.989806139459446,33.84256031497038,33.49731733337739,33.2650730094795,33.557488894427856,37.821222252313106,42.2464639794833,33.357774364178354,33.343718551962354,33.38456785779453,40.296958522374794,212.82872538086463,33.600228444345476,33.77777021607615,35.714005369603576,33.657710518746164,33.092475614958204,33.70908992531784,33.65676325489982,33.46500532512736,34.67559949874824,85.23836832303971
None,36.786271202929825,33.473586377385544,58.2195255590269,45.89318192283329,202.36101768095142,309.37303201321174,57.485168154239645,41.21555968937813,34.790824534763196,36.637281956536214,36.28683985210953,33.62725277294563,71.84647533306305,36.665159369833816,35.094488604339865,34.653333933222264,33.44662789585296,38.610026669968036,40.78166432510624,2387.681933620768,73.29784750667869,34.33355358230906,33.39397956872432,35.86020185125858,35.36014290506475,35.30768191156358,39.925777476951595,35.73940888408864,38.091947780134895,43.89648926295229,45.661551353098965,108.74937722403158,34.62303867388525,66.19277734605551,49.821780575086784,41.758132420813645,39.04583119142097,35.85221834166908,77.88405601920797,37.670985168504025,66.95396303338843,36.401230926566036,80.25996570995366,208.28569824223786,36.66833792285397,50.512006967985386,108.4307033640514,38.14607387291192,44.72990601729378,35.404067156781544,44.22705069918618,121.55086233434423,35.26551270969302,33.28041353296737,35.25853635434747,38.100135099547316,34.92661636385465,333.20723900039667,35.448075592568514,35.493663976987435,33.582102772117764,42.03768068371299,35.3213486906504,135.63692680534442,61.58969664295628,79.91257356665629,42.64932540390412,574.9913899243137,69.58572504125175,44.944725827690924,35.04671901686277,33.249834826838715,35.52144072783485,36.347515188536185,44.4200787654187,34.034560845735555,123.5048191655966,32.8807137812241,47.47458999946181,36.068211621594294,34.235388665333446,33.70828033782472,51.356184356161606,71.59287703827697,32.95027763571764,35.01369653764097,33.57377633087802,38.9292254879814,40.14047744140214,34.30864314386145,70.40723122587582,33.88518765289902,58.80875875994346,43.51619688846214,33.379132162713425,34.812910191958544,77.97565848155256,35.62996592349784,154.59540951697412,116.11943157849365,102.61011622851628,42.47011437884576,35.13405733096871,44.266679352060855,34.03752069280817,35.00505102805963,33.66402840481251,3942.308509479049,33.36364532048544,33.43201841496943,34.23937225032165,33.75511894075045,42.6089386392724,34.117345450360595,33.551113390652304,33.76727919728377,34.692695282161736,93.38688470827104,33.6599907903532,33.75072460270721,33.60950417279082,248.9525784798133,37.07666541660276,33.7642176097508,33.789408437787536,33.67702828293856,36.27155237577754,68.2586172008183,33.961988536319836,33.81328500693573,33.4846950539681,33.25725661686594,33.542134974312894,379.5289028723082,66.48701851721339,33.312720333709564,33.33323466093307,33.375000511828944,894.4469595345331,58.22294402911397,37.70795383454245,33.75209191235149,39.07074232077331,33.635501579963396,33.08466486535355,33.69378135608665,33.61868070833481,33.454737931978634,35.8096628305993,126.56697207860506
None,34.99229882890748,33.459745329290044,56.0507103210211,45.604974681375474,371.90215873111987,201.12827654505364,59.40897357292741,45.913170373947366,34.75264714259178,36.576531743531376,43.017011186852635,33.615569300023665,111.55889583853424,36.509917368839055,35.05326268507704,34.62057397309978,33.434168334432584,38.45830006427634,40.693995759196255,691.3016458159607,72.10688215045133,34.303438624839906,33.382866517957524,35.777989339511045,35.33203797196032,35.25919143869697,39.754624182045276,35.67826232385227,37.69501237047347,43.26917722811887,44.69042168601064,102.688140269093,34.544678041143236,44.52311484993714,67.14962177516075,41.041762414069936,35.70155036779529,35.73663051307761,76.03912213368893,37.5288905034079,63.54654638949279,35.5040518430904,71.43646675290448,89.63874025370731,36.4582747394801,51.93836231153615,91.12479532148123,37.8518715927169,42.04637166581997,35.342594761229755,43.87630877304308,72.75131328634104,35.2381028842621,33.272105595642586,35.19390354679779,37.94248873778101,33.772121171772596,177.22900605206556,35.378636670313426,35.42150378629687,33.565688757766054,41.61810430456678,35.193198316534755,83.93536830139308,107.14361724808643,80.20999824318315,37.53631415778257,197.41521625687423,66.48985333431455,43.90252341223315,34.977630506155684,33.23957693201461,35.44369025148885,36.27735752969152,126.14534035665459,33.975174327332894,48.28419172245345,32.873112817123925,41.8459474442376,35.855268698139746,34.201471500552934,33.66513461606357,46.33144526677118,73.06596757191984,32.91663274223106,34.952608615535375,33.557227027020694,38.67127068300839,38.0991077095341,34.294150493802576,56.527687111846724,33.864645548535165,45.49608339168736,42.456200162168436,33.36810714623574,34.77322664412097,49.661126902449205,34.7456122988257,105.74312015055307,245.71956693375662,97.30882595464138,40.5165263975005,35.079056436298906,43.5204664640995,148.79058816181504,34.94728818854034,33.646277768168986,5064.795469842803,33.35510349592755,33.42060216619754,34.30811559045352,33.694178894422265,39.82559992523292,34.089572445148825,33.55626884452152,33.75256029455124,845.6616647620791,49.2615723783928,179.0968602062599,33.72716122391429,33.591015198428266,55.55828707440484,34.245487925582324,37.85713766922401,33.76924625887557,33.66465903603201,36.160005431679615,64.77161341589928,33.93320322330914,33.78410327129942,33.47178174768335,33.24945779545201,33.52657323914951,213.64465374635643,62.42182308281065,36.756930189739506,33.323167681626785,33.365791542924434,1710.0734080528741,43.43136437533832,53.78220194835758,33.729325451948306,41.653495105893114,33.614781572123626,33.07688750311738,33.676166937676065,33.40893433389739,33.443701798734075,41.89948309310019,110.91964834267898
None,34.86066273247488,33.444375357712644,54.77347125500322,45.31595553498838,307.7677874833751,153.1313237290533,61.84950881657447,42.981951789863615,34.713677640450356,36.507411623131254,41.38204220366181,33.60560604715809,101.42192778922096,36.367649770936644,35.02031118113157,34.590874248122354,33.42310926269032,38.30582380092346,71.0777088393354,299.80550955500735,189.34496169467891,34.282279508463155,33.37111564942466,35.69898624004765,37.24578012292471,35.20759535539389,39.59767734709687,35.611143874328214,37.6443995634803,46.21292591850963,43.77630924426053,95.567729415247,34.5029555573168,35.36057976926132,60.172076504144314,36.702286255435574,33.95358898447266,39.27061403810521,79.11451831020544,37.501487850621686,91.07529435139924,35.43760565171768,45.00289178274778,105.12097479602731,36.323922714603036,55.47866082188215,74.11589482144328,37.637050592124794,41.702550323167145,35.28231771807847,43.52505152484109,44.451041369097716,35.1999825824866,33.26363405859043,57.351311183068844,44.01756604111164,33.52706603381961,45.7749599421547,35.3159097818027,35.34751969634889,33.550618061354704,41.254452385928396,35.17570876737416,78.8711089334504,168.4973961627115,78.48277498787954,37.96999790866345,170.36672705121202,63.438932572931385,43.00818267763771,34.901738607421976,33.229355120524694,35.37408677119263,36.17644290521793,171.38405954531868,33.94631016954152,39.934267965264155,117.32514079929096,38.57212452905865,35.65371376354753,34.165736831590124,33.647482899438074,45.353974061717864,71.54199466890697,32.90699720887014,34.893480425488875,33.54378799392813,39.10318718518938,36.650171658616394,111.66524098281674,54.15066930589861,33.84430252192452,49.150896000113036,41.4471239648456,33.357649556778604,36.482119121734506,56.97581460035527,33.88539741387681,46.25907144293128,237.2549320437162,80.36723645192065,39.94808946587185,35.02760795982218,64.7426867865524,92.66420577863798,72.85865548648346,33.630352881270426,3429.918850770723,33.34654442681868,33.409056486950696,34.31658616260679,33.673687208940514,33.487715181688706,34.06056673082007,33.49630310769205,33.736502334520445,669.5936980112549,43.61873749100461,148.32435820642652,33.703599564018695,33.57563359311553,33.92509117306011,34.40007080848199,39.556587031556994,33.74873920034678,37.99085940861137,112.94007464734501,61.44152166401656,33.90393946880452,33.75607400068355,33.459227337272814,33.241661448753575,33.51072015940615,41.19872050857086,82.00778510332721,36.47812392277586,33.31314556484045,33.39395318409313,811.6832368509067,38.07480200976501,77.00600461288734,46.21854634818463,45.80677242521695,33.59654679680297,33.06914189042151,97.56432733666516,33.39035570916778,33.43213666338908,58.967448754525655,64.18254424976514
None,34.841318455503895,33.42791340311783,53.69972543437459,44.98464556864226,205.30354428608825,103.65218861721323,64.09661660514486,40.43280922077998,34.678419241996174,36.43682578649179,36.67292423809846,33.59623788852411,106.22217358740684,36.23613128753311,34.99142526915216,34.56346017935026,33.412231346086266,38.13186078582294,91.23452974034755,229.546867433279,177.412388375255,34.26811192768112,33.36503965803846,35.6191066381075,65.33948766810185,35.15550786573469,39.455243213779895,35.542886962257455,37.60330615672777,140.5027945070905,42.89747136238743,91.3450369104076,45.7161716578267,34.97514242124812,55.47765974163153,36.35958854117219,33.82392222775232,38.793032715835466,81.5263229512841,37.72246230777015,81.26944229872834,35.41286674634535,45.5886637421946,128.79941571416015,36.21820950332671,49.89044277129921,229.60610596071155,37.48902252531367,41.43204412276999,35.21883925689054,43.202872616716,37.88027544773606,35.149698424860155,33.25482147737231,47.49215620447868,41.32083742753967,33.4981745103713,36.83105981837943,35.29074682381714,35.273025969234965,33.53809541975418,40.93485879466459,35.15880319671364,65.3559801004155,132.20429027461313,76.37524737870139,38.057209576069006,171.05616351424203,60.40457890147111,42.1802502218719,34.827395579962555,33.219027603546316,35.30600400318766,36.13098050032827,99.90860704075659,33.921807783102516,37.42177803563408,100.2936399106293,38.26359009168162,35.47825366552481,84.13757860848699,33.67217593161861,44.62718169065628,52.56361918470039,32.898940177065036,34.84017714020305,33.53252188174309,39.4265236757601,34.41432308797168,74.97963711255866,65.45312003965319,33.825633352201855,53.17659551915159,40.591811706841455,33.36157725367229,36.20520613339129,63.42988284759876,33.808825945075405,34.33244672368599,137.5604216557551,74.00705944484041,39.79354541916047,34.97568700099832,59.59025679153449,36.73443194888383,67.18475155690645,33.615369752409585,1132.756352446838,33.42829793085841,33.39741878356562,41.25366300209024,33.65298342049751,33.17062948474073,34.030595774426786,33.480763158676865,33.71927761822088,70.23342352084596,145.44001107412166,39.31121362002686,47.202833672828895,33.56497564541122,33.260344321454646,35.358996519394324,35.23587782377304,33.72843075388749,53.98123962051624,178.8668698394155,58.40621110240377,33.87562050801141,33.72947023844627,33.44764283928193,33.2338644073752,42.28395357791542,33.20454394921606,66.34261871024577,36.579604968540025,33.30307419715811,33.38283285470498,111.22508942489996,37.44163725268122,61.35429283923618,42.91698809040902,167.79733940496632,33.57831886334872,33.06142369731607,101.80035021195731,33.36889205706009,33.83625010631155,62.161495305965566,36.41721623488957
None,34.86774087350404,33.411425514251924,52.65860696510693,44.644295886680815,315.80943305675936,70.59329505885694,66.28039224146974,39.96355933343123,34.65104215635867,36.36975497595133,36.06979729327579,33.58715377109864,94.91956634564629,36.10983306605092,198.0104912319732,48.19797830396024,44.46741628780224,37.95330282484704,170.01227354940198,247.75988275633117,44.696691985424565,34.25635567736255,33.371450574390046,35.53929931112396,53.0520402915522,35.10098455136735,39.33711591741022,35.47871697904111,37.57196242530279,1512.652765156733,42.06877327271247,114.72920704431247,46.3695297939474,34.95756553877742,90.6103028151349,42.64629892080215,45.74823462181805,42.820020892437256,82.41755491458238,66.69587320255292,59.99658266039876,35.39189591245468,42.42001945887342,86.26953960799109,36.13308790948674,46.16082772107818,349.75712274843386,37.375226021487705,41.12600475557033,35.149073328668656,42.8490312013464,37.08643209779997,35.10131386205679,33.26179489825077,35.614464225794286,37.88863562345789,33.48433794523836,36.527258276895644,35.276213295367214,35.20005107879714,33.528248122869414,40.624242865129524,52.495117166525404,53.337212655308534,45.368637753624505,75.79314433184338,37.56540880563839,165.7459794267169,57.54152397752118,41.423925469783455,34.76142758684157,33.20849819921617,35.242750467910405,36.09063116462518,50.493854462751074,33.901365434859976,35.02613294641464,60.639730165574576,38.104854983727954,35.35180706297668,1306.1060431725155,33.679001415718105,43.971592382078846,49.46626827401933,32.89078732162814,40.26012641594263,33.52196832000694,38.449262280294334,34.17894860770144,44.00872710982456,70.76360014946198,33.80782599536788,37.78550465328053,39.880077272067155,34.34027088745582,34.81625612302881,58.844842954146706,33.78887119913373,33.825655879431004,61.2798542511323,74.52522125140783,39.621747808293264,70.57684095396183,88.13624073299854,33.761801368310635,36.65432579373144,33.600104699994986,138.83250145498124,33.34098189328593,33.385756656991894,38.46614763153415,33.63245149038366,33.160909757852465,34.00469309653631,33.46867175727251,33.70136011360718,34.997747784241426,2754.305801700595,33.52920839378657,43.114042222975705,33.551697243194106,33.24918100236505,46.286847714954426,34.5613825923205,37.75030958225203,46.29559495108363,165.83082743036172,55.708748662296344,33.84854568444218,33.704201721760505,33.43720364256774,33.226065588495906,42.9846781643003,33.175489998255344,37.85725558772956,34.206189182793935,33.29309584022643,33.34138449961131,116.97466178907409,37.14669372441776,35.04275867060525,34.109284027508785,236.358844798812,33.56277127614396,33.115541879213836,59.996279722081454,33.35860676765171,33.97155871428431,52.793062115453,34.896045934518064
None,34.83264030763725,33.39531898454219,51.62818568322239,44.37482512012823,1277.7797634164426,65.48417201543548,77.94013266066065,39.8006153309024,34.63044687797433,36.307719186439755,35.9792330967255,33.57818080209862,92.11249668494085,35.99326202725688,225.69457017788457,47.463540456912824,43.64778936083882,37.83813817351388,145.34429896774452,287.1617963101868,35.99131374782586,34.2447177306701,33.35952526207224,35.464853881050956,39.073615976832144,35.044063463878324,177.89515529103585,35.417918146431724,37.55023663206925,1011.428665264252,41.39300066955076,107.49868791244094,43.36727218807394,34.9454785503849,102.68261826029206,40.05485006854361,45.23167088069656,41.06990375358458,82.95054158337463,64.59493182343694,55.13299604145336,35.370942052912824,37.92273317382139,55.97098983797218,36.06246807942031,45.40249628632173,175.20467625413582,37.29036031177425,40.78250496700439,35.07665952432477,42.40376133456023,36.92010640273156,35.06541508795785,33.273162776731226,35.02425474097145,37.626855442432145,33.470814133408,36.30572345412724,35.188854022173565,35.13089815810902,33.51960138496434,40.307051860610706,45.4417805779204,51.897780156725396,47.88737436954185,73.37801349078181,37.51569537683765,216.2242543653958,54.98837485743513,40.798832772943356,34.709843525144905,33.19771100389101,53.962013508467344,36.0419438124791,43.42004679963773,33.881443676233985,34.457283203220754,47.345942256850506,37.93259570752645,35.272545355876346,2732.140914240645,33.60420842175989,43.43546539083077,60.37733973985221,32.882604158944076,37.67394493075466,33.51107766500469,37.93182876818664,34.180828626005834,37.51974039993279,64.54804739627461,33.78853417648559,36.79036533421049,49.873049098364035,33.71068412169525,34.62408568234393,46.67403103411258,33.77098202878003,38.895739747179775,46.46641719401672,75.19240537128152,39.42131087623004,64.93196361324934,59.28047539182529,33.63007589662883,34.944291390167535,33.58369447826489,101.07844814216423,33.32126060243031,33.37443353268961,34.92138180913999,33.613090588668534,33.1515248159779,33.98275490081445,33.457153156673755,33.70146047669986,34.71804308277678,4843.117300603797,131.77972644876954,34.28229862599994,33.533001581464795,48.539253335366965,49.1058383298209,33.708604124680804,38.198587661556346,34.293389190849844,91.03377550981578,53.338873152388494,33.82220028082018,33.68015091441303,33.42733015547282,33.218262439183015,34.42160258195559,33.16739982151835,34.504351978838876,33.31370675994541,33.28333628860108,33.33091784710317,163.27940759537805,36.873335896077506,33.54744832823046,33.65676755307238,157.52709197734032,33.54834384328936,33.13972489073387,40.221767777849344,56.762246885848754,33.43259012609645,39.82763664539217,34.85429230330374
None,34.727159914074115,33.37948546247639,50.65496119971514,44.130935350617655,728.9183775048143,64.81632715218731,82.39641926521001,39.5787949900712,34.61219996359465,36.25270892458872,35.906007240052546,33.568927221507614,71.50288246953184,35.92354459065968,120.50578145916649,40.0145873048406,44.092558814289525,45.193948994168615,47.43419866672817,244.1199376852148,35.820636279480745,34.27166603770465,33.32822735687951,35.39466304849457,36.99601896011901,34.985469498681844,125.87150997994756,35.35446954878567,37.52810120577614,97.05655510159659,40.911941774307756,87.71071868983508,40.31106272545516,35.02845312534688,83.89382033680927,36.324320852673175,40.40668089706612,35.8232093313733,84.10455135761023,48.17883264156412,52.71014673552784,35.3431488863422,35.908542019405814,51.40120928685549,36.007664240117585,96.15378857369413,69.83616904077995,37.22445515873191,58.0365689201499,35.00418813396724,41.920265917921036,36.86505511946357,35.03845507760793,33.24746176338436,34.99110968611295,39.5235635226916,33.45727593036913,36.26069889182617,35.09429025508906,35.06734992151717,33.51085770152,40.00201874378385,55.66110583271589,45.58610329889569,45.56642256788085,70.04799816671019,37.482458462172985,218.213590314751,102.191254296908,40.26695222024442,41.830240097230224,33.18667845905135,46.40333615789278,81.89317380229235,42.76413753073126,33.8587324890141,33.74546080460844,60.95824938766214,37.661105166432094,35.207811150808574,1738.3263858201858,33.58432995645959,43.034660469539105,79.28849155907997,32.87441894227001,35.49699073959667,33.49918284536889,37.65870991465198,38.03805296003463,37.94840786723804,59.68513783366945,33.7679780316116,36.74008618837402,47.587509720336065,33.337691370501666,34.57789700350353,44.13217656207301,45.76104115069578,38.90766007881043,40.23337935857396,74.59582360216059,39.215465057957786,40.090628568332,42.396155094249146,33.61062579271621,34.76205270624178,33.5668429165625,211.30196322894452,33.312721894178594,33.36406481879298,34.50054862065249,33.594959007184485,33.1421428121832,33.960257438646,33.44554316165091,37.30790004354508,34.72866195315025,2488.406204063545,124.58629459010521,33.644353349830226,33.519001238980415,43.31818329667344,34.723603425599535,33.647094655097874,33.93261798118493,39.69372050711269,57.63548673618265,51.41368998297391,33.79716335980801,33.657711466861464,33.417259026943924,33.21044706130021,33.490517045429584,33.159405757146004,35.3530937750104,33.26376025311916,33.27392587553847,33.32248160915345,256.52858636875027,36.613386257991046,33.50700049983974,33.63492979822013,42.045640504243885,33.534909148401624,33.04444283468393,35.50973545011769,50.387798169681155,33.38817871119083,33.858540357192766,34.818599747717386
None,34.68676433178397,33.36387742320193,49.8334286863502,43.782291055295296,216.3304341524029,64.67819977660466,83.21481168419898,39.34592466079632,34.593608791383836,36.407536730742,35.840908594755284,33.578430366505586,66.57980592757362,40.63805242080488,48.183351383319646,35.72908313709161,40.74599003385312,53.17016270982377,43.10495849193407,172.11132808883374,35.743654282679714,34.276392044069446,33.31653992088715,35.32634975675168,45.862758978748424,34.925682914360706,63.955126374790574,35.28716285132844,37.497236236928245,71.84470596527031,40.523439524694325,80.38387389177942,34.7379238677392,35.046747729134296,88.88690194953196,36.12028129839873,34.162642612541426,35.37301375870111,83.02422580781554,38.513598697681424,51.183593984022245,35.30231038221978,35.732791370108046,139.47635989055922,36.68508654964876,304.3033085882089,64.17474959203254,38.22056779075224,52.46913935041365,34.93308132273892,41.527791561007966,36.82858842129286,35.01674110624731,33.22217859698317,34.96454650114533,40.75567122319958,33.44437487997385,36.20821547455921,35.02993955264931,35.00942111881741,36.48323882193861,39.71828742943399,47.87033346001229,40.620773939603026,40.72236098463343,86.05878357961781,37.442772891736375,169.92769035509127,94.71832717120031,39.727342432539466,39.54514934892065,33.17562291013764,36.10885803040253,90.0667825697253,100.85406045725523,33.88293991024625,33.701198710516486,55.939936931021926,37.29620094012807,35.14182542585065,506.2083211655742,33.56938999259793,42.733856865417856,74.90261038404199,32.86628003847793,34.75463578851841,33.48589587732647,37.427791538383815,40.840702059089054,37.841021142310574,91.13706867796486,33.747717185100214,36.44087666014857,39.93912822124342,33.351220749361275,34.53853230013847,43.391675182534456,40.771502068837506,74.03104862935018,35.44046750766635,73.42327444273327,39.0184824848342,35.07789135286739,41.39163401471436,33.595484762063926,34.711413815805415,33.55146500961223,189.43846741242356,33.30419542458079,51.96752364670594,34.13149329082294,33.57760568491059,33.13305859885384,33.94104244106596,33.43301977121827,35.14115796905689,34.72816333500934,175.04178308606018,502.37567814739646,35.82547703600589,33.50510170706918,73.79484775990626,33.78416723398998,33.629165777174826,33.66142500335006,38.874258446086884,39.100769118948456,56.186449922530386,33.77340923121127,33.636471695220024,33.40668711412991,33.20262352514504,33.4490639933506,33.151561430113766,37.81857208790861,33.25542247713534,33.264939256566855,33.314083579148566,209.47073875041372,36.365969360722275,33.49160248539452,33.61188452375221,33.40756088766761,33.522273097638504,33.03094218381998,33.809826374784926,34.129461308463554,33.376941101930484,45.5176941518913,34.78086037848352
None,34.64832887260244,52.22399381716455,156.91631276229523,43.414410837159345,215.24766152167805,63.43593321806279,78.28985227827322,39.178504243829344,34.57469834726758,36.24582051781835,47.29779412123023,33.574660302772415,63.078752810517656,43.94370836581935,41.17612391600088,35.961008142613274,34.76579167488121,57.83891351559018,44.66598563561182,174.8186662896139,35.794843910722605,34.210807409444506,33.30625860803027,35.258904071185604,45.64847133311993,34.866002135542125,66.88904405769296,550.7260223213968,37.460223129486046,1657.3732141790551,40.08699839339674,77.4101820676404,34.37422733970798,34.933232780057224,107.55467794322462,36.083087434235935,33.74658674592104,35.30156052098492,77.28399276113659,37.852024540842976,49.84612405471308,35.25290024716091,80.2434627643288,127.14529447848295,39.17311576680669,637.3001015801889,63.23762683872318,37.98485635333503,40.39546370649876,34.865649257634004,41.2259708421389,36.803098503295864,34.999090430483186,33.214027139605996,34.93721718199942,38.062586748315674,33.4327326951353,36.14497505580509,34.970537443479536,34.956615743488086,34.608406280953325,39.45574234098802,40.469821692068855,40.22054326977593,40.36945379188978,77.9015845218366,37.393840339321216,146.11441311577758,52.97889882231226,61.673691385071535,34.87883328294414,33.247646356444136,35.1422877802657,115.01227924604984,102.19769628912418,53.41531459889997,34.040789897918984,39.17239421238555,36.92218567739911,35.08778921694837,121.67989140432415,84.80538315012829,42.423948967612866,72.90803850839244,32.85822607785483,34.678234597124586,33.47187267733428,37.219484646815275,35.9620044814563,35.738953775966785,109.29562498589372,33.72801542899946,36.32702060281338,38.419000693323326,205.20130334228452,34.49813019925725,42.730871749769136,34.16302867209426,78.4417641984879,33.795818609091874,71.7657785703029,38.849956475797185,34.780132390879196,40.96930285228617,33.57960084209311,34.75731581397755,33.53827495865779,151.43585857523834,33.295768264368235,49.372977608827426,34.09012072393012,33.56088020092348,33.12419373374447,33.949413488461225,33.41971336930747,53.226430284195004,34.718298650713834,51.15974259027823,1624.8988087167472,41.37004907958824,33.49144003500022,66.07248408226027,39.298682910919936,33.61042087783036,33.64242279049697,33.92278558358009,36.159498997771976,53.483151610600395,283.54809088151336,33.6160288851763,33.39550401118709,33.19483830302826,33.4347683723942,33.14379950608821,37.207032798043464,33.247320006415826,33.25625368223545,33.305629619807696,55.564007978419035,36.13899275561079,33.4775428464568,33.588351009363656,34.7240747673364,33.509230707498986,33.02328203407044,33.58988644667121,33.324006486025944,33.36568449925066,43.79339548277858,34.74333080748443
None,70.78031793016886,149.41107154477174,126.53512813744732,43.218593439581824,222.0056364751361,62.25423843866182,74.1147572058223,39.04818636800782,34.557387962394344,36.147477021458904,42.70825079454449,33.543765660306065,63.21284038889286,47.10348906215044,35.47230861349896,35.634783352890416,33.420004196153734,235.51600526262303,42.782713239853045,168.55826000055112,89.31399468102903,34.194565246566995,33.29591190805654,35.193233669919465,36.807413729607156,34.809811353830995,74.1673136627681,952.082270917104,37.42183006164528,2116.7721857710862,39.58320361617639,74.20201709231664,34.34731312526363,87.7283267961512,99.9941707228713,36.046073335043495,33.72566800919188,35.24372519189101,72.90540836182274,36.814685264519284,48.68519616288629,35.20209551580662,92.60093107788357,56.44307628721366,40.94331275746385,331.20913407139443,63.05560179335343,36.922285209293634,39.44714338304085,34.805443468414985,40.94320804407419,36.785920363095634,34.982573695068105,33.76848789214465,34.90220602013814,37.295953251876284,33.422051747012034,55.43554316366806,34.919449766998085,34.909147408039715,44.95502930952137,39.207558370620255,39.05912454675184,40.02316960907302,40.25784811220189,65.8367135434331,37.33225551918957,151.7027933222833,48.48739345254828,56.34621584764469,34.61657773435547,47.411366917360795,35.0727358878954,131.3692972336376,57.47654218854388,54.43018067854656,34.132936613534326,36.16721120120125,36.62423022590997,35.052867852505656,73.71660956544122,77.95946806084548,42.02728343610992,58.17777525766221,32.85030039454544,34.63543404901547,33.457821430693976,37.01225636551057,34.27837261042828,34.553770277449296,135.15236614288045,33.70878879262915,36.234567075664614,38.035113408969686,470.9821785807069,34.45774252071609,42.089318624741104,33.718385646616895,43.594328234878205,33.68793472372886,70.06114738613908,38.76335341759471,34.733485524301344,40.51363187035052,33.569411981081984,34.67412905286093,33.52613080226673,102.59201038704477,33.29030627894192,38.123646034794334,34.07131949521951,33.54486021114377,33.11522551152365,33.943007811789194,33.40648709332417,44.10505438304825,42.49182346286953,48.67840358499359,1211.7561039992693,119.59137783038014,33.478721419188666,41.01541619155112,42.4202650275986,33.591606183439524,33.62441316342892,33.58239642108512,36.00366866867396,47.328463826565866,217.7797766061745,33.635260275380396,33.384045270158985,33.187124402698174,33.4198495402985,33.13599646344308,36.583080506962816,33.239261734689784,33.24773055475788,33.297166057106516,45.03199609079967,35.941052091778396,33.463593036075174,33.56534048045413,48.814413083876744,33.49761371926167,33.015938932109336,605.0491545554662,33.312372512351736,33.354613212085745,34.07448704177378,34.863617140317075
None,72.15495208836053,79.39389047871184,60.61488334185243,42.98014207519884,204.208154428949,60.50202288630079,65.18395553963178,38.89561065473524,34.54275342382916,36.12183237072201,36.10217988495032,33.53408168063713,62.07748943567204,48.27109494121614,56.223203080852734,34.52559537032722,33.3432976588495,1123.1256964461472,40.669454034178244,137.8680752782274,690.8133300637116,34.179292192345784,33.28516678983157,35.131776382815836,35.096353723694264,37.636328870362604,59.70413870386673,493.4665612116655,37.3886186817651,952.3063589275205,39.05973065987365,71.7858040286277,34.327525168890396,69.95245335278523,115.34279970777428,36.00488564695871,33.707787183094496,35.19334562950321,72.52988231544208,36.617773242252674,51.99426285379755,35.1533069195172,67.56190585863163,57.7683185556391,38.84839771694165,80.31826704762152,62.64382305428739,36.672065453175335,39.083277499550256,34.75699875213827,40.709086838929146,36.7700801053171,36.782609805948894,112.54152673834604,34.85988505477028,37.19593758661851,33.41178586699403,50.58884372757525,34.88340102317248,35.74146533443899,55.67290839792879,38.9590410161652,38.535625081337926,39.739750364025774,40.0786639919424,61.632509867185576,37.25626706626668,222.77665783152543,52.8643024489836,40.004238770299956,34.59730066701096,57.92345875820146,35.02239299780862,121.67453434501104,42.42973926476903,43.80306875708442,33.71500406077877,33.81248208134931,37.04082043957134,35.02835439706837,62.67849175175636,39.60314486691256,41.592347096892965,64.62432737144205,32.842561896347405,34.58990772442529,33.443788255781925,36.81784565238779,34.18460052037192,34.17899122634285,91.0337095832768,33.69020059970386,36.151043046896575,37.67003878884253,327.8588243416104,34.418924616771555,41.53852983355476,47.46656836415376,35.83672755154375,33.677224110077475,67.79115470108431,38.66974552234691,34.690132695073146,40.0697512974897,234.25230047457768,34.604345398985274,33.51401995390863,77.32809363269871,33.283706899556734,34.240384202426426,34.05121198912369,41.401736875540415,33.105999774544266,33.890879897955266,33.39386222267847,34.54084324427713,42.113223964948475,48.73934029589275,112.50075429619392,74.4168755876176,33.49180191973561,347.63017800164596,34.53146204725052,114.81563164488277,33.607187324824736,33.55019679499177,35.93550185184592,45.79392004519409,43.46109400625869,33.58308332076514,33.37297936000135,33.179449474814106,33.405252632818325,33.1280928996299,34.05193685596462,33.231198361558214,33.2393907845894,33.28868477120695,44.75199508855313,35.78616761099861,33.44996908162671,33.54332582803727,111.63176540823237,33.486285092842905,33.00847268259469,1389.099533395988,33.30184468095233,62.972968082787844,33.546413955602304,43.8662367516883
None,88.30762011130044,37.724394210486544,48.03950708007357,42.64859198463843,170.76366193403348,59.551426679489936,59.632648123445044,38.696183017438955,34.52979943434086,36.10197233155795,36.64199535060947,33.525744589275824,58.16347536983693,47.21798481308657,49.385337746620046,34.43007072660028,33.33326953797348,1494.7302167541227,40.342582876517405,122.21883182254423,592.0402271775398,34.16041688975673,33.333248618264896,35.074825069938505,34.99146703453706,37.01658531953107,45.807062596284524,93.76743981357984,37.36138256637727,297.1959051318218,38.57363925122352,69.76206177647865,34.31110986696313,49.240209125694115,119.41094855196131,35.955994069322074,33.69158839954223,35.15043318527512,71.96363333970497,36.484939679966274,49.93346431815127,35.10808508073086,42.265802220631976,54.89757401849676,37.119417114243326,74.40220997188204,61.994748079093405,36.464356703159645,38.75381421133182,34.72107158920234,40.47460395505382,36.75199954237737,35.75364798347388,315.76535704746505,34.815512335450165,37.13196445635912,33.401627939621825,36.69205500977501,34.857673964840934,35.33233562730774,72.74760798577587,38.72139529384772,37.57885323117849,39.413062878193,39.847321902256496,58.06283973261785,37.167781087948725,326.12629113212523,52.0210248863669,38.10537627152723,34.58134827426624,792.8748479613774,34.967746188441474,73.70876381162684,558.0860397824797,34.31230965841475,42.196720788465456,32.855696743458736,39.44804239904313,35.00448410411027,57.810207448823135,34.83281254628509,41.216402092973716,60.890475004299155,51.755090607697106,34.54491881116543,33.430066322061144,36.65224853573168,44.0438743311891,34.13366496595811,47.13825429336913,33.67240334399056,36.16792977140553,37.29521455976942,96.17197048737222,34.382647316151946,41.065125158335746,44.43615027320756,34.2128168248184,33.684299279754136,65.38485437109814,38.4806946762256,36.03896578750901,39.6724272685216,201.8810201763806,34.56572960276244,33.501999642859204,72.01530676907925,33.271622630622595,33.364512800343995,61.05600325901824,42.42177935056704,33.09675131733224,33.867948699395896,33.381956673750814,33.63404510820311,35.05688649173972,48.8173330240137,47.09324792749624,35.53784049626914,33.493268814742734,286.0039129375196,33.72257871791344,88.6057611868206,33.59087953072293,33.53628909945006,35.859813959516885,44.66287603895808,33.77789539740884,33.56130862334867,33.36252940757637,33.171780326863974,33.39300748357189,33.12015988124657,33.88708665718522,33.22319359547964,33.23128986879147,33.28023996903232,44.439253318687925,35.66508169378059,33.43694186385098,33.52319741405166,127.11828526286413,383.0899225814399,33.0004453816646,833.8914527672298,75.27827934207122,55.973407993179606,33.534116132684325,42.54356122781569
None,62.89213296252589,538.6278918348198,46.83578368416936,42.28952288621636,143.55207554437294,58.6387411132141,56.88806028948297,38.47745993274796,34.51494875912975,40.65777227366513,154.14594402538438,33.517164237596965,54.560363182624606,42.3876483357292,40.370168886974774,39.510786547694174,130.63323533554666,1141.3020299144532,40.12349707752429,118.25231198615042,123.10489487488623,34.13854415211958,33.35138988079678,35.02178632379159,34.9832335380352,34.80472134520199,41.01815739076796,66.72804509232753,37.33540492086801,142.15881267299,38.168496058550986,303.7056193441198,34.29696880916248,56.13373956031068,79.77266160432295,35.90644766422626,33.676334576721125,35.11198296936252,70.16915956544865,36.370612486498864,45.88976741277179,35.06562919670338,37.89771279786176,63.177145091728136,36.84954164117377,78.09227976039682,61.09643270771583,36.275239031246535,175.75157864270912,34.69294248787466,40.215866574257696,36.731856615248944,34.95500613923289,243.00214304610267,34.77420414968194,37.066519486872686,33.39189698187405,35.947100133459344,34.831434604718545,34.82286942547173,64.14866423507553,38.511799651295625,36.0989529690992,40.08782273093395,39.58869729432147,56.318331359837245,37.281188675101674,286.99778856965924,84.19849563197269,37.71748922016275,34.566439375302174,1571.9403350395621,34.91563673230868,47.0343176932542,1325.4711645346867,33.74181488240142,41.27658711603845,32.79071709293097,39.13895018375861,40.10658222793441,51.391752169616176,192.5219698625869,40.96065439436725,56.98667031269606,43.83892225265421,34.50001244332464,33.41765870973479,36.51281151250896,42.933790532917435,34.108398161047866,50.66461434083475,33.65597000273659,66.6740284008659,36.933641159754295,65.3139961255726,34.40138835860021,40.639454638312884,43.386465797379344,34.10625010425199,33.67963210940299,63.46556491671648,38.32517230341289,35.13887438633907,48.51848044987744,80.31884789862265,34.529194584801566,33.49008747742457,66.89570823584324,33.263130212875055,33.31378735484532,56.877818502127845,34.389623989766136,33.87376289572414,33.84634656476357,33.38518888926995,33.59110625220698,34.655040195708125,48.7793796663499,52.97599137412468,33.912633908370644,33.449060068860405,111.8967325941068,33.68488218901452,94.15367788775411,33.5748602072484,33.523521458126176,35.77772789810957,43.6712678957525,52.29750623881337,33.545861900236225,33.35237738526145,33.16410913880321,33.3813889750992,33.11227641070076,33.864541354888125,33.21528050388831,33.22337103257805,33.27184611778109,44.01150065934085,35.5490072495218,39.8761663465841,33.50512479728169,80.49028214743494,553.3424754924267,32.99280854591454,104.26948790034923,64.39936907138379,34.67619197149773,33.52211731565827,55.25981505829612
None,40.13511184003245,349.43665881930497,46.33450104561498,41.93923728902558,165.0819661761094,57.925829590916145,55.015530352685225,38.26145569306203,34.49432335898944,115.51106139026001,116.91708338444418,33.50805759389382,53.011702170811795,39.24823430912774,35.66510261687408,37.734743260340466,94.0693581289204,505.1661833803289,39.8897315181804,123.66738204417885,74.41246160774091,34.115833197446015,33.259208098013595,34.97470954847654,55.76670498848542,34.687123044819515,42.95289756946485,49.543205698420365,37.30446221779039,143.75315221399177,37.874383943577755,420.7582189972782,34.283897580769995,50.73297692561132,41.01725530707953,35.866481546321076,33.66194900342699,35.075757658021786,67.47348530297378,36.28940096042769,44.92486786704856,35.025937883634434,36.19095099944109,52.61755674684631,36.21827333093066,68.86304154023424,59.9956523304825,36.10504836356754,183.00725164949085,34.66467733361214,40.19101614944912,39.06871568303108,34.90479690338217,89.7086938846499,34.73957081958143,37.00291773419074,33.38297588043897,35.885769915416816,34.80512901594564,34.76264586775014,58.805695779571636,38.329519417806296,36.158034000993965,40.40246632630529,44.20678098278468,54.861130187145065,37.288795334305895,287.99571011864026,75.19992965880441,37.41978163459517,34.55107417067676,1473.3310278752588,34.869579225694764,37.661427925261656,592.8652923103949,33.72372250799675,49.70144684215967,32.782833873719326,36.154132951613924,40.10822368421236,50.93324372736064,198.0518751603385,46.30723034483953,46.72482263995013,33.37629643766486,34.45633209914307,33.4065938532529,36.39282909853568,34.648059473248175,34.08321485466705,55.02568467169099,33.6417270408919,480.50360101539695,36.60786179384729,83.44503934021813,385.889196885228,40.25164024374917,40.29290415616582,34.07788899255957,33.64503683755414,62.7813100436278,38.15420662917615,34.59995618086201,66.84756688035944,36.03491117630142,34.49732730905237,33.47803597124674,68.36860119125225,33.254839462348926,33.304507133046506,38.95207622970796,33.52434925898664,34.021117746194776,33.8261293659458,37.99187735781275,33.577787980438714,34.632881179785535,48.659401798841,61.84210416900086,33.57705795193728,53.532782778117415,59.52687916637842,33.66936793191709,277.1838610346601,33.558860268453195,33.52953610682705,35.682481709921326,42.73948660653723,48.67693357675779,33.53092311624394,33.34219096665404,33.156428885646164,33.36742079584957,33.104440534404944,33.84371209721632,33.20737955721697,33.215519302886484,50.546122887187394,43.52792826804386,35.462528354922746,39.3630899797069,33.48856771390888,58.4644996686613,571.0769267970792,32.985195651849715,43.8955382217055,34.800020683954656,33.33196089766363,33.50990310235777,54.013525500559304
None,43.507271769350545,97.99582356050327,46.06311790870122,41.584077899025885,150.92127353520186,57.10784541872128,53.70369967848237,38.05122128168306,34.47255490611427,387.73030728438283,48.7518325808836,33.498455391664315,60.617797977492536,49.343622200721356,35.17869729003569,35.532533658022345,41.61618787099493,145.40901266881002,39.69503952680171,117.54346108673893,68.05386449996108,34.09357502726028,33.244431713515375,34.937257944074375,53.47851184599161,34.67563852005086,42.25633014530595,49.85008235612791,37.26454676819945,137.5311098583625,37.71076251567335,282.8977925448925,34.2707868000946,41.08374856567136,35.43121255127177,35.82317097455515,33.64888744955313,35.04122700741107,64.73657175659147,36.240663337381136,44.24244530640721,34.99064511231216,36.14190497813392,41.356582137174186,35.911574521451186,53.466637849701634,58.837716509719456,35.95757501615238,124.6732648812523,34.630058381218845,40.215960065527604,37.55227320343071,34.8804338905648,52.29470872245136,34.71059902033529,36.946961252643966,33.37457022980782,35.819741987010396,177.68019001888334,34.732817062477324,57.848864751806744,38.186268991256384,36.90379974020345,38.896162050145705,41.30155461148807,53.545368361979506,465.1447483311308,268.84043409238024,47.09919107166677,37.153293470956406,34.52960900684811,1050.3519676862443,34.8268830126666,38.45514767669836,66.9943400244462,33.70879064976609,46.457735209767215,32.85083241638345,35.85073119198707,148.37995811248868,51.51984162683507,58.63802793651226,44.55582633412592,43.907356856749956,32.81715688994803,34.420815372860325,33.41122859965269,36.29966467106663,34.14327372375403,34.057716501246915,48.57623511508604,33.628812210433956,397.5912895934195,36.35271074426617,72.89458043419981,1464.9827544520792,39.88416031759253,36.643442460011656,34.03740782200652,33.63262744102993,62.94149612157366,37.97905114452116,34.54085669262398,77.03842177496398,71.23451090337342,143.44792407370812,86.90597545031578,67.753160262763,33.24658055295296,33.294876026413284,34.42326229602108,33.48884557431349,33.127276811341375,33.806425857314885,60.38887048069078,33.56269231366183,34.60777605829827,48.49086157236985,55.768533186979,33.54508790787295,48.59413220067764,48.896556099520424,33.65271339339388,886.8797959480428,33.543206650995046,33.60589701114129,35.579066761852154,41.86632500504493,38.65440125258587,33.51593779546455,33.33210505889617,33.14874404938582,42.480964582005065,33.096624620799076,33.82420404091589,33.19947324421915,33.29836870387658,47.02093515785153,43.05107045434205,62.86749452534605,33.92830201570672,33.47267331016405,38.04686186645026,660.8621995769848,32.97758271023897,36.48717436760315,33.26900799765154,33.30655828902508,34.196981472773025,44.78083494763739
None,50.8356793244952,68.50295808492571,1530.4965590087775,41.225493253995296,123.11863246409149,56.22432854473982,53.22819269041258,37.8725316215008,34.56300571725719,191.65000050730063,42.97254992261606,33.488881110508196,59.81670842593588,41.3196593733758,34.86799596806366,34.42537944636395,39.61456653544696,86.77821478157455,39.56614505784635,108.81904789836399,56.047348271681855,34.072080399980486,38.04959280317846,34.908820251236016,36.325677761393926,34.630627702685516,39.00373954760625,121.74848695473995,37.22127909918499,145.03634675896038,37.64339703690245,167.14415639397632,34.257599549702235,35.5504290083265,35.366334357905934,35.76560080247647,33.637225114451965,35.01167608087096,70.08252206697745,36.2144822681883,43.690150445444985,34.96001599918804,35.71064214746069,40.777562356271844,36.17748562234826,78.08351317275269,57.74463204228882,35.831086427757135,54.222397240441076,34.59235726054259,39.759503153300656,36.66466267872111,34.842991387939314,38.788485478376735,34.684443284284626,245.99005068922023,33.36623728599976,35.75391802780646,103.42472858845963,34.70941337942905,58.75609391926978,38.59210847581325,36.801543439316895,38.73154716145199,39.22582090112743,52.35173000057002,903.6642344660507,173.9125400903399,43.281425865126316,36.88111439959554,34.503393315275176,1416.6650269674765,34.783930130861414,108.742494582932,42.71596701426025,33.694117613925194,34.41445525880856,32.87363691416589,35.688804392784036,378.44536820947786,45.91918434766881,35.687416851663485,97.08380711702904,44.197879866946145,32.80471751145956,34.38612197001746,33.46403336913704,36.28125596444536,34.125845284750284,34.03363022102545,36.547434942424296,33.61550960943754,58.065972795508216,36.14947590108161,56.69518692884692,1257.0405408491656,39.55945455536709,35.84889184325048,33.9926468693571,33.620282539099286,63.37643853225065,37.807396607900046,34.50223283400357,65.05559338178149,57.904630705622,250.33199919056682,77.05416415283463,64.36922944744883,33.23829826302496,33.2850782638218,33.985447066404326,33.47971099691921,82.45391189221019,33.786299070121856,48.422412221456064,33.545905054338505,34.58413652538484,48.2718520551095,40.972533996785955,33.5340477853953,34.143068118445605,38.2120966086934,33.63488652958455,592.3530377568183,33.52859672378631,33.600533885620244,35.474603143106904,41.064747889438244,344.8480153654158,33.50052785709434,33.32243292615393,33.141065183579556,40.3438679236939,33.08881801996632,33.804421858174074,33.191602453638986,33.33361477962302,33.92790490375957,73.3755514485203,56.97698744241939,33.40625803257174,33.45706404956101,37.19047743491184,343.63102182538046,32.96997380803106,119.14603573474085,33.25570134961886,33.296623853715595,33.756072167896626,56.721366352481134
None,43.52374445579103,74.82725161201361,3130.6922312806737,40.88264356501886,121.03352952112041,55.507402015631655,53.152056162843074,37.75174533582687,35.451540058562564,58.29135120837536,40.01026264925975,33.47975723237216,50.77956872737752,37.861462703287756,34.76668658548063,34.354985013468564,38.483107608281905,100.48766167622958,39.47166233266008,106.39126634624756,44.27002613661255,34.052661862298955,336.46005893765704,34.88760832408401,35.23708712185235,36.022474432613784,38.79240498012753,108.76442973762924,37.181790304930956,590.5172196554789,37.49264024185043,93.51101106761436,34.24455253526396,35.08984779037535,37.00937065532575,35.71661834566702,33.626581555229755,34.98293126291744,71.47238488486194,36.230054783499604,43.24513936201986,39.628941404147284,35.52267988118668,41.343945215970955,36.14942495341925,69.20848466494006,56.689082864098474,121.72519041202558,169.02205075257626,39.27013374698893,39.428995181968034,36.59034313501455,34.79629042790552,35.31574301374224,34.65945423469762,145.78912127746392,33.35770458260248,35.69903566188861,38.50927178613161,51.21905602877496,110.20056172007212,38.683343432171256,36.46655049759463,38.64101858527457,38.99160294742945,51.23803648302057,505.5153441090619,143.54704853936818,42.95875177875638,36.60037156716074,34.472828895830716,1450.3328639595443,34.74233943179539,105.7381683301125,187.4340428861672,33.67953897903098,33.75500728967919,32.766856781374955,35.53590552001987,266.84733611075194,110.37940837542128,33.54673921185327,741.8464300364177,42.52510070392832,32.79712382637933,34.35533329748047,33.45628233430823,43.79611155277875,34.128671959375076,34.01403203616426,35.07417984962817,33.60124487716539,38.88065588341867,35.965300974491726,56.402511046470565,451.9613853898743,39.30132467870611,33.740154861983854,33.951058160216625,33.605750323795114,65.13683768865634,37.63504784886672,34.466275548075146,55.71266126232683,36.47846956510404,139.02798397765207,35.7144981307258,56.56307592117177,33.23000565916057,33.2753775672028,33.9519826245031,33.46949298764627,72.4050125904153,33.76615829820501,60.00976607578708,33.528299622184065,34.563846349483015,48.008238013170484,38.54306295475181,33.523734309141695,33.407405933120465,35.8535920971585,34.930587496570816,97.44296077843056,33.51675498850011,33.8580294901169,35.372352761667955,40.36581680897101,306.71245379206744,33.485559070336336,33.313114817065824,33.13339737599675,33.72152889444554,33.08106529625728,33.78455506517723,33.1837714831923,33.199917914763,33.240570360462605,60.75631641060522,45.18439241181951,33.379812114368285,33.44142578567231,36.06477579596659,96.27005850993484,32.96237237232583,112.94019078030142,33.247230405587025,33.287098975577315,33.569071031314515,42.96295238740026
None,36.63663069532935,75.05495425150778,1729.3922996208444,40.59355888277306,121.0793589306142,55.21472061888156,52.956638317649954,37.67937782889325,40.23421647434602,62.44949306663801,36.74132562378009,33.470714422114355,49.580776867310725,36.78500747110514,34.75022967655753,34.33992983976147,35.92239203517352,164.1339374090716,39.360488440447064,105.78740038257321,47.49700729174263,34.036448395510185,653.2414914919449,34.87179684018035,38.23179226038947,36.057477489832586,38.7633382073419,475.79027020370904,37.14466818392343,1608.7002921396372,37.32154994387675,70.76244530069758,34.23200520712642,34.75724565603127,37.31628364189692,35.675229229095976,33.61619384001474,34.95054316448133,67.8770123119773,62.119397720215034,42.85141990451633,38.41719115630442,35.48779021932165,42.72265387079836,35.728819721186056,48.72870273923067,55.56402022849447,423.07286016895483,156.23571502694418,247.3088275451045,39.261298712291605,36.54099386404849,34.75101616486033,33.271898527061694,45.26008204535053,56.008739283292286,33.34863720995769,35.65661728178637,35.38124876232647,46.73847369429404,151.5231210993124,37.988210927012574,37.31284003794038,38.49321740328956,284.38602911801115,50.13000016874464,65.10089713665603,130.4582582582305,42.631777216275054,36.33222495744554,34.439268673288346,536.4518752531782,34.70532100892645,52.92373358430965,166.83907216105274,33.66459676497313,33.66185530027609,34.041072065270015,48.9062161046176,84.48681140324683,97.79359041309843,33.457033926014184,736.357765145155,41.08484683094873,32.7895078919696,34.334884489175444,33.37285715195271,40.1623652786775,168.6003433751152,33.99891875240496,34.961702995194585,33.5863948784178,67.54038974679291,35.80050984107903,51.73406754476977,181.45063477629986,39.095345757916775,33.6123494818051,33.91586295208152,33.58949087362259,67.04558881995828,37.460868652628776,42.252257382763794,45.32001819858901,33.635669573392285,40.90384950494335,33.44597970187859,49.59575575477479,33.221729442128904,33.26578976550446,33.93176283503355,33.45794001543004,35.09535806862154,33.74582232219405,52.698914010545074,33.51116531256829,34.5419164191486,47.722442612670285,62.66560626164495,33.51358904239448,33.394222616116124,34.572153063333765,35.06265986269873,73.6299342200292,33.505945934744574,34.01409372219626,64.2520468826235,39.80188386918815,48.43679245420257,33.471879293337736,33.303881568320485,33.12574010131901,33.32835741174486,33.073633533244184,33.76671008746701,34.33044390273087,33.1834010039797,33.23070349205426,44.29775326429142,42.23304010117304,33.36864532967863,33.42591606383328,34.78785679718739,81.01416909725623,32.95477593523134,176.19591392799538,33.239038956744345,39.746856568326905,33.46861635620776,34.95456759475154
None,35.30190366589989,64.88589636650605,309.69716423159343,40.35226201318545,118.45242651675487,54.89425718942424,52.625994636879646,37.623549579248746,88.01962674904522,748.8743748398123,35.63485999461509,33.46144827086691,48.95526207710434,36.765301170878466,34.73957132585773,34.32367487585856,36.495601609103694,178.09520645947273,341.2668641149959,104.05162641577866,51.98228614789057,69.70817530978232,351.51914895611435,41.165286949914716,39.82758476372194,35.87236515445607,38.736509020665686,1121.524481829532,620.9778682734056,1462.3774260609741,37.172754982221704,70.4464821236961,52.89422217253096,34.71392709197045,35.643715451066825,35.64587476907139,33.60462862467477,34.92391996603206,63.838442799206476,63.94369156860986,42.49463051962429,35.26164649817938,35.46202246608308,42.539640307031505,35.66824213715921,45.311417284977395,54.43195526236331,741.2012385338011,103.89970188013703,144.74860629212372,39.09207335700953,36.498819929069036,34.713799568802884,33.14198702572854,42.7546537950089,55.14993481841621,33.33914663405764,68.79943698318488,35.2884258760203,35.25922841205176,120.3904855930406,37.88522305891564,36.932522239100145,38.29625336578268,609.4334280934647,49.036799410830575,37.98813473320653,125.58131859835244,41.62370821636353,36.0930270475113,48.58918503884244,130.73132651050696,34.67249138885067,65.92025264421201,62.24917058726303,33.649536880421394,33.64978637928,35.16279882816052,55.64312837685209,60.889732683357785,43.22719616417345,33.57969690377269,192.7853399894087,40.523348767320044,32.78185028837389,34.322026841281584,33.35913689000251,36.32838810826658,149.06107010585526,33.98478359161113,34.89764216039275,33.572160199647065,70.34834933020946,35.63618301933574,46.58482085815105,125.70365316178864,40.83944836585483,53.133464250328075,33.892502642988426,33.57250226624258,69.01833715516797,37.294544607795295,40.86407223976585,41.00712884529784,33.47405318243557,35.29730865771466,33.42828957339185,66.20825587854888,33.213489571292875,33.25630589976407,33.91169804420712,33.44604302409688,33.050040746712874,33.72456789117734,35.52069049125903,33.495088228975355,34.51657054249152,47.43958768701995,120.23645938227912,33.50277786772795,33.383024768572945,35.02961590997533,33.6850949223199,50.96162235708151,33.76320632041672,34.271167100429075,234.21635764703979,39.3487000069499,33.70002171938386,33.459210188130605,33.29708248687015,33.1180910924878,33.31322293868224,33.066146996693675,33.75157894054682,34.488834349358456,33.175025441510556,33.22275560819206,43.71677442384815,35.54678688829583,33.35753322939579,86.39440442002936,33.28748925477628,80.03394700974201,32.947179100571155,115.88136604932421,33.23068291604518,37.59234256727254,333.29460787042734,42.98915491073185
None,34.528042965553674,56.38586086099214,144.4689415825094,40.12882062833473,117.66365062155238,53.93320747566082,51.50672805761543,37.570913886888036,122.71846377819902,1975.675275380236,35.5363391338988,231.68371055035226,48.34379548316276,39.707777721175106,34.72916410112302,57.929307833776605,34.629021808505094,528.259408525076,244.6489004299105,102.27103447953944,49.668130640670526,61.88786973070357,121.35543035710985,64.44260875045357,36.485090732803314,35.554937964101704,38.703481481273116,548.1097485867881,1225.06763709685,514.8585525151265,37.00257011145742,183.60701332672932,50.78247897487547,34.689570013833325,34.851283953500406,60.83318438590682,33.59071418544539,34.89673497199096,59.788615643228475,51.32006692768189,42.18564700394445,244.51989805646323,35.43633553829552,39.74922980405293,35.63560286489733,44.93789775015953,53.38195002202846,309.58674639701604,84.09746091852263,46.42421881159304,38.874525960148354,36.464163679363345,34.680263198183354,33.33320438521412,35.35305837892803,50.1289088050735,33.32977690596101,576.1134161200289,34.76585057296737,34.62913460696221,51.058887082731076,37.822546779022105,56.59718854132825,38.08508131508345,340.4965821394371,196.62921570378796,37.541100740423424,119.49138680797718,40.93267228111364,35.89270398250416,45.59529420589597,106.48818050088171,34.64206800367943,64.65945491387235,46.35135812240456,33.63500534776369,33.64307042121272,34.11932939571772,48.55009624430186,78.45115628057796,41.36910868621633,36.2021332114084,50.61869043095953,168.56258031530584,32.77418308473696,34.31155146894494,33.349830727742244,36.03122476069424,52.82154465808034,33.96932335651729,34.83911709716714,33.55982129154358,48.301923077388885,35.471368769551226,42.61799113586487,74.8699946805061,41.79631124442448,46.501313530750345,33.88380490432818,33.555955922540214,70.79967536582504,37.13934678004751,40.84244283066401,38.90750506401567,86.73672960743464,34.432950351531574,33.41849998459569,63.671630975222385,33.20525920707346,43.091688407752365,33.890944271307376,33.43496645952085,33.03289196175316,33.70313091043212,33.394824025641626,33.479943392948925,34.490012924623976,47.172414121812785,101.60258333639685,33.492043731390616,33.372213985433,34.45600577153693,33.583221284864194,37.4767423523425,33.87574513609185,46.57778430362776,220.55643611938572,38.969284823551135,37.62468647028695,33.44727102043297,38.660631303164365,33.110441685926034,33.30210204361949,33.058012902214806,33.737380538646,41.60490306942066,33.16657811816689,33.214818684358846,42.22684873409827,35.18851346995665,62.615361260011994,72.97750878362056,33.18319328538836,78.97500600967524,32.939581104188264,41.877670305784015,33.22225951430135,33.47742753852704,256.26570665753724,48.83508239914851
None,34.78508112749501,48.26480042317086,165.4392423588111,39.91740462983599,117.07773680658687,56.31012976475454,50.323129814508476,37.517408754522855,98.1934122427518,949.7923326039728,35.49734390622845,349.6052116144491,47.66601068027995,43.76405296566022,34.71876335211806,52.1231660794846,33.47930037198004,818.8823312018113,53.760849011364385,105.69028317957216,48.504664197994956,35.815844451853316,72.41579077553628,77.21625567354201,34.84289589142925,35.18106354546679,38.66495164903665,91.55156273946535,762.1581422317546,563.7740636719421,36.81893514829597,124.08492786861281,40.632508856088684,34.66545932684117,34.790948185929324,208.19722286517518,33.575292233420555,35.270597337545965,56.93829689668397,40.394872423016174,41.90172068540213,183.81411301826918,35.40973666060043,38.633946040579076,35.602430133211925,44.594780609859285,52.35739743607964,73.19992844878307,62.498051905039404,44.1106811573566,38.669904034519895,36.44535148225142,34.641432936636065,33.42476783600043,34.57312790592187,42.63077559881712,33.32073530622279,1520.765163895038,35.242633360320724,42.36707342329153,38.649086446217616,37.75734200491187,50.61529973464978,37.86930412463908,60.13731427212856,130.40525429066471,37.62818430968738,112.90737108682778,40.34720828799883,35.723251477927384,34.92432601186833,76.95267338521414,34.61325045500712,46.617112762713404,43.80977741621312,33.62010998868989,46.03371837304324,32.984950809484744,36.63735187170351,74.50956311115668,40.37450572743272,34.98308203284215,44.85301115474639,227.5036803017797,32.76654386292653,34.30107095851595,33.3407081942836,35.9663953234196,44.192069383097476,33.954047711883376,34.77794654401294,33.5490944801779,36.96468850767752,35.32075421319124,40.87129184781011,87.38004508172884,38.85181961921821,34.20509911958395,33.879072738687825,33.54012476437664,71.94802026685994,36.990217707914326,38.05622510027785,38.713973359102724,84.97940779000416,34.3473248711435,33.42043551688364,54.33215810475927,33.19704304266074,40.21915819998779,33.87045184773708,33.42508912618539,33.0249792603347,33.683164507417935,33.299001186919945,33.46537899630849,34.463333244429656,46.91262619768357,47.989582320231655,33.482534041512274,33.361881111220015,33.89415463599166,33.57046928010366,33.7943995081407,33.49635780482847,44.31975328655328,45.51998246593615,38.595499205965524,41.412721649930695,37.157986051450216,100.31925759561877,33.10278372724683,33.296758216304234,33.06735553014278,33.72192244358077,45.53589455910471,33.158153495226195,33.206885863818314,41.7669922600778,35.16531328095464,256.4298249595007,35.813729330041234,33.17892585222933,69.66495719101789,32.931982978765305,36.569659986214965,33.214011029153106,33.2531328863619,102.6829272640164,36.70581989526185
None,35.4748948369387,39.76416931960046,149.12111409307605,39.720373473536455,117.21794090839182,54.146332677445784,50.0235858590099,40.83294278838101,62.746231880626965,136.14595137645134,352.19125548568184,134.363753985087,47.55344285045703,44.572213831370966,34.708154377342034,44.454053176183145,59.51315919321237,1930.4349588456373,39.931865377030896,126.45748212857883,46.37805774999957,34.017443778557464,46.365850518784725,67.0576336262161,34.7414940401526,34.55644790952226,38.62713190839644,48.666286539776614,543.3256827010064,1052.726516128405,36.65565288056187,67.83317060756181,34.794812787698085,34.642477050390205,34.771493450829574,173.202408616265,33.56006478675217,35.123727265858896,54.01110652358241,43.91384212311333,41.63828944706017,87.45970097895683,35.38264554185348,38.47627363192621,35.56974424528885,44.11131108350386,51.50131879344966,74.77775510442035,52.11007388989988,50.25828828765165,38.51268596595054,80.02828321154075,34.596226956959526,33.13976583889454,34.53963203016472,64.37488828168557,33.31204884774806,2264.8896948748684,78.25653174262014,46.53944626078757,34.542285101435944,37.69275318825538,35.52394933335285,37.65971565301545,42.98470607429065,54.817737810923866,37.69929938273749,105.43208013914308,39.82919024464498,35.5775135568714,34.31541247677061,57.38916061486544,34.58462316280611,91.76681810673917,43.60574720296031,33.603980597715,42.720825016279534,32.73726517072314,35.30478938419479,60.579626257398914,38.63844529949361,33.490184033300274,43.41021695116791,116.87307488716353,32.7589525152935,34.289918090741914,46.943468510701706,35.89568497734458,36.525405551856934,42.71337989891336,34.714749927999875,33.538336883171695,36.460604143766886,35.257484897090684,40.245209323303506,104.0727410256172,39.060408165533964,33.569957443390464,57.97887437914439,33.525134182346484,72.82099126579025,36.847237707109215,34.519834902582694,55.773771651903836,91.02451848959663,207.2893677915843,33.41710715727246,335.46748627735275,33.188927721480496,33.748840498557925,33.85209325604686,33.415948673574675,33.01688560133026,33.66511731332416,44.050617731258605,33.451119453899125,44.56963648168498,46.656148566896846,40.5605644869522,33.473840203110235,33.35220813507777,33.17875450795154,33.558346532062544,33.605332500217045,33.459783224614604,534.5096775948166,138.14095404100462,38.157575409018214,36.19480965378918,34.56667017656353,94.02613355724745,33.09512073536816,33.289500703220035,33.06856669944849,33.70463829529944,46.053254969517724,33.149783017547804,33.19894000747445,41.55375629260382,35.11276756329235,1122.6360706730666,50.72336397180076,33.264851697807465,51.632578901987216,32.92438439933759,35.31238213203748,33.205819368035634,33.243922542552674,291.4659835518712,34.55661973110414
None,35.564873625327955,38.59948736454161,108.94426009128492,39.53696761061183,497.5309802852673,50.93781697997117,49.51101885397857,237.52300990319736,57.26540787757413,59.04874174813712,247.07072775137462,52.25138659875853,47.89704413882066,42.5902499421299,34.697389993366706,39.545008677302725,56.97696848071308,1499.3482180231936,39.087907384271396,114.10599324687605,62.13185416923646,33.99191414996581,48.71615421041781,57.03816947171542,34.713153200704234,34.50815305741875,38.58925459534268,43.91176604902663,1044.6760294436083,705.0701432519002,36.5449987138965,75.14467192357094,59.872530605929896,34.621584116402374,34.753047381581844,58.679421420997826,33.54575650378905,34.833928351897164,51.71741434518866,43.94858255504794,41.39187190850753,62.319794488551075,308.7003954293394,38.382462009100216,35.536216479828404,43.648903853142386,50.66706794896815,70.88137498748816,44.374814097409,64.81123427105953,38.3778065564565,59.165420024800866,34.550138690474526,345.40791279043884,34.523886355997995,47.96763482924279,37.29127070844483,1825.7650548866684,65.61367735625616,77.767424914044,34.81407038300302,37.63867276371171,34.75422072238153,113.57282028777472,44.96671300913149,47.68239648436743,37.7521751141464,102.47850881058932,39.3755199908227,35.461709302607005,34.28215816494631,53.36978884484129,36.41298784685849,78.8894437285858,43.473972340663316,33.58709377202944,34.20765301723918,32.71566296779036,35.234168759905316,46.35984172998308,205.9563539880029,33.412115239669106,42.63882216205385,59.65079102581117,33.58323760332079,34.27830893960861,42.67706517183761,35.82863228844297,111.77283212992077,39.316864903588815,34.661550298839664,34.52457355310254,56.113838911422825,42.33839219661199,544.9169370199793,88.33517002610455,39.036155487779496,33.55678011075605,45.784643539121355,33.51152316111664,71.60694053810336,36.71206468768617,34.32204746983963,263.7118880851455,67.2278860321905,202.0262031165487,33.391259453846864,1210.4727345548006,33.18094525305265,58.098442482826265,33.83609749281,35.97184337057836,33.00864157277592,33.64833287652647,38.065478848899566,33.437315547173576,44.83135100935018,46.401780526365,39.43883955847856,33.465197159478784,33.343170021068026,33.12773963275037,33.546912031630036,34.02789472679738,33.446329587814624,1448.7988248407046,102.9714779896938,39.307847713035905,33.763275469598945,33.449048866563004,72.47155510326701,33.08746076221286,33.27089858227205,33.036958755589964,33.687274505867656,39.98879808850156,33.14146690176658,33.30244094643738,41.76470343681642,35.07049570964297,1285.1992652153085,44.537623606196405,33.57228775877634,45.23064576917609,32.92976395098016,66.51075950641193,33.19735416789394,33.235511004140875,309.26960050889284,34.475467872851645
None,35.139489847424755,88.43109158761868,90.12432829666656,39.3770769452401,492.12082867732596,50.381430018964394,51.66386594326308,149.0767281813708,42.40560022008938,58.69366452237296,47.24998583620498,107.36561728116621,47.961072556695434,40.77359177043015,49.9933613609826,256.9568226147031,42.80894210933226,353.2721189965625,39.04221908294718,100.88725626063344,52.2261082678693,33.987476597257384,49.629563245824734,50.39881165833154,34.689045280142324,34.496207226552386,38.54949676548567,40.674706985230884,562.7701826711982,772.1807794390756,36.4833227533526,92.58368228815655,62.164723072982156,34.618358340841645,96.65695497344451,46.04281087921136,33.532569415352626,34.79744010699272,50.21888162962252,40.51183942408617,41.1614653348695,73.286426781465,569.1620789518353,38.290587665090044,35.4998790058291,46.8083235933771,49.913677797780466,132.8185165472997,43.486333266138345,66.07407654205795,38.24562287269804,37.29898891765282,34.506176352221516,602.5172455944444,34.47196533496058,37.596982900491035,44.05329174111999,424.69651086327985,46.55603859403485,55.27564632972608,34.34311765036213,65.06453462836724,34.719266866671745,95.36974960373254,48.391197741655425,47.238785311596644,37.79431222810648,139.95391743705386,38.97235267031864,35.3871627969358,34.25449881074186,50.74814660854742,49.21904778738145,52.05509065038829,43.51872737428816,33.570078062315396,33.628605987171696,32.70804401382539,35.19720530561069,41.858515530958464,160.0654792858799,33.403546426262274,42.44931232965875,51.09841255322334,37.289496013696905,34.26978616495827,33.79522635817137,42.12454297040954,270.42537214376756,39.05761603553734,34.6225635814644,46.6610568881271,60.4121490708597,41.1972584336433,890.9563313107635,69.61026547080473,38.269484662711115,33.56101513367336,35.566252186719325,33.49911573219657,69.44541983444446,36.58446325767964,34.29503281275898,215.6310926376812,44.080914753696746,52.96417079771595,177.20758752612988,1385.906834971087,33.173049316933195,53.74812797746972,33.821829884626595,35.3606526957334,33.00043560704434,33.632042003165125,44.107025609139654,33.4241114711106,37.02016088242651,46.14081838934936,38.256226561054284,38.571700057768936,33.33440263707793,33.12124789833259,33.53652758386955,36.4493611208503,33.43276486151317,1660.2844905160073,42.0279049948265,124.16266671167344,33.62705495734716,33.40505310760574,41.309483874099776,33.07981003455139,33.26038978229545,33.05142773856786,33.67205241426168,33.818038827931645,76.16836647213748,46.869845502830536,41.32754773942249,35.04025363190739,428.4383463376242,33.85802727558528,33.5689780052375,38.53503054010528,32.92935282269169,45.51573236583615,33.1885462947778,58.6841290200362,147.47373425321769,34.37324023386031
None,34.66984160910514,53.947917683432074,91.55180497133972,39.25940923109021,350.8874243726243,49.96348906565387,50.1182455174682,49.29624616375961,53.382813652402035,57.3624828690085,36.70816285205743,198.85618679853573,48.08858114984875,38.81440537767681,46.635701274911725,139.1780396133764,34.850881671053855,104.99595238767999,67.01981912147122,103.39370854369578,110.25558482982866,33.950321081067145,46.51270754216527,58.046924454332476,34.66555200839477,34.48337888637729,38.511276573646434,494.42784471456656,138.6000752019339,393.6348690836537,36.443992096297116,105.12958769338671,54.67814858407575,34.608053477512286,76.92746886005703,56.841854291962434,33.52016637268845,34.77075570479152,153.02367233579625,40.438265147049314,40.94396372161325,77.86165664792094,219.62197784832162,38.195868927374896,35.462128856140275,44.71338457882877,49.31588754612314,857.3381599370941,43.874870794194834,49.02379601338289,38.11430199552798,36.29177812392753,34.46210771333315,474.9226067170933,34.450064950680044,36.624607307589606,43.99327957425002,84.59659799700316,44.903085393241035,35.79418120613783,33.59477870819336,69.21708050669116,34.68393249733685,42.31745822835881,54.65319454059699,46.137369370664,37.83153810577754,370.0236599466482,38.614006581841785,83.15782814888716,34.22960358129658,47.45318352681689,62.498885586274255,42.96223453678292,43.57885415750586,33.5540381457238,33.611311566106856,32.962498538282105,35.15225041912531,49.73484994166922,46.20165750251454,33.394850461489895,42.24204973221725,43.894127216078886,36.1979897358094,34.89461609319968,33.31042234520828,38.91404662297181,147.1283482501421,37.8021334565213,34.594095709067176,53.059665496944746,45.091433640295364,49.57741897030466,1880.2062894021308,62.86595341603901,38.12119802936721,33.55416420362581,33.92371135375403,33.48685955909028,70.5514119077568,36.46801617858728,34.26845459582633,67.89071477559932,37.710327459394286,36.62965763908149,131.9388938071854,519.2555257426712,73.36599164540091,36.78757504568407,33.80804530822543,33.4824804319914,32.992388245742816,33.61536863277557,40.92927899630911,33.411661683099396,34.52988546951507,45.86729339484104,323.7343949591326,36.838351355633904,33.32573769792084,33.11483273184041,33.52734769780601,37.13197380860949,33.45680478506505,959.6642989161056,36.53626121161064,80.62392507254481,33.622495165151506,33.39629038842753,71.27172853902566,33.072171215634874,33.2512021947737,33.054750734090625,33.66000673477715,33.155319609432226,70.86544198519356,44.563136212556756,41.10722819054646,35.011516273851626,80.53655679572363,33.35122669300789,33.18525369804377,34.35592320778325,32.902923602763636,34.94000436249647,33.179759419301554,652.8258574614323,87.20991594576807,34.346766851277664
None,34.408485211692884,42.755392459565776,82.60958305833779,39.18434148015285,1174.834766530124,49.488845333615615,195.07496407909667,40.79829561069176,44.80427441431487,57.6873689715336,36.2225199710937,109.50966736495977,48.229626731181796,36.566939553908576,68.42288757658375,44.77106605032242,34.474266954982646,94.47580146246305,156.2939409058746,110.59011718975023,302.5429630168741,33.93916539235174,42.212367265406726,58.07406248699464,34.639490979568016,34.46909453836057,38.473622477593004,1184.4759853745595,142.9000665910111,134.5274677698518,36.420237553646295,118.10923134055895,43.10228459879655,34.57454752406522,55.98543370956843,65.15468585008027,33.507790677355224,34.74398801536749,342.51581351803014,40.946764566189096,40.73473648973295,82.53561838863732,60.900129856563865,38.10147571630675,35.427133235682824,93.67838893357373,48.45896829416139,639.2281332556435,124.77935083845495,43.71501396443041,42.3642887378934,36.25579023353004,34.416464950944516,199.19009551349654,34.42918222461193,43.83259521872407,44.17140039269395,109.06183272699205,37.408326302390115,35.36357667333683,61.07152315049297,41.4788547516608,36.612873585802014,37.57816162532685,58.42488299282913,84.73239688790612,37.86566973412639,464.56263259052366,38.29955661580675,62.068501152226496,34.208417579207946,76.75523841699119,206.13741777322483,213.84272162057468,43.36151136479064,33.54027164532459,33.602169097626124,33.02059369688276,35.137212304087555,48.85361027509159,38.632651615117325,33.385831610824056,42.041202392475654,43.370441040297955,33.21081762072095,34.687711806108105,33.29738284099912,36.01375284661327,50.359541615042104,34.08778614794516,39.9789560403221,52.38863373592896,122.27601211877531,45.13810831228637,1246.2381506783431,53.2657854897694,39.384668594576006,33.525735333591925,33.81338316275728,33.474393537243984,69.00817270590399,36.369667702493906,34.243096352058885,58.99620284070762,39.21127424281091,310.2731283745416,40.077012779967276,102.20057425550364,364.3207985181702,33.38515124070514,33.794242263874786,33.379737367686126,32.98447065111769,33.59850013466088,33.663844490811755,33.40021045145905,35.60972820474202,45.58455546574421,1133.3990599307233,33.666380232828104,33.31722593514341,33.108210811158145,33.518692351172994,33.911395743537824,33.4656262367415,315.2402498242912,35.896621360340006,39.048792618723,33.616960574365066,33.38788632435492,83.12479322279816,33.0645422477696,33.242673572158594,33.01440481832701,33.650261758805996,33.11509018287045,35.10747379461506,36.00711473513576,41.02354440241805,34.9796665225274,69.87143654053409,33.33974826258848,44.43570352777422,34.139361367254764,32.894056104925106,40.434749296639616,33.17132804967823,1716.4047476249937,89.51557347418598,34.32469157633101
None,34.38262505648479,40.10533947171146,77.55159702336317,39.134589124085494,674.400771993037,48.96256637571687,112.98319682273716,40.6108978267078,36.882004747539675,58.950193182353885,35.43325135300413,55.04949158822855,48.24971294313494,35.55630215574296,64.64017339858057,41.02385739496304,33.90393980687748,107.79558244794556,119.24637319848459,115.32592300717522,181.17128970338607,262.054633418606,37.7371371175007,52.72639161866685,34.6123818636613,34.452305923519766,38.43688191741582,1363.0969031890256,118.87238178877676,137.17480376753315,36.38914430942789,151.25453142753773,40.55336625602187,34.56217809681759,50.445893671438114,67.10979699144366,33.495331750821165,34.719119641252604,201.54799193878503,38.36726379248864,40.53592153876617,73.96701968967416,53.55189533264611,38.01125312970857,75.30594826940408,351.22965553932863,48.021620304492934,195.72262195795872,595.0182220554693,40.88363817137146,44.126180673170026,36.22090014792668,57.022177058317794,84.19686310227527,34.406592754987514,39.8671438900816,41.95846274901619,124.74875799761158,34.92355924903385,41.095196556761714,54.665690247146756,37.63422093603518,42.816095680609116,38.2482708338336,53.8219371748963,66.46377375011308,37.891565108231475,278.9369459375056,38.02442851144029,36.4642692003025,34.19217419408688,56.48306166231667,611.4097151761688,171.0963103560521,43.320236367761915,49.09100324557995,33.73250333030749,49.977095264138256,35.11454499585829,41.24179646174965,46.643995059096454,63.6290590284675,60.24120582772883,44.71954061975004,32.759414185480445,34.468877360860546,33.28756377406866,35.729173719805225,43.0290069135131,33.871782022960325,57.48301302832107,43.54341319199385,487.9306629454474,188.6313701642725,244.76247909512298,174.80512575754102,181.56031701035886,33.514487552484,33.79449401092759,33.462012213004996,65.3677154007886,36.29043760744165,34.21827991546058,51.698811236640694,47.76818911718234,209.31327743509257,35.67639553916872,120.43028954236212,337.66395319506285,33.188892556557214,33.78141952514905,33.37023425314233,44.81606628735672,33.58311985194612,33.252261305968645,33.38974532331979,34.991270145453576,45.30859581866321,681.5629046987926,33.434535926117576,33.308821592973125,33.101328889842165,33.509630343755404,33.66296928093748,33.4045137545108,73.31504819009761,767.5454078807019,37.07992156794345,33.61205941043325,33.379348345069666,69.44104390894232,33.056927069371085,33.23445015271595,33.00456264332957,33.64129193845825,33.108490379717644,33.117294774199216,33.519769787293676,40.94484554644191,34.94368136598412,78.22566674529014,33.329444122259595,40.75699450870654,34.05668411569449,32.88646149269857,39.59043810158823,33.16319765381723,1487.161316660628,65.53967600986353,34.29947170166756
None,34.37239073151149,497.71034786401367,97.55281370889202,39.0948341882257,228.2746671312545,48.510206687946436,50.29898434886466,78.97410765991305,36.625893544179704,100.48632679508344,35.367896586841084,94.63230730862949,48.297726445228605,38.777801941808974,46.37869019741704,41.81546716806327,33.82721021026015,82.9427310470494,89.35586363387205,114.31928778950241,75.48994848609188,170.00261934805903,36.81768082313268,49.94235686737718,34.5872485770592,34.44361900878891,38.40063657672997,657.5813671377285,88.49833429421403,182.99826256803303,36.33968378879082,110.15861745498532,39.0813353458235,43.603419740102616,155.7627583291534,57.977020366144956,33.483598895764125,34.69323796159637,62.8871905092381,63.405192815191256,40.348585970349625,51.59038117980585,62.4558625560118,72.5931853697421,462.78367263991015,799.4373089770918,47.6703687090311,383.5230390426252,963.4280700066763,46.114702939163706,38.18950561505231,36.18381012127017,101.74606871756613,84.41196851570525,34.38302275704468,36.63214497115249,40.5789019388434,128.94054389996214,34.6253666754048,39.72507384422219,39.61484956882667,37.45246771235677,38.16213309957218,38.175484530800865,566.0460682128169,46.570718147122776,37.90755674248157,174.63888195276485,37.77239768167101,35.227584598042704,34.17934181911219,50.38623895375099,538.9411831265871,61.23531466430497,43.278216621600905,45.564798791810176,37.77150577289109,43.182548978535976,179.8619728540445,37.372857215024396,47.19751699721817,46.24034855002561,56.49220763522863,43.662825002977534,32.71483324832408,34.238220464057115,33.27790321575418,40.50586925667452,36.76861240558049,33.85579790478387,440.22610486932007,44.155526205379246,1021.3879831626933,139.4061059517675,366.08225671628486,155.48989417122908,513.4494981973846,33.50574339784572,33.77864424106289,33.44972489306959,69.19553790336481,36.22910050722807,34.192128643623036,42.748780750853854,47.688102438680836,46.915509709829436,35.26584548260653,170.1218823414239,113.5031952951846,33.17838912788177,33.77017308538569,33.360396593510515,40.94950681783742,305.88737270934007,33.24068077815838,33.38005011156095,34.83940334117968,63.91185513835097,93.40126177747663,55.38916531299464,33.3005020984508,33.31614687798242,33.499650795764424,33.66542439898365,33.3927931796617,49.20968982860769,1386.894558079354,283.097688038498,33.60828443298026,33.37050142025982,43.668358972365326,33.049342790482676,33.226192502011784,32.99685759449725,33.632266610649694,33.101822305207605,33.101728203133014,33.35074262747166,40.84668403008789,34.90773816080067,85.53806572185691,33.319747760062796,33.49202165870272,34.064432123009055,32.878874700809114,40.67770170874601,33.15518019883856,772.0165083526872,41.492938680324976,34.2726670919332
None,34.36074885640836,422.4863283733852,80.86437650820795,39.060819550684926,174.06778995682194,48.07223415727894,46.25839936674243,95.46450717896192,79.99793383292338,125.03023626676737,35.353708364006906,97.13612433653105,58.123445036805656,39.44634113018047,46.48381023109389,48.531151376216364,33.28789418814834,59.52229349922763,72.4816019615543,121.23012393309251,93.66189036413887,55.44376757571422,38.522168833225344,46.141501018929226,34.567845886065285,67.4188294472979,38.361313343775755,242.9935318504405,77.61095313911574,239.18455001918102,36.306800591287114,72.25205486973056,34.92935016874018,57.21485136562624,281.54983713004486,63.7365674825513,33.473130840345895,34.66560718380005,59.00449886130878,136.94219497504324,40.2030346048958,44.4890275227349,118.94490013349701,277.43504214929857,426.1508127165283,362.2679082697175,47.35176597758035,423.02651790534975,485.804552431136,38.42221108114936,37.73831853384321,36.13838577132538,82.05609389386326,68.66384427403263,75.52194013992529,36.459081576391284,40.59647873126962,179.76027253530006,34.60104356353482,36.09879690915504,48.632247484897086,37.41158904689164,35.07886843366281,82.6150365255151,672.7288970647948,43.920231689230015,37.915811744218594,150.2719295592315,37.555582628569006,35.202710678322646,34.16751624281176,65.28342994003862,197.68192770910252,307.31494077380785,43.2354285865058,35.5669841247334,49.01467682731249,198.1998555773011,609.1235120211768,36.52292875114657,41.93292367012336,36.95784415263317,417.05166141735583,72.33884679542149,308.5828262311329,85.46041235526644,33.268804447058805,40.89470047116117,34.705110781726624,33.841857262575395,237.31157003448516,82.89235901905354,1168.405204797495,44.79048637841922,247.31928941261523,44.671384914403106,281.9824369973698,60.482892523992824,33.76361432263334,33.43807275090436,65.25184220771126,36.186493337396676,34.16563498947702,41.383676830912115,39.74477497799343,35.830509021742564,33.47715796729375,210.0696702024736,57.94579262456415,33.16992745660514,33.759980759918705,33.3503520573533,80.26953392868775,393.8023516011209,33.232581734926015,33.3708848693861,34.370740161341395,804.9001194716028,624.2161561981646,47.93514321083667,33.29233809992733,33.338496208370216,33.48962150475438,33.669813799279204,33.384943465194816,55.47596288743186,665.235557473699,652.1486889694912,33.604453381270226,33.36144303222032,33.62189797230979,33.04318240983497,33.21787464064965,32.989155842975464,33.62267492213927,33.09179026288361,33.0937320206313,33.157754727767035,40.71593555463645,34.875578888003346,81.07573538669065,33.31036934585788,33.138447796505076,34.08153675958974,32.87129045419573,39.72168381048983,33.14725227253898,949.1566081365953,37.271937779294596,34.247780567846235
None,34.34723569000311,154.79756646242598,61.593080536500395,39.03446955148429,133.01350652728786,47.64113615321986,47.084571734023115,61.28513207635538,80.01287529351605,100.52627464794594,35.34009003174417,66.59796256084864,54.80960511113101,36.30794977852725,52.436509370202685,39.58360827294195,33.229818945497954,50.33244038676064,66.418315553572,100.01092435177273,111.30336830112732,59.26288248168497,37.25088514439161,41.67586947933153,34.55388967139056,56.65492523340275,39.09710985133773,224.44361345253643,77.12160408781205,168.58151408957755,36.273587606492455,69.91096980748662,433.1052545150128,41.81890400555975,561.8652850202578,51.92572474462962,33.46363262346481,34.639481767155,62.412240837697965,160.4446295287487,40.027284077180624,54.3013104301021,163.87061799521203,182.2265998758127,114.80447309922424,75.34045289297501,47.0688578594941,708.6534402918927,78.26903578394624,41.09612039847075,37.680729588054646,36.082545251057965,39.8484847243576,53.08973994116366,83.70500153749111,36.42504307457424,39.00700807980372,215.7708063143283,104.7124796627422,34.64060661946108,55.016474938450926,45.44043039521878,34.59348979572002,1223.715340555695,423.09534354663134,43.68217401739497,37.92028248207583,121.1320811366963,50.40096189708351,35.17571052571268,336.05336876127063,79.41138302250607,260.60164216939364,1003.7962054772876,43.18359713904804,33.94150978319074,41.86336852644186,207.4268212995904,710.7829957946108,35.38405933690325,38.631752689702786,35.145265815249516,1192.0623897458356,346.49051189328475,194.20775703306163,57.27494965566179,33.259961855440224,36.59644414115147,40.583644557514546,33.82894809716305,70.30518777709673,296.7647935180585,598.9244105772642,38.85942573233442,365.32476734383926,39.38645607486367,71.22719313666585,270.66748352105674,33.748435765249425,59.76772653851425,59.92406076131854,36.15475202097317,34.141303557431065,39.00872820574414,35.20613383420537,34.914282822675304,33.37446482003069,228.14631749622941,48.22800078711109,33.161538405875504,33.750106888660284,33.340660270253245,48.06754101810677,231.46196497746612,33.224308822474235,33.361899494812214,34.324817431196735,438.64934956262255,450.7058541199874,34.52319255782737,33.284289915567754,33.13105425631646,40.29811973147746,33.719470536576225,33.38708179129943,73.34299859633987,82.49440657398898,531.8642143860177,33.599426033663434,33.352364209558594,33.2076032103909,33.03635511104534,33.209515658209355,32.981466353548804,33.612244554298485,33.08396651021041,33.08578224803509,33.14355551750124,40.55784985958139,34.84703068708044,74.99166402387675,33.30073935781612,33.131559125628854,34.48462171012383,32.863709694366584,35.14196260385744,44.563125629325505,455.7950841912278,43.57867994894431,34.22646249848464
None,34.33445150331839,167.38457468004685,59.858439675998824,39.01299575512088,123.28924677397171,47.202882621438896,46.56451305002953,47.68715117790061,45.125359442450545,78.21302401624331,35.32604179781126,58.03023508633033,47.76882068302761,35.51769415625104,55.04578570738367,34.90148000547751,33.20992123627513,50.423189026564096,58.399326252175655,86.88754605296305,106.95772370699864,54.41398123605924,33.501862602886604,36.5643646725854,34.54150654132838,39.365746568018544,115.94288487677765,221.53685047644242,70.88951479108043,129.15027785513809,36.23917168829422,85.88003481613714,519.2841374924319,34.86241484553466,1378.3411878004465,47.046056966370365,33.45438701134457,34.61786041141275,61.22299457828482,239.79278589078038,39.79666884028028,57.252879778246935,122.34452159364555,58.294899150732405,47.06276124570771,54.22822363555144,63.57292261190303,370.7570391024809,124.64104391259151,49.319243242651964,37.607441336880434,36.02469665707396,37.02256036389564,37.9001526908296,54.89565671379842,36.389492980478146,35.7538266052929,197.87251784071998,108.57005767396384,34.43891253036378,43.51412189451976,56.788958463162324,34.5589941795161,2438.4280525803038,198.81747518319668,43.15718431082832,37.92098153775935,115.21960968463293,46.82900335980436,35.14002143717428,1101.1276828555074,109.79639646669581,884.4947112725947,822.8334697384192,43.12353665714198,33.51522050344282,34.831745861129285,79.96382326877871,221.87230358221905,35.90534648112958,41.84498833893114,38.564410735383646,697.4862668329848,197.50431922196918,41.614476174430536,35.65579309940612,33.25121838922864,35.8741071121792,37.67068766590622,33.815387386089895,112.43577320769027,210.74435863067157,133.2078037020389,39.35371691114193,776.4841926099983,85.09921034573448,56.84691320215069,687.1186644000603,33.73323093095429,293.0155884703975,58.87692138884804,36.119076596209716,34.11972021728292,157.45833134067942,33.85234973709723,34.738832469623496,39.34089968300701,197.13732941405044,43.092492095490684,33.153328457636434,33.739716639698074,33.33146524251016,33.40934096750606,71.37807107340859,33.252644395686076,33.35247135867638,34.30807127715476,65.59694659285844,82.19809392691594,41.03876226403647,33.276253726773696,33.07557727138149,36.51552411125567,833.8326531083418,33.383022799376285,61.78868251703659,149.83305200872522,190.8635362998467,33.5929647397564,33.609517784250784,334.39574820036063,33.02949068705037,33.201164181224016,32.97381336058892,33.60039593010054,33.120108201445234,41.83753528665515,70.15966861352435,40.40802095638328,34.82092863431509,57.41815187653866,310.45316320801516,33.12512245774636,35.07794898294496,56.293361473827,34.61437428755476,38.960289129370096,116.14597996543579,41.42904638309626,34.207901644264396
None,34.323683257007275,169.9874905579845,65.66875050901177,38.9906990228866,110.86916203024627,46.77236728443086,44.297625649524434,48.51501507376243,42.260745844794016,63.718610277596255,35.31155447088694,58.98643057858178,47.724325833498156,35.78565314410118,51.96271994465122,35.42266233683556,238.90250982000322,51.42980741213239,51.57634758573983,683.1880133755609,200.10668112255246,87.46296801545952,33.24886262840683,34.99536282919142,34.52797490443644,34.653961823439694,402.1887562438824,118.26601024852673,322.46734281869914,116.70632654446331,36.201165433767706,643.9577040845637,190.2613293705801,34.508016423391595,1183.6508374316377,51.32589753412486,33.44493649120014,34.60015956325868,61.567731969032934,146.48583647159177,65.18815449975432,47.143528983895386,69.25070883675969,45.2105382246416,49.26424376127267,75.83064821593354,150.64012126331897,85.28734072530051,97.13233542707351,41.6778597698531,37.56937178098825,35.97405945973009,41.4384636284422,33.785141344921236,37.224669514364045,36.355660961281906,33.36977648213025,175.38497469096188,70.21201820689238,34.397641475481265,34.945571581929514,49.94841344414033,34.54718569424793,1814.8945341363642,65.53829432288511,42.55061098554664,37.91187171784976,104.03461085734541,39.60225905578312,35.10001738935648,1276.05269095062,136.46464314869309,397.43568349990824,348.7080509395086,61.52697054178371,33.479598717845285,33.98227945545034,51.222755708478346,53.51800106896518,37.12432590421838,54.665555934267104,36.99560976379495,213.59419447083494,67.26503380334411,34.84885829846535,34.45528790285963,41.04827958192018,35.93253131023002,34.32669972328301,33.80186554580535,137.6863631973046,70.88404163439105,131.04644493387156,36.391423317058624,448.96566375728383,64.60518277635404,53.48422497444779,617.6621669023838,33.71900137380711,271.3699822720177,59.1936718398051,36.169271512803604,34.18577537081491,167.4055796470282,33.605625321910985,34.623319544929025,36.45529451528697,159.77567038288151,44.361480146015644,54.163189165185244,33.72745746609325,33.32240110815336,32.93721996677564,38.27656362026957,33.27535992957838,33.34220642389242,35.46339135276826,46.927568660670055,55.99463281856187,38.40749867258006,92.70605001661951,55.43087540830163,33.58465094658465,1819.9337720288543,33.36060784093134,53.060048101053866,756.2359814646795,84.51207982580438,33.58633654391858,208.44960045428613,540.9278179899935,33.023118385685905,33.192975222555305,33.06880334688904,33.58698173753647,33.13526865042823,39.509489635781286,157.50591606106443,40.30135743553421,34.797815039039364,51.22757976633424,1404.9636055915335,86.88354371939256,34.70054952607808,54.695674341873854,34.59601961366945,39.685536114088016,119.05383382206348,34.115330749165636,34.19183118353614
None,34.31347247821023,183.1372172335716,447.41341219894684,39.07506020033279,104.95018517678852,46.39362051300714,43.18300570944547,53.187501124608296,46.47092097264018,67.2732825977447,35.29739090438459,62.503500670948,47.65591839821519,36.49131959573121,48.0354373786905,37.03560400587038,141.59961190019604,52.780457976593496,45.66209401089401,737.9284543133633,249.72863737039643,602.1160613724362,33.248362437001035,34.7150147177361,34.51324866160611,34.4320527455336,956.3288708389996,55.83451626838738,205.21569726580282,143.46804590407388,36.15197658331292,696.8681295879052,69.49908830066664,34.49314487903609,292.2587709965208,80.15328755838414,33.43557991687757,34.5833680622638,60.668638684775715,72.08930561040896,227.55197479281082,43.7992195134516,62.94156503322564,45.65258557838002,47.080332237004136,98.7437049787135,197.45537847179642,93.72705890147662,48.134121316942775,35.7415684115771,289.23935682946603,35.93482951461078,42.72219399945829,33.585252819296805,34.90394097342277,36.36633777080768,33.32004762401207,191.20649120352334,61.70278541531946,34.37839553402753,41.89871522582069,39.87600624205852,34.53760107694955,401.14896800584677,73.62067521826455,42.16715373465555,37.891258325833995,837.6172857731958,42.155421305252155,35.061218953943424,524.3910087406493,131.48753032924841,118.70036989954941,138.7340970296388,62.473005690519656,33.468979148147376,33.582114742268175,49.951163244196785,192.94397649095498,39.0701189388411,57.94292478739038,33.73219850895872,164.80970694704686,81.76999118529281,34.29293985966318,34.40322970105587,38.13626781072777,35.736346437976366,34.897441794565054,33.789006480017875,88.96895686411925,606.8805471493027,308.3269520278657,34.877874628932034,93.39515440569548,88.36133317667644,353.8729078695613,239.26942439294154,33.70654454270353,108.2265909940197,59.8453279291465,36.170933280135884,38.657455686617276,58.92429845914281,41.96133313268413,34.2634785188417,33.43524504512018,125.18084612261549,39.002021612402395,103.47577814722423,33.721711486518785,33.313240944599855,32.935745970591995,35.42228854471951,33.223090859002646,33.33191860335084,35.00585554268101,46.595739980310704,54.5707765662519,34.652940668853745,76.65697254500236,478.0998054965791,33.452765932190125,953.2515723809904,33.351577329833724,74.40680109104005,671.4947192991979,59.67227960438203,33.710077247042506,174.02722768054284,243.53572726943955,33.01186709873692,42.45890912994869,33.22900461414193,33.57308925344646,43.76732191439579,35.054467308095134,138.60143784402172,40.22563392192854,34.778065533285734,45.222895669137976,2363.4183707981892,82.74818683477099,34.15299336926889,48.27236240120488,34.592373105777995,45.12199775519321,122.48878856390587,76.2429725807098,34.17793217452356
None,34.30333184025931,158.8019464281616,243.49882544520185,39.10516750613794,108.88258985761044,46.03850785384943,42.66952240337911,46.491514508180245,46.961637996805536,449.826709524931,35.282519879198134,69.59267920717936,51.331566966131604,36.51661107123269,38.95872792537261,36.521774766266645,43.60867111410796,56.90511235897364,52.74047426480818,228.12026581030415,102.23589268279552,305.1991536671503,33.24937028182362,34.685169951773446,34.498878039209465,34.603593001844985,2517.922521552286,46.052674970649264,69.37136276949471,173.46758052223393,36.092670158291966,413.3187700156216,80.69183683112159,34.483038284838585,100.38504224539469,121.39874846211228,109.22006802591959,34.56558147010643,61.554321564564354,71.47683761157998,166.26978211044337,42.24793517541434,72.63069979528053,40.946518712501984,40.427855364759886,92.7630705468187,91.95294905382409,93.36053371142393,46.513928463850796,35.42936941922715,375.304014933206,35.90407500608654,36.71825838859229,33.738232656546515,34.326794094686505,49.09672073405815,33.351678895194894,233.1788124945964,520.3521282769002,34.376496872179416,40.86469758678775,37.614891037848565,38.59543591360035,94.80947422867592,92.11969478421312,41.82019536472132,37.864918849439015,470.39673719756036,41.457246613364674,35.028407680002545,70.42306693895907,123.38775730442828,175.74559220919724,54.41984759259533,58.373829648740426,33.459404850266736,33.552775803696754,38.848171276300654,227.34386420374432,39.804312699923024,232.6925138075044,33.33091477004092,86.59911659986342,111.85288486935484,32.769396526932184,34.232414799089405,34.055092348666946,35.581063477578944,35.1098245159497,33.77597602125473,45.4700378934011,468.72909660072924,806.5585976457993,34.767597578612325,61.84916559755311,77.04370826109152,938.0821172793914,67.77163106758208,33.69572051963511,232.98971110519363,59.354579336924594,36.01054014516213,55.83349502366535,55.55391650816287,57.52983452230129,34.599154739328306,33.295671755099356,86.12391849168164,35.18757640931729,376.69887759786616,34.19838878851369,33.30395847154029,89.76285689056981,36.01894269267797,33.192322434489306,33.32254032328183,34.302697505545694,44.78625833590323,57.33750522984639,33.44614206704048,36.4221591998564,489.28497991781563,33.44345244731831,89.04579810131928,33.722077030281824,109.20208817480696,210.14761308535424,49.84197282215006,34.23744457567073,623.3707248141062,64.38034167891375,33.004080721728236,35.36845842726225,58.29899908826863,33.55937226555388,40.4471521172322,35.396436216273266,362.89212119998047,40.150819095640045,34.75921093676451,38.00370921143707,3368.4549102031606,365.9112331554392,34.120665241133906,44.17654200070217,34.59111682054099,41.00255142846858,115.18399589311966,65.54119244037692,34.16450809602844
None,34.29331694192125,124.140670980189,93.11341749668152,38.92487035354915,119.56136616758221,45.76247928276286,42.23709199092244,41.0619947245718,40.12323828341035,347.296063534178,35.26670971020979,76.5861427727137,60.565226841099864,35.70142585722237,35.88651857531819,34.89094072153936,42.12130051351765,56.990580170860405,47.87760190762897,99.94745568857937,67.56761441554083,76.31501655991781,33.25018166201994,34.66377546268513,34.48594732279111,34.64791483235352,4784.95277238325,46.74040193189219,66.20403357370107,175.93016720481242,36.03933663606969,169.6984256685129,83.05910499302654,34.472993721364986,102.19002221888852,88.94217190330215,223.9415548481289,150.06250216576558,623.8854637736746,596.243240880883,53.012583340849716,46.22498653365675,89.82133649270422,39.52600682533622,42.36380918122392,102.7840773455184,275.7986355356011,80.98752690787072,62.94901337145032,34.887080078498286,146.38857776296683,97.16858528255308,34.48210958330461,34.20012187087642,35.705028459736354,46.461765565097586,33.21771420297328,265.1471243998987,744.8381884188037,34.390681536270755,34.96182616668985,37.29448071036352,36.67248789465828,127.89188422247446,89.848895703846,41.479385952955454,37.830374638564564,153.85074465227922,38.095880207950685,35.004356193419625,58.84666562691096,103.44336462058756,243.65224857856202,66.17497810913278,60.28320247264905,33.4503849466397,33.546284810628805,60.309549609624916,320.89988299351955,58.79639646139093,1208.3503290733568,413.0604515891394,51.733602481994325,118.44247620913515,38.73308916678096,34.22701615847393,33.677421344121626,35.54364006625646,34.97478650906354,33.76191510112125,38.47588143866158,164.66069576777485,453.075285372011,34.744880258099464,283.7874347818328,91.0284439036917,1341.7078339381098,494.4611600905822,34.21175806435139,810.6003840014049,57.975502531186436,36.57390785780562,57.32302870781112,52.08335868678449,57.899610619875176,34.826207499842866,33.287244285335625,63.33234762185139,33.63840141889687,543.0642715043048,228.55401093171642,33.294864957122705,79.94413693903506,34.64985271459944,33.18300502573642,319.0715950038925,34.260187837058766,44.55128880450553,74.99185468612559,36.71856609490194,238.39982091754882,146.721366589873,33.455063974093015,54.38243714403672,33.547627973052585,80.79427931609158,60.31252516973646,49.64556762013624,34.109857890717066,876.4300385789046,92.72214235551519,32.9965429803582,37.23900561888344,46.93131350691625,33.545498576806565,33.77463389100486,33.776595072205374,238.94509508236484,40.06779335953689,34.738522768249766,35.001451601713754,2667.9292622513517,501.63137797369797,34.11862943856505,40.83244195427246,34.591812452281104,285.4327776506776,103.02463253774657,153.64221428156822,34.14944248944989
None,34.28337370961866,115.77524883484327,88.63063258214954,42.75462035166777,151.50127381059005,47.63275991658465,41.83506454622128,95.58081654859728,37.34167172579932,140.0551050224115,35.2518840452059,66.64930033067161,51.17934588433504,35.289464293845676,37.42942654410231,34.77093793877042,39.78461093335288,54.657235156890714,49.90744289436986,298.6392525319781,67.23597107947914,83.12847991119385,33.250628734404906,34.640238803795,34.48217069951893,34.44767893271478,3348.615847472356,59.997318827847465,980.84604286235,135.03810853178578,35.99658297864186,74.66106609122822,496.03435327190397,34.46306782902868,72.89819109283316,54.099207805909614,162.66361055813368,121.65031749527752,1064.7601976620822,2494.070118108145,104.4249482289582,43.35875645006856,114.07811816597795,38.82316771666604,49.86696494174458,81.00940576153236,271.2797543012989,54.67088516240752,49.84800884792379,34.606420974363445,71.44425742683968,73.34991531629059,34.259596352678734,34.561253916621126,35.75988899402647,37.323351049192965,33.201441065894855,236.0614290445789,291.00032984037165,37.662152055156476,41.362888951888415,37.257872050882646,34.596136322587576,146.60789197158016,73.30265493708336,47.24276931741826,37.77724507420754,281.2692293941144,36.717612039898476,443.58820201811517,353.5789924043885,80.20260124582805,225.7071097683674,92.41317868022871,73.41530857658482,33.441477990337965,33.53992359545355,57.397215030465524,146.33130035259222,59.46972783241265,1568.932613679968,772.9974540692535,84.68160998597223,89.28994725521277,92.37987129050532,47.810160669220686,33.24026657558002,35.526593746054786,538.2738360143627,33.746852558276835,41.10203231209911,47.04585494175911,88.37845798032292,47.34368377280083,448.77756368173516,795.1679713180611,616.451836594327,330.34621526684873,292.24881456937,1340.5476099158348,66.98659202831224,40.267033659818566,44.74365275160555,40.25450614842651,35.78578092241104,34.47728696744486,33.279133863344896,74.35957684772671,33.11186416818244,272.03193240728297,1015.7061727017576,33.28623291715815,44.43766356810962,35.70713594876378,33.175105909278244,700.8448304824867,35.12459335855096,60.24824029751375,91.4014670125322,89.47778448827799,153.91373696892813,59.50258923376368,33.44978224170805,65.68520363337403,33.34496432416513,55.523933393715446,62.13742288419442,58.47978642413453,33.593525946598184,321.71132779592233,98.43551634017616,32.98900791941947,249.40691557570582,33.68836278114531,33.531926945973346,33.16503266808916,33.07648309355244,66.93247914351683,39.97826038780075,34.71690461271369,34.85984791025098,861.9772444932414,273.0173420751925,53.64454486252733,33.3099444540444,34.592817813464926,798.8518701023837,91.03719418895349,115.75638107718369,39.31683143020889
None,34.27335265333016,120.50457316898253,89.8095353527662,47.167612448934534,572.9688488715212,235.3709594424443,41.46031922451139,84.32704763644244,35.24727907556647,111.63070331428257,35.239984282399455,49.33383133398826,50.59294937967115,35.24331818443993,38.2733552206074,34.65292473789788,33.634665546553464,52.88035493908863,59.59750196947429,664.6599094497283,60.01434320221168,373.1695295693448,33.288458452068575,34.620555952194096,34.47458671364344,34.31446212150835,889.3633801277736,538.6923340081241,1488.5161253286115,134.198877921865,35.94558699449682,1257.6224658353638,299.22691606923087,34.45331828233633,87.55775183084519,41.221328598598134,83.14723359976496,72.64482088655834,2013.6210538501668,3208.210381123699,411.91427711608236,35.39837116689545,126.19672924735448,38.2478750656821,54.99189642721564,655.180182499797,548.7617873404705,228.9299996464454,375.26281021635003,34.41490109505573,100.33051272812112,39.33977193309946,34.23662131442754,1368.341631508297,34.33984676731607,325.27914660134905,33.19345270699313,153.28866472283252,162.845293456165,57.78527203109184,41.11097954172903,37.235913889850266,34.49197401272873,125.3980090114272,53.69540520925712,45.01950696933209,37.710650435257776,1253.3272573231475,52.81098475750772,1640.578517643425,350.784236190439,61.84762292785668,145.42996577221638,106.24441379519695,68.53311915767802,33.43237424356479,33.53358971996231,39.726552798243844,226.16141518095856,47.254530793620674,1746.70185732124,626.9641054982566,119.05933837291904,67.95915244902014,73.0002415399052,41.066680830018775,33.203564807973514,35.486681538880994,1314.4663033805666,33.73139212880179,41.69714670384335,39.47037244805418,331.3330347960478,42.30244688830413,181.3562130267868,2537.8312207639246,189.1078687442667,88.54452378981622,357.33957814288107,912.8753597301973,60.179069761703126,53.19367008520067,36.29260873935417,39.374624852100624,34.720957828071754,120.80500584207294,33.27105015272304,68.88217353669147,33.07547103102851,53.751186166494065,947.0543923524882,33.277860661577975,33.60169875753808,38.74774034517064,33.16721053466925,951.2763846426808,36.308025342949115,87.21486694050782,92.86260543319807,178.90617886910198,45.69015414334479,58.107150498733,33.41850574054323,75.48585867293595,66.25067053839146,69.10581458369667,79.26401400728467,58.151327738714635,33.55656595788368,64.06483855962799,60.24894010014248,32.983680761921214,202.59655626408107,32.939401262771646,38.00693485678186,33.036721066834005,33.032281596087984,47.02442347524683,39.880057147616185,34.69680384790653,34.887097556678356,1325.9973726025814,141.44001108799367,48.02237359502881,33.20805245322091,34.593687992660286,1023.4676296174878,853.8980196829192,39.86683982618782,37.22281332109689
None,34.263064505443786,139.28382530407328,103.71313013985687,45.139635391475885,2170.2176796019266,493.511597466374,41.11064782028959,119.55797906870475,45.69757063315213,104.9097325548358,35.436523841003094,47.43788706738921,47.090101848029995,35.2127227598633,35.93517037415413,34.474858417529575,33.13816466364237,53.95917809871234,62.2766527387595,1914.650543798356,60.45515190257311,216.89881156612583,170.67145268379238,34.606017160443955,34.44928739450934,34.29527159192556,794.3313129139344,2507.3682819045284,552.8135723438294,100.17343073813691,35.88814571499875,1146.6133220714655,67.4548430391582,34.443630782473114,87.62728942304695,43.016953292052364,42.50855957762636,37.75192010026146,2265.682078301058,1129.9301450186929,330.4553101809887,34.731023039952724,118.5689046979381,38.163100611476615,56.080039712950885,2257.6761915308107,1245.5212634458205,687.7681424794737,443.8852968357608,34.34062697838604,128.33403745965282,36.22372148951402,50.847802192909526,3163.415935544421,35.74422910496705,1400.050547507764,33.18550636311313,87.77741845149154,607.5779151980398,55.19836587245016,35.36515187678405,39.15945807035909,34.5075718639478,143.66401726594646,46.86201480199511,41.000155645883204,37.64561796706708,1022.4548399645818,87.1866187567029,2864.3880728677227,135.93105231637506,61.31725293768889,122.26495538154228,83.43485731202212,54.12109288155837,33.42302228860004,33.52718410674984,70.89610840242295,751.1878720134241,38.117061443841294,594.5290122828252,225.69640796003125,109.26809800478416,399.9525424069083,42.78064295159656,34.450214070409736,33.19544537638259,41.05334231319555,1131.4164373695453,33.715474677291496,39.38443756534669,37.88266080775203,1463.2077637255554,35.022522437036656,65.99113030975353,1906.9426584154626,158.56768092449752,65.20989895381464,179.7403594665599,242.1584607387589,54.98388115183504,50.159093317131386,35.87235199301306,39.07096527162825,34.44054440732075,111.51494880556005,36.05669142202522,59.9569504858084,174.12330702085262,55.255745318929634,272.9386657439898,33.702907856352034,32.901595754053304,38.82588029864653,33.159297035974525,395.09915873148634,169.4699647130028,279.30009352871133,88.02028112010925,142.70387216399575,167.08593882110162,61.087417938313706,33.40880894590896,86.62897737322567,44.46263164400858,80.40805952663456,76.41092418550548,49.743547062411864,33.55104938189411,62.471579359956976,47.49702169335335,33.62232533909359,46.201368020890854,32.920822551471225,37.605848174704704,33.02304356405539,54.30521202848339,55.111878060558254,40.171758643453046,34.677479937990626,34.91228783700623,1604.3875816177094,102.22944336621632,35.27088294989335,33.20320036450709,34.594795502281855,406.8497895125588,1115.42619602854,35.914397395748416,34.24773076648977
None,37.25669237276168,144.90370106690622,115.51867489181005,93.95077779848715,1109.0361232534779,408.9147376583125,40.7838767293086,641.1014081883682,50.478750196198604,103.15352094517372,35.48223789525668,366.17209849738816,45.4499087872449,35.177284473396185,34.99785360666929,34.15991836190335,265.4550347675746,65.47908692752975,177.99772258143608,1242.138410099688,79.31463875247194,55.80769695106864,90.3578923962318,218.4273577060311,41.40377502973332,36.60570553345189,392.3722942673125,4755.72159311707,338.89661563269493,577.8195881688671,68.61318075034049,268.8149539213618,38.970459260141546,34.43354889848944,71.34526680663502,46.00343096348222,45.804647035727356,34.945158151327384,1518.939069991482,1282.961456384676,115.8923986109906,34.75306858301226,104.80084775787313,39.22292203777286,52.960254223358966,1972.6661624198905,813.4244785939676,324.2915507785456,161.5105791432597,34.324704646509126,502.83517184903656,39.87941171559184,53.01301584796259,4904.911817039374,35.403582102609946,1328.0516037560776,36.4710862523618,55.88099190956143,469.49309364720995,42.048120402015435,33.396126259177734,42.15374045679909,234.33045854385068,173.59950156265842,47.543191684913815,40.63825492206889,44.22781830117561,347.8799455090032,276.81744204967384,2365.4050144325706,53.287579175802094,119.52429841870081,124.74828633191537,74.20275571599049,49.23410781882413,35.859329788513655,33.520648556477816,74.79090904573229,790.7444547692122,296.6649731713828,128.76746476633912,60.103829537675274,96.46702182604427,823.3336822637567,44.177666948158254,34.11947570533854,33.18757003617259,39.32738840315714,679.8600360535594,33.69893098809609,36.8561802558831,38.47937429473487,2629.638555646889,34.699731177675446,79.80564738089795,350.054377765803,110.25874609993002,287.69272823541155,78.31585134363938,325.37137523179763,57.55078963637869,37.13264636521014,35.295089920324585,38.978146841579644,35.27478028120794,45.52427011648025,39.11990397145403,63.596373523556096,174.70383930377727,60.098233527687285,58.73598952946906,154.9021838269008,33.04239262714915,36.54714868366153,33.15141813166806,69.11919433243793,523.3279524069416,190.78607671829417,70.55756065226151,84.0110240789135,96.96030269799213,64.50105761732765,33.40032403497112,89.326662155441,59.758069746964296,90.90723138391957,288.01294995385587,47.52805287655014,33.544762202993866,67.73514088253961,41.777402535304354,33.526245039481644,42.514291981356784,32.91317944803077,53.61894914862998,33.026119672702926,47.49578289797227,66.0138681409975,40.21464752499625,34.65807840727859,166.29855417662912,780.3025575038803,92.68645419225395,61.35883096394553,32.83869376065076,35.12170973188122,81.3318767845563,437.3580804920968,36.217498824286,34.0982650384952
None,36.880212017390924,125.5651320862406,107.61617951544764,72.52020273566947,173.9834190599467,321.06172107374937,40.47841458534904,413.62181128465966,38.284591479267256,1059.1279332536467,35.21801612872857,1644.2011790975619,45.098833970868355,35.149796289436644,56.69583424275911,34.13187773273893,622.4285224668531,71.97921930579899,536.9265884062456,311.61196419854235,60.53737216199318,43.68982941145188,201.12262060364586,182.6894307452393,47.81695916948338,36.164684980403564,431.89069549793817,2224.0011349034266,205.70991924976695,971.229759359673,58.915271368264285,112.29234815577408,40.109532557963036,35.76481199147908,52.11454377829692,44.010656918247356,48.60998939594601,35.22936372685935,436.5457840731337,483.96789142042417,50.475535956238225,34.83411855989286,494.71287583209886,39.13351254996823,52.53712805580724,1541.2744408957253,199.58195658256412,86.81548367436739,243.8632962661096,34.79802916170887,1159.5550439543754,37.12049291786514,48.447993701728016,4023.3824626507426,307.3883382499398,2556.882802393711,35.330296347214954,57.201860378422865,193.90931872893762,38.81613325975274,33.358202418833706,150.24797441606418,957.7347484319322,162.3353637015975,43.848007399599155,40.48532892971833,473.1410845780443,190.81127570602266,827.8604125542406,713.1949607328363,38.90360189489711,455.75308975591037,120.44974725628354,72.57707702507281,51.201411641996145,40.031231710689006,33.51388711560121,46.87665038827198,508.50333741827865,187.989537792883,131.05805364863008,89.47743035573912,87.91670450030755,382.0487538518631,42.609057372620576,34.240249689426804,340.7392772002902,35.634843847207215,673.4242923700211,33.68271583048288,35.774845740615845,44.54039211522083,1702.97746032782,34.701675000029645,102.2465172040198,59.908187430858476,66.97772630020665,414.6830963733603,42.39399145896101,1958.5954652810653,99.19075024580737,35.867202891587155,34.34594259702782,38.88433564179723,35.64902936644003,35.59462644582815,53.34214690625308,65.06822676222511,195.20058332598686,51.247748354865635,61.5170513352867,257.10508775065,33.10714832401172,35.2471762753958,33.143565194545914,73.69484486755022,352.490699435755,73.94900587398024,50.22225711325445,339.743402815657,40.232835388683675,201.7431723790681,33.3916129136891,86.64101522297175,131.09250786949946,64.44012140214872,244.09140002414486,46.2270701333951,90.57554101133488,87.31639511077739,101.07869779145248,33.06146983681424,51.906826877581814,32.90559835147419,42.44955776981777,33.024000559099804,33.684273313318,73.38518816138344,1057.0472570759339,34.640277250352504,1978.6302494097158,295.0635710900017,75.27002441522184,49.98526016526647,32.78991585182244,35.31082755860415,242.6837978468794,76.95520317895226,35.37912391190566,34.08709456754269
None,34.440471384727694,99.340833099698,112.30204949707995,221.1424147753961,154.54607263128526,913.4453199974828,60.77071199513356,82.54097622271685,34.95329841196428,2703.244803111252,35.1910732373486,4359.903303931547,130.69775019649953,35.21740446028172,44.171873609086326,34.123479702495516,679.5692707526954,74.87026952326597,396.5355187627795,223.6081618861424,46.6129218996459,588.5031691963047,192.64026188402042,112.87367271088782,53.39242006877561,34.37262911378321,730.6345221277522,638.5845257278663,128.1873002017844,357.32830627808687,40.03324776813308,135.82917478649154,369.2737898726032,36.476542234086345,44.291483033512,39.21779390691636,43.90168973033825,34.872565561195934,76.17301979704995,65.22062096982269,48.032864139048435,35.22850827414597,495.7818634728028,38.14549122681455,522.1643397031697,553.5731178517526,64.99770821254391,114.89853278230385,1358.7206493026476,38.231031483302814,2229.788852107775,35.86654169576592,37.28009014723492,1490.5061134349066,710.5911584380359,3505.6952394545233,33.27832833120536,67.56139682777386,169.914124487069,268.15166987805543,55.74636472802664,936.1510679086607,1111.672510271597,142.54914077057074,44.500891203066864,40.341708410155285,379.16317000724825,140.53775991336698,741.4721485912639,653.3021929944764,37.19063311842276,772.2069554641382,122.3802746220739,60.375377470235605,59.20190044114151,37.755310033963816,33.507011228138765,140.42899314823734,375.40007706509425,49.9646849140882,155.48359624568832,126.19905581764381,80.63221678249016,88.00384412424611,39.30078574771467,165.73761215296994,464.2404165052816,35.41936295731263,1451.62999322347,33.66868554765948,44.981537172768675,46.94417410196214,429.67216078476525,303.55759663866513,111.19739145536043,55.808264057996986,88.33091481916937,177.3433489066383,509.2313994824252,2078.730958385343,171.2650421919819,35.80397046743243,34.245253647734216,38.911725348379704,34.59879139809182,43.60429633611329,43.91171413846649,60.97124749122814,105.462827439487,40.0699271326335,699.3767508923929,131.64298917327721,32.8953041493225,33.96857853899716,33.13572174017289,90.38685297454953,65.12803258583891,122.55888829704315,43.88895361795284,684.1716908105766,42.141413567071965,103.57262166990972,33.38300804364249,112.40393790895348,449.4815203086525,791.8443173636915,158.32736142925052,43.82943814956002,146.60032592804782,162.21103596486768,95.41007178036371,32.95622069249262,56.107163567691,32.8980319062925,34.481862280604126,33.00109915618732,33.00320360938936,106.9963841536532,1538.9703604046485,34.62438255262243,3283.9095567426198,187.36349043618839,723.776066958299,35.423102383359286,32.81582591908401,1349.1811464028208,237.07955251531536,61.13279298215747,33.83164554594982,34.07681043545057
None,34.225495886453466,76.51004982193486,127.1870971999418,245.8816534584451,149.08958594637264,1227.4900818666506,51.87400630404329,96.88139566639259,66.46896359244232,1657.9674837775171,35.180285551947584,6060.53215087356,182.51612736468394,39.74939550928174,35.02067152489678,34.115078150077245,251.59655555179782,267.0488265797408,120.78257950083858,665.2068221504093,46.26422002259361,809.6978500079623,96.58335507436405,226.27101141643215,216.88513854724343,34.26928692206809,737.0268219087536,801.3563123124371,182.74238254100246,392.92619469781226,35.986928039409314,223.94014748033374,184.6098350327387,43.06233012016604,46.57781110875153,38.587473825935405,39.34704764418388,34.49295184479237,69.02223104367283,435.91042621771487,46.4597691426286,36.08436562140879,587.7021362103363,37.68119058072659,350.220562416696,109.31578704022448,59.327439141258935,151.46990604870942,1677.907974364026,36.019458508930356,3370.4937890003753,35.984019351931316,35.19055383423609,139.95013155588936,709.256748531252,2841.790886792005,33.15467961838881,67.24218062164402,217.1534211188091,640.1141709146648,49.8108351116381,2790.2458194860474,343.5108100385038,682.6012700006273,45.0887248894499,40.204375540692794,76.97781409029982,136.3200571609629,164.25133219089344,1207.5686830178254,37.32740798778782,1122.8488730481843,108.29668919098577,61.287455527328284,67.78971146364442,33.72189297434499,48.08717137006256,557.1040034964212,130.56880824801956,37.376638797337094,205.86071358121413,426.2381415826374,61.69044743438845,146.6403731627376,36.81784741104928,92.78853386741731,634.1850493245705,35.40764650575225,970.7775792094659,33.65745602128734,751.3652007179875,39.78140011581283,80.55452277272045,197.83108160127654,102.08884387737899,56.834315905147506,121.51810131778812,53.553225751489926,902.4318029908363,541.9131211038156,105.67552347936208,35.77567878213594,34.21120210922783,38.939303031609725,33.46881283604664,42.39627024920994,35.455449416864205,57.503028548036355,46.87313616439961,363.3789975873988,764.156390606355,49.89230801374549,73.69608152920274,33.72893829228408,33.1278872626937,104.1860032901258,45.90157609441938,97.49421026287905,60.57736699196274,328.87431811238963,57.19334494575897,45.395773956426325,33.37461523389917,138.3692282815492,418.17478584619363,1871.8431649414408,65.14814580574887,40.01623203322232,109.28191444730108,210.4408296216473,142.1349640117206,32.94386054629277,50.9787548031746,32.89047580429331,33.54250543287348,32.992432254970424,32.99369087611326,402.4834018604271,700.8180595970604,34.60861168564021,2282.326453328488,128.60168241905265,548.3278179945887,34.137058414063894,32.82401458880587,2986.3132544795794,86.56773099107859,63.53551306197108,33.416031335915015,34.06643338914365
None,34.211066639649054,61.33677262517492,116.91595464644728,377.5639978420912,130.66526644584462,1691.2852812671442,40.53004469284261,127.97049309374952,58.92278828159761,371.5344147036927,35.16983504189392,3349.242231342776,89.94736358775228,38.15970456055337,34.53504918160627,34.106512353221504,63.36099645675382,329.251392969902,59.19896437228911,830.9987942531883,51.32582843783165,324.9274911711732,49.434787992170754,113.43822064323987,104.88633281061449,189.95079211359538,835.1427837633064,348.8585395866976,92.70359438718869,773.5456875757635,35.73717295451482,232.21609384709703,323.8232771956521,43.2554816924418,639.8632091389463,1375.2569212653473,36.92950761282951,78.80403892760526,69.35293653097581,1919.5150359585325,47.168123117282505,36.17239662433961,2430.2532751785025,37.64803769351805,62.55157921054387,92.44664504940545,60.949996791323926,374.7130636097205,609.5329512315188,34.35001246359582,6046.8581710974695,35.99500693892277,35.419271146924245,56.47183002647031,209.75275552960372,1425.8659020277184,33.16162993968389,67.0892664195943,191.08019463542482,340.36176465885325,58.218175620800245,4397.69890115036,65.34063284523569,385.33892163672965,41.78799180692794,43.8091300083875,62.699802427579925,138.88008838816592,210.142735153697,461.6065771282558,38.078317059755825,434.7159135272853,97.27303436059393,62.150885245171814,62.500257255415576,153.96715039994913,44.60945507489471,498.01550319806967,63.338232984858905,109.91823098114614,364.38662161280365,1588.111319109558,98.65486200412529,935.4213660353944,35.61167473299113,39.63065154794383,359.35854018907355,43.804737919504774,206.7863508105122,43.5271411384219,1660.5372456745574,34.232325406224696,72.92602298170272,46.36367806222165,90.98358779323219,53.712372829386425,139.97110139466471,45.4007251577557,848.802035432345,68.69065762818849,56.22613623216002,35.75182926915181,54.442156667106964,38.9600720538919,33.290923935962574,39.03992651449296,43.94552418432067,56.739681694685295,51.3993612831577,394.8199331428272,320.84325305929036,52.677013956086576,63.79829493701185,34.1771019705037,33.12001915663775,67.04895736804238,49.339034975158995,64.25696690612978,195.5576432049301,52.06779349476211,67.80832587886276,48.36125337907809,33.36622717972761,137.18424784375136,208.4094508270553,2607.27031593547,56.03547145814108,37.606734727159036,174.66388014783985,180.39704158105982,490.373053740221,32.93631262005,62.26645144619814,32.8829239091824,33.46428689879261,32.98478792759361,32.986000212653735,661.8256694563769,724.5646069114423,34.593249151801146,1944.6396946717002,250.47810796529262,133.88445969533657,34.09265984523546,32.769188422863955,5074.002073130729,77.62016100044838,70.05069154952344,33.769430687660645,34.33078948190333
None,34.335760743170056,60.79162929310048,111.1657836125033,901.6539351998937,122.54401612571093,2608.110784913539,43.062675102836074,126.126473455482,41.474896011377616,140.34289579282623,35.159746155088115,697.5968459605258,48.17310523164389,35.21165281968027,37.82127199224515,34.097616464604656,55.91047848813361,194.8038939947427,54.13215988095096,792.3207412340332,105.2153000937855,147.19918864774945,68.68790823748628,57.24893609401765,51.59876449240611,892.5768157167696,2016.3397665089678,1132.8434612380738,52.38538834456962,308.6139263297359,35.714198974132536,174.440317211391,1714.1246851896615,48.538018598147396,435.38028543019584,11746.207525303218,35.186749367859285,132.1087763152973,72.46725995149241,3448.717423956669,58.18032764508665,35.35339339716901,2219.5342932684475,37.639078800419995,211.6207869430574,80.33496855931732,69.10548697927165,199.18346837009224,92.82227679755563,34.26727308812123,8706.920726131963,35.733300566878775,34.658807707082445,52.93576334921311,56.88855774322761,615.1321646683972,33.161130825883056,65.05649703617085,138.31660931022944,844.2748421962738,55.07447601462291,2767.907958251926,75.23668393329024,783.097711025866,41.455947947700594,42.823950892819184,66.3847068567196,129.33514261565006,148.88134334041564,81.35719237329356,40.501099523317116,491.4687320837799,82.32810805675469,46.63349754805809,55.5180191908884,434.9067914088336,35.7189857192741,156.63739691133253,74.40415380644009,79.48032642854182,365.17699348321185,1936.5428070404362,96.08067524273493,668.8264354550276,35.36552025468443,38.932900235139336,90.21053915436052,40.427252971630224,441.523380328872,38.04476349249449,838.9893077012555,33.88694656458778,90.59793026999836,39.72834433697113,673.2563033628381,58.462025087611885,136.38284890309447,43.424473744815614,315.31361253261,62.71612798753258,216.42353757965495,35.728355132545474,49.414405679214745,205.57590764400356,33.27621641730672,35.46321913921562,40.756613381366755,54.72065752600964,42.719214700193746,341.8202283511518,181.24831293808532,197.12937084519626,42.45567815293303,33.95841058340039,33.11204426186225,316.9958263693305,50.188738784103606,64.15769104214172,172.05253800130234,49.895141163822316,411.20941880300035,47.34118746687416,33.357847025855264,89.23590803009273,328.0478433743,2129.7809476317166,58.19096062495974,37.56678493304675,566.0313749160047,150.6452767568129,523.7826744174316,32.9287916589976,58.801649718246146,32.875376215646874,33.45372689286677,32.97716180034446,32.978321788819514,1009.4593286850244,1039.2248765370814,37.45697523844096,1036.994835961966,315.2826426392048,105.2588804150168,34.55822966361725,32.758589082705875,3541.217426232592,74.03341459704932,74.08234869749758,59.826238435742276,34.4212431499823
None,35.314828902147106,69.24503767823326,138.7095778478643,1081.4591394560223,622.9975996964545,968.9171557229404,41.99385452273029,110.95108028508814,44.46421077382379,176.98578232498645,60.728839402855385,1147.0475420500713,46.90161733092325,40.77598219417227,390.2908663076348,112.79673964882072,55.70842425508656,101.64070908252519,56.40043858190564,347.23972296738907,92.26878584175863,972.8692747385318,59.413039463550646,46.207863613781385,57.43666942746329,1409.8605533074842,867.6669879702939,944.4510202630423,52.7889199832934,95.54853544106716,35.69398140519165,169.46667491647054,1801.0531610911648,245.62354761817787,60.96399196400571,8347.607181017547,35.3000555505838,458.9117271206335,76.46743011851717,4308.552876214394,67.35364269219001,34.680319496188105,586.108701069425,37.62727793255945,633.4115577561765,68.88614494011979,112.71608097232644,74.89189872986596,60.78207279368975,43.72045577807993,7696.806706848956,38.39089573718704,38.06969059595638,52.25919410561401,72.20326774525118,312.42984945345063,33.130894856781424,53.956173068281046,313.07140793354085,1314.943960440078,44.070518475762654,568.8273050542058,99.28451235053562,1529.1390749726372,41.49268940190039,40.02534638966225,49.53342951716029,117.20387281120405,160.37021470118762,58.501213127422616,42.84638884332626,830.083185596201,1295.6618876197713,40.776648847451135,52.559098094180854,680.9045097291473,35.16536144557452,48.16679050439448,128.76357603534274,39.988558667802174,223.62599130221818,788.1272259240013,126.02191733939092,143.67715933400802,34.63189882272385,37.280768376001475,50.71756158191271,145.6773051020203,520.6774417554426,33.799073577162396,86.05487348758145,37.13348968282242,82.26366940400163,46.226650428511235,1384.1949675450608,57.861084497653884,124.72625696164431,45.56696878071935,59.2340043011099,86.9351416678507,275.6066721989105,35.703986653108366,533.9279503134776,342.49229534262435,33.26897789357893,34.5724083766305,36.05811768256632,53.44888450093255,61.6796701305245,149.57575631215323,400.3764045258558,766.0712942193428,192.19274955280116,33.501332256975665,33.103957319966945,162.01760199348647,41.65415553825825,133.31086267385908,72.13315654389748,47.86396955718913,556.4057782820224,42.089974910462004,33.34947429904017,60.59042373479056,326.35844832264803,1534.3712421764055,59.72742762683632,164.70158793541555,951.2342847788857,135.15923334420867,214.75729110156024,32.92127243453251,46.23441422832029,32.86783460263534,33.44526915817848,32.96955771015562,32.970656220703525,474.38913726814894,1051.8963732608183,120.8371341687018,239.94084191056243,677.7883902542927,76.99818979734715,34.972891463888885,32.751092531682154,2459.3972922026387,79.0778985973764,64.78738436987862,247.31039481492405,183.088180024272
None,116.66676191905572,82.41123765726198,168.3599221505973,454.9552721598966,552.6491763026831,132.46655690277458,39.26971390398871,83.53525398082357,51.87215701826995,200.62468247416862,47.352139377195044,2293.407052368674,51.45389706939112,37.62225343402749,242.3496453785342,143.45097653755874,55.150409526032476,102.27381921677649,82.21151224595128,128.1553942526087,59.93879602964674,596.2552131901535,1948.6462795109533,52.87606122885392,73.09333256311271,1231.9051276184214,293.31615073840453,296.26904015920087,59.16173556305382,715.9516748431668,35.72698155755797,193.53255568273758,693.8324503380434,240.9772285858331,216.68359690476186,2534.5433274931893,35.09743168255299,938.4845460267733,71.92498325790386,4239.849219358715,71.25361982609091,34.625439391871424,100.02818423175596,37.6105688833864,442.5375735957071,62.11855228476271,1049.6686076805302,77.95329766087067,67.86929000161422,42.284799374338796,2667.0377292693993,403.2642142787861,36.89397425127088,54.66882328106314,95.1840736084388,140.48028499121716,33.12152206040093,51.26573333283867,179.81264516714012,591.8931377315762,34.815142848099086,82.33297862315004,471.2938942038784,1291.6737198835178,41.34481776999432,39.715324076770244,65.4099041148535,123.54469713241343,361.801876970725,630.8318091700028,40.02755610959417,682.8422016737817,3034.514087118624,41.157199527514294,47.501192521037176,296.1973870982331,62.983730289055615,52.27799371306031,634.6124416352861,35.5085106862661,652.7763175044167,83.52015758263877,131.37147885517652,53.46327531636055,33.38916534597984,38.30628284431105,230.079260733137,303.0349364398748,431.3120171586226,33.618277377037764,159.21833512947597,45.396752732981156,85.78471976862231,54.61103686798736,931.4894673207033,49.26261080638014,306.81626732725397,67.9142265462352,47.26410968102221,598.7528097847973,218.8390694273721,37.54821562408583,1258.9541576678446,157.91152087918172,33.26179155934633,35.1744394908403,252.24789254578067,63.789673503563776,46.1264251280979,61.377054529676755,217.84337902694386,1492.7083880502055,137.7198895028635,33.42526174543924,33.095885922894304,219.07914884647155,35.73144096057048,116.54637424595778,45.915103267381106,102.85318716448492,706.341802593326,56.95934065387663,33.34113235617147,61.31215964447286,123.405596980948,932.675893606263,61.69203236888421,416.994914188686,491.5241674140197,114.5948812435167,134.69069025834153,32.9327369618258,35.574851038262594,32.860297879498205,33.43647103357097,32.96196467157928,32.96298675939565,68.54859296364347,1501.1829247280316,360.5459496172709,69.6622524198159,809.4486769430194,60.17419396689968,51.92310423211526,32.743613782247174,819.6017743187756,84.17478925748564,53.61793384007638,345.2112020743475,586.884122285662
None,226.67487572779496,70.93335720875866,753.5301522517175,213.04114794059052,401.8556468648149,528.972627859772,38.81232156552819,65.9345023850313,57.06649688814015,170.54205544933203,50.5670024364079,1250.9947095758666,56.81331508677741,35.30578043008656,58.586336421615975,88.22396135663084,56.24363530082971,95.88527714128841,62.680996210399826,524.8240280005018,59.84771873509447,111.1274950097767,4737.545591193826,56.69640144158298,318.8582049988865,2585.418373053814,1001.7014436113428,121.59615498471227,67.93548890043648,1356.5276611602894,35.74724206373179,161.96393199524599,162.05964116649886,98.40744098648123,117.95706945474151,2692.7171889270394,34.299124560501596,373.9289368829681,74.97902040305617,1894.3480596484092,78.13618695161645,34.61462731455206,631.7715676461745,37.58882860836889,423.74703374560255,52.46787267643613,1732.7429474525418,118.91958050453556,75.04191868199655,36.96522247303609,366.5756222832959,1340.6212885140956,34.284015324992836,56.303541137983075,100.3001821937643,148.16773560025956,33.113640521127216,343.56401611547636,55.0870248683343,87.171059264386,42.058509245271566,90.5184229746433,534.8870799099628,375.24333358362367,41.233706107636024,39.591979188585135,63.23900155123763,130.58046882388095,350.0751990684421,942.6757525230321,37.276294704727995,206.3039434822449,3074.486341636387,46.05712707597928,56.126362435656006,63.737449598273656,56.56053970361506,54.445879329861604,2062.855001415087,36.19517242170525,941.4222857306132,61.57192589703354,90.13436852531464,54.95043227870289,33.362809291030764,45.24726459548839,195.1292836104353,273.49308317949874,472.5803446597845,67.79044113434975,97.69987924726921,50.48196637476622,190.97063760676076,54.09053089745505,205.6124658095928,623.7668438734222,245.0174590480167,53.41187679106154,53.326170372920316,1308.8899464732267,106.84566582003542,37.42284720825118,994.9395783737399,76.24603503911123,33.2546406527189,53.157791453944085,827.5286773730845,60.05319188741246,36.316760917755815,48.239645658631524,48.84243163587594,1157.1393406473849,220.64181045128402,199.25551272554688,33.08792358842153,981.4607563878767,35.82420587675493,62.957061273495405,42.3087558796592,90.14181953670138,1031.663292145403,49.64679268204921,39.587387448940476,62.627885269450104,56.656473935683096,249.8309570281561,51.722755670712516,236.12097578513809,73.52485337515324,86.9332392901805,343.7391964521807,32.95382955800268,33.33722101933539,32.852765436842475,81.67146901321836,32.95436749920684,32.95531293766468,222.8326397523447,1437.8474121405357,518.39035255242,66.45179412837528,319.17007057951037,56.684697069055346,484.9181830576661,32.736136837424695,158.31924996518998,91.49558554740109,53.65166962559851,185.88788742964542,1080.2655676209458
None,114.08945155748998,44.2993941124991,394.3630964225409,229.52969829559675,427.5242168757601,337.9782877960954,38.618297699256175,61.800886420104256,59.2735752223471,101.1226463496591,45.50711561141673,274.38193952485346,51.69799788882685,35.022721053267944,189.8834332579526,56.2362198579509,56.37883503025907,394.6932239084929,42.22828504697317,506.5311394245144,58.67633336151556,59.920137496807435,4287.707088474121,54.83475610983448,698.2862945451657,2526.554615363003,432.33030821929833,99.20707055635869,87.12424526936674,1829.6226910950095,35.636358446170256,98.78022664213402,143.09702502179766,42.81383616126492,56.697309903800885,1238.6336173784116,34.225916370891106,67.04709514433253,330.70211504065213,512.9613906404771,90.44935038868078,34.60394199337539,503.35241118321807,37.56641485687765,409.61658761717086,50.42868643207284,560.0973121481735,101.97507181410744,73.30032691684565,138.52843339778153,2529.551583359393,2148.471031451791,212.65358511672417,53.13931056212544,899.6050033343074,149.23630786807067,33.10576455946668,641.847185158754,255.62205768918628,56.563185242169894,43.51407703035542,92.23557737560286,1014.9973640617644,91.93971831426956,760.6915251141272,39.44214366213035,61.64526073043853,136.8709095430992,118.5666404867977,443.31751322271487,36.664185789617186,120.68830736008672,1595.4737776263262,56.587655548406545,934.0830125798713,54.0191221391993,64.37152919127526,54.22899308267378,3629.9121375315003,35.22790092926589,370.10151273301705,69.83781315307155,470.14479170354537,68.79896269298234,33.65635627816733,52.082527618273495,89.17606977613863,108.56394870603522,419.54615514185684,60.36018370219914,260.5036910635888,44.97019827145302,1138.3349506630495,52.56562048600475,78.89746473266739,1033.5851805690697,67.94265533950664,38.906212427684736,94.43277156260694,2000.867597986672,53.13576989346728,36.202632058675924,292.1491133298432,91.21726364547916,33.247522640695884,70.05162690042935,846.0750241273627,51.34345448545013,34.229105368289666,64.24444440200946,42.395866216584416,307.1813671809228,495.2753476594593,184.18740432925784,33.08006067981739,1848.4823095743088,36.7407920782961,46.31821607799997,765.4885493142833,46.39084906620532,886.1499513731508,41.429838213647535,309.19034967922073,53.16736126593235,52.547300059690116,90.75352294094445,368.23567951863373,57.52764149960238,313.2129196103613,127.85594647015868,151.07774786704368,32.932753171197966,34.10918727516528,146.15711097452945,160.55397043061086,32.946765793824724,32.94764587925186,220.28232442163483,441.38937280636327,268.1848876704605,83.7847397252693,86.8207406924709,51.935426032608426,847.0337652038264,32.728661353266205,98.08190149175287,97.441792545389,61.53485970729096,426.12066016729597,748.8598707425131
None,43.88624039351035,38.3357145393632,78.4431989726983,159.97646139426138,175.86894872889042,136.04975253508192,38.442195441921356,56.35382612312294,51.24500556465753,58.969295530319684,39.71574377854753,347.9148027880394,44.854812596698025,35.00122884079215,520.086875572482,56.72251799905962,52.275917963129146,216.2291220817181,40.283131279221905,203.81853882255837,48.78012028494774,555.1153810533367,1369.478979316295,52.57791415771468,789.2492498883929,1388.2054653697226,445.6674006404565,89.50628366540562,124.16405829269094,4041.744593974444,35.60852627354055,241.85650814394344,171.17864376736688,56.018055925233604,192.65963192971677,177.50660724391602,672.6535906993588,520.9773535860851,149.48905758089472,191.72876963987326,91.20534622678095,34.59283009233387,142.83417471422848,43.83566309901149,168.15793636762572,50.356999787323005,81.58234053468209,51.703359394458744,106.38234204829612,95.60780020471651,4923.6978439805625,1182.371531657625,145.12962589655277,50.85726771293869,1176.89314162661,472.79666203069166,33.09788100908844,345.9932384661558,617.7268762249253,54.832382628630675,34.776707670570715,68.30141595350364,1780.6998868890385,71.84083590762658,2174.8615210965745,39.34924242776992,173.7242827131129,777.6391835427173,70.95034872006303,125.96963675727415,45.36809933263136,127.70603139906008,679.3300994121868,64.41046238619404,702.9010248199993,86.99396702556706,55.368173713837386,57.57193606689642,2442.8122786327153,34.631951031320995,83.00902960315021,72.47361636407557,867.8326474802474,75.10495588543883,33.365577932466394,49.51341957669775,59.213320172913704,41.0789972695964,285.8283583259265,35.173471411541506,311.78713370713297,37.53157308712263,765.4087944986222,57.02021001008721,86.74185097909695,669.3861032572707,50.974184476129714,155.4964330952472,1350.1332546827784,2162.6158330446583,47.2401131206993,35.63562141130754,53.643097744128134,101.73703901974605,33.240425465019136,58.58525336482296,296.62648241778186,50.46815943234847,34.13445133037059,82.9952106526351,43.18920977711751,82.6677785522468,931.3595508596234,86.1178023323556,33.072271183177435,1195.9449592778335,35.67699596847557,45.157529001412904,1408.0985385014392,42.22149729995855,285.4406630195512,41.47225429082832,310.0066894080768,69.5570349841316,50.51922072264552,124.69426582982729,393.90747890914565,53.65386405006569,304.38881213310117,105.11399029229565,46.62076025600814,32.893235900056,34.597883407410905,495.3908126989303,281.72287813327813,32.939162290642834,32.940001274187004,122.26295103653628,93.9486125704142,114.43084262306655,118.53826699347944,77.44353513657985,52.89684827855964,400.4081733537912,32.72118742107118,78.32382673410166,100.16774679765791,62.1507167740549,286.2898117691238,142.54098265851619
None,37.50516944582321,36.17735148105951,64.69094327547171,108.64781274915184,98.57006231280262,74.14948907285824,38.277772766967054,54.05151954476928,42.22442046776414,61.73244643885317,36.17613779109097,469.60918157385964,44.079315540108325,34.992261634307354,208.8267796999018,477.32138419290084,41.55110024503739,77.82505172109353,40.20874200759374,112.07662730201098,39.84096819144152,1312.7200852081517,182.13686234659863,55.34491584267087,257.73622212293685,492.86189832419615,400.59491643425764,92.2129159903853,143.4115462569543,6709.470917018122,35.588510569464226,604.8927033309508,471.2599831122993,74.88426607878651,132.4756838474911,530.2309279976955,2623.329429942632,316.3326342485354,55.21672703598261,480.9211030440812,95.42830986670816,34.582409738063866,87.33903188924037,213.8290793452469,106.12644801142528,51.97091859060024,61.33444925012924,261.8082494192028,143.20108110711868,46.79958036099925,3184.432791155281,176.03663709173532,44.822176976084826,50.999225849915895,415.0967712553303,511.3351676368178,33.08999548860043,97.64417967796528,281.7174875250765,54.10961773610472,33.243739803763226,51.618792169109504,2982.468413302865,77.50944781742717,2997.2037670098052,42.00991168336165,149.1898523006207,476.62994357316626,78.06109110677987,62.05641042689049,113.30102540665165,131.58957342225378,433.1724878787307,75.26794166368676,177.02555828701549,78.80315577531353,36.293953499682225,50.39134000453833,700.0226715669558,34.65937884295661,60.48038624665668,83.70968119693694,391.86892598482666,65.9164355253814,33.18196853595273,41.32655186962394,43.81251063945295,39.65293006395871,476.9003557816249,33.60312802144557,1138.4171096457758,34.87439443216341,253.9222343784011,54.49343247830613,81.24195858920247,235.02928957955163,52.28175341485606,97.82864229421328,1800.940293645348,1927.0547384118436,91.05154365501544,35.58070090605336,41.368287866639434,101.44804388960264,33.23336473538565,46.64969047122637,53.2863806603397,62.87283251534967,33.3157570410134,72.5423026246701,43.80976522740241,661.1203290164382,499.00579167124914,39.833322522322455,33.0645063527676,278.8827867511921,34.386140792596734,45.123108044352705,2915.1106566988506,576.1476417330243,86.45117124483889,39.99125262798135,126.71954190951806,129.2945942493725,51.314553397422685,148.13724296235156,164.6788274683478,45.032618684252256,98.17106122671585,68.20390392221096,41.88674336589529,32.88371189488075,254.5317936165868,266.70388678301805,312.6303357280443,32.931559120132114,32.932377595138284,275.7958581846039,108.31620942553758,65.5875840841673,142.12744633594068,101.8292771983902,62.21910349424029,104.0073259080781,32.713715393946465,77.95130343090091,95.91117472289471,62.471598432003965,78.63129867243703,280.31987352655887
None,36.75089401093829,35.05368215449268,63.51147976489088,107.07220079996384,94.2035625272813,68.70156361500183,38.12289755742265,53.87519456301751,40.83638609700356,121.1841835926005,35.356334766129216,206.63065033718968,45.21258504792754,34.983212389694174,50.9024076770969,261.2882442240213,40.78728811213298,65.53067134411853,40.23918821192395,116.21253804791607,38.70391354432174,658.9949720675983,64.81048293849922,76.01157122131809,70.97450367615477,281.17441122763387,1478.782202890946,1266.6688422638094,170.24786891085216,3730.0686776414586,35.569652092116264,509.9455961025622,424.5435826992656,73.57014727572214,1530.8607191983695,220.840490248176,4053.238964701475,91.11284771827542,51.91387234436085,1305.3799975328138,72.08046341270493,34.573354014377216,1426.5466210779098,136.19689631612525,135.2719565451547,54.5020600128759,68.07117357603487,1193.9173330774256,138.68580667853,34.60241424551641,664.0555958973213,79.97314737121604,36.871916021649426,945.8151258482173,73.45576265071213,213.57594836571099,33.082107579826854,56.360854812866506,58.264647180533714,86.68773227087495,44.358364824926994,50.557779814621156,1781.2410176710678,84.10904675164014,1411.5844904563055,45.814055566387474,50.08261339105293,130.44439541440542,87.72180124815226,232.16304293278287,960.817155178646,156.58237712497274,381.0258639825891,86.86361260271481,60.02551718630866,55.83486820978774,103.95023126734584,39.33032275743919,118.53797509631279,34.87416768608751,61.555455671133636,87.02175595666469,80.78077672630008,58.804224518126155,33.313236320455594,40.650331629159226,42.28984095178211,39.48871709699358,381.2243610397783,33.58094604951497,892.0903991559245,34.62496461108834,220.57972271278416,41.17102301342052,64.40849507319997,82.86826738983494,53.51767214508973,42.736827408423316,602.1606570763975,2160.882918832656,64.61303035135202,35.55397830147613,44.679476552130396,106.55823495977684,33.226339432345085,40.588779337569115,64.73588766566617,219.83508227158055,33.160924797438554,55.836527237032854,43.08134920534913,763.9725669645762,89.49891920438158,35.8878936143954,33.056737057351434,62.75652156172134,34.299632875972556,49.632618707089605,4324.598694750705,1717.82688478805,101.80782359821428,152.51028878939704,43.99230260827457,785.0813136134956,51.47581095691893,109.87284003237572,976.6101340771801,51.38080354601142,60.18688219708089,54.08153140258828,47.70473117656909,32.87619279040324,594.7652660022883,54.294997386348626,572.8718632382762,32.92396037217543,32.92475928765253,219.9533058753307,175.52796689963523,48.70568293315139,200.14260008090355,134.0702190852458,74.58628064714523,81.15644057507338,32.70624507548438,84.98679336221446,79.85143038784497,65.04914868441392,67.3514496860159,175.67580164628617
None,41.05771431093898,35.397125091690384,59.79056184883271,180.63800113680787,102.42613001653706,108.31024646538671,37.972204913706655,55.520868940930995,39.64608081669547,85.48321659782626,35.08336418872729,123.45599480263344,44.208712605272076,34.997713697391184,62.17227210185366,50.05628323994567,43.88426920560709,60.89352714652482,40.30463710817866,122.3603332540876,38.80326080453826,99.19729554026765,52.42814849976767,86.44008373568329,65.01946185635873,264.1506070459152,1268.9255025717375,2627.156361914583,260.4608773193171,634.7168679360973,35.551451236302206,1120.0825536377984,157.80606039431743,61.5909883303256,4438.927798187107,95.4915635506234,5031.896619557965,84.31946689130456,55.101435374493676,642.2496910079324,118.90705154580463,34.56517682232416,624.3903484530629,49.99225748183211,130.17075817882164,89.22277893929501,430.1278869092996,704.4190160347962,91.49417651744324,369.0712423072907,313.2491648551121,84.39879208288913,40.293891747814534,3100.599211610325,72.52694305402716,120.04630877917332,33.07422347987461,49.7023341173423,49.060433559452036,71.36214734727245,39.03500060144526,77.44690551675713,424.4534388704863,108.98600994945451,207.70096503617526,43.924455001755454,54.746461423950116,86.54539647658527,100.75338398439646,566.7827280293936,1320.70193799842,237.7155243661257,610.0336002710683,69.96007814303772,69.9436071844921,41.47368053705136,370.9378419623173,35.245620336359565,807.7236351666314,34.97986984933547,67.28725218954136,77.76351064595413,367.8856169727272,55.686149604821175,33.821229210349195,39.169669320941736,56.00900470390994,38.39731467245599,147.78603349756833,33.57462256501909,301.86119643576166,33.92950622114181,398.47724481739937,38.25779902300332,67.36997979737251,229.19132617128068,56.333703714946715,46.4595916150143,69.78221897589913,1855.0882076333264,62.535496866542,35.527409729311564,53.49039680343688,124.7305505468306,33.21931001402948,36.47074583412408,51.91158859595318,911.8845302068177,33.39040938032314,50.835441968551386,41.10564723361617,229.6187872671378,38.59537897581572,53.31232366491118,33.04897183420284,67.7262046357843,34.300413758854425,58.001996086657925,1848.7780909432224,1574.7743482631595,128.74745564251586,962.5092622159365,41.80648450281501,537.8766100658437,46.86816591540961,69.17202973178216,728.3608101893111,232.99382949010086,90.52218818164309,48.45960621848052,43.37019722643594,32.86868543115575,1010.6088490221905,42.133964717631294,449.2022934233717,32.91636498637229,32.91714341094082,75.03591240313844,240.50197262935532,113.55318596509306,196.75397697714612,149.44929173214882,83.5602576028944,75.18606397485195,32.698776634492,88.40145213513166,104.28133953688885,275.99393413766893,156.8133595530595,47.49434065071897
None,46.38335000301386,35.940902035426156,344.2351290884717,721.260808616236,103.91278170884905,99.27154967372492,204.41031459550962,48.15975924826583,57.01983676306384,55.96323792396622,35.05896074802821,134.10728718328014,249.11122836555802,37.57013149558859,64.3966157241242,45.28418852188089,43.14573775256769,57.702177304346456,40.33260848834455,108.24629312482412,38.695401098195255,50.808672622844774,46.586316579857176,93.76684680269993,56.444746900567104,245.3200790838117,380.6791591073455,4469.338448796648,329.48467332264755,201.9569982426137,35.53355965865128,542.664335494918,64.67278384269682,53.1669567341854,5355.962952327489,110.32063696269172,1729.2263007773995,100.89985944227342,54.42083549601808,599.9294249130471,562.5457915390077,34.55719610959189,325.1866264441668,46.467172596448286,133.05407780666633,90.5494397082277,1341.3536973392931,133.21811306116814,71.06258244092983,356.80618134845923,298.70168752663074,72.33339914002609,41.75523700531552,3815.3097715885856,50.93725978840314,97.18163609170608,33.06634195729833,49.301716843611345,49.38021897335957,44.060459809653246,44.0307021050107,128.10785162928738,664.7684792168403,129.55165182011865,58.413936608594106,39.924639943428396,53.05855402242174,83.18415809503028,85.14989531787816,963.2345145576837,1976.6501869726385,248.7192534884076,560.6108336460105,53.11158022006796,58.30606204190549,36.874685901872965,491.9248998456478,36.52932510436069,982.0057054789336,34.76832121674261,75.70535993890006,76.80072456131406,710.3323757900795,51.04701916849596,33.32384365360241,34.38674116225592,43.33081680260799,46.85420926144081,83.32772344729253,33.55826254777356,1258.8658830833035,33.53083422170125,381.5327472489618,60.358117095725184,86.77536768434713,742.4126252921192,54.145865616898746,62.81505730502257,48.40214165339686,1247.302748820336,54.197230465049536,35.50176973837749,57.76348125892282,133.3909642179359,33.2122395310152,34.481383154350084,43.073215679588344,1452.6306673892138,43.146871855282825,57.90849977660494,45.862096368420495,61.63852792642096,37.23242762727117,42.61451192125115,33.04123151498752,69.7155817359103,34.302901008420875,336.3987870756664,166.21047982799683,675.6425525172327,177.7347024366948,1134.5347892607708,124.22051954515008,105.21262958310908,40.849584786193425,61.08657818201439,182.06726907515613,621.8178918802238,114.4684071221048,49.2383018498743,50.253158882329224,45.82709973204154,1082.8005971486534,52.99195293056424,155.3958995247813,32.968213430948,32.90953726731496,62.58485538771715,273.193617141218,179.9333430231979,198.47392285675687,141.28315746323085,80.07482385172166,114.1492965393416,32.69130995878808,78.81297877667878,79.49875790596377,1016.1407882208673,135.5043516888667,44.52192400768243
None,50.601446221722824,36.17703791926331,549.0897773786703,2366.6086542393773,125.1609857911656,85.09033079430294,425.05643836428163,41.066882596433054,91.3424821258245,64.21664019374475,35.049320963669764,107.29012666437583,2349.2003403418603,197.1131484319609,53.61278943251272,52.474338008945395,38.15134976783675,54.967582643584564,40.502241816849896,95.47098681396656,38.60569705545889,397.3911018381282,45.30545721976589,121.42268328681244,50.940895294573785,167.87778422397,120.81356278449611,2783.4127555312944,321.1682207796669,520.3267243294899,35.522399727943444,137.70301223943213,571.9423189512294,45.101161521606855,2701.632674489956,112.40713321235948,130.97357401353838,770.1127617372798,51.377167951421,1021.9530765914191,423.1690914489213,34.549214355148344,967.1405093184152,47.951899443449754,135.5425328456332,73.42279740595875,2282.06827405549,75.0280941725918,74.74885217010369,448.9058828354644,281.9036119106203,52.81318490037877,38.5900697691016,1330.823699796967,37.805457935471615,87.99686742464618,33.05845174801689,49.76904532568025,46.38175649549943,79.88914282894922,45.72967147133936,106.3118231713181,305.56511179063864,672.1341605690233,58.27224563578177,38.998001340314275,56.09617881942162,84.94108110587247,82.91299312474199,1392.926249510088,1540.3447418875464,370.55856032550975,215.17410727271167,57.473928958147745,47.69217551742778,307.8894424458575,279.42256148222117,275.4204689370032,797.9734268539702,74.78961832178919,80.88981729121623,82.19416528181317,320.30629626744656,52.675010166938435,32.56226734398873,34.063875902728945,798.0179573853932,46.60592096930848,98.26408559246755,33.549058082238176,1691.0866684683856,33.504177952589224,146.47127483904006,44.856556953375105,88.47890761395632,643.2419957934814,65.32644602026983,52.085847882650825,47.300621391334495,1063.039090269635,47.76474385710084,35.478026274533406,57.53008732332714,107.08317265922709,33.48075352245709,35.29869372526254,47.95637455067007,1442.0786335120831,233.2356931851524,79.96156032067077,50.57214903311078,54.687037873121824,41.4110755025791,36.600958355458786,33.03651173682586,72.77389155923635,34.30607745094148,425.4775652253717,62.62969412067691,155.27669134977842,114.47727882672736,797.5107835404192,213.36932452247498,390.9660297152677,39.44214915126853,83.55393192378042,69.86218056020168,1061.6091730252879,107.07871566171974,48.23016927700603,54.230790878094474,101.44803291360279,1351.0838024156433,70.42191293986706,44.457446856002115,32.98734001582371,32.90194393038104,57.604144169376404,304.1847515958114,106.67219583378944,194.82261722873488,124.14079624651951,499.2463818810825,147.7173759155195,32.72135521143827,69.55510311978583,51.23162777797081,763.1144883025314,61.53932619642993,258.0681749574197
None,62.48347778885187,36.73116312340222,244.76333803179344,2549.107498464099,169.799299431399,344.53299290259645,236.77662908996498,39.20949871627168,185.1123724261766,72.59767241398194,35.138823513027695,93.11708809246085,4288.667601389323,759.7984890611874,48.046069410040715,58.168726566763226,34.978725180817214,53.92707046821743,40.45869290337596,160.07083951561512,39.107362815375225,1051.8262995021478,227.89384982522046,127.71952734813452,223.77055782611203,137.67281802023908,112.30445196509588,910.8676875160761,348.0938073295804,1978.3136440096505,36.646254487189694,90.26757296796465,526.0165855303256,628.6856819880136,545.0673509917336,94.5651926585871,96.45779156675377,846.3599469097474,57.77948226879789,1256.0914518459726,66.12134126884212,34.54119634471737,361.10894571649493,44.416613300000314,103.9932741401448,55.85018743744123,8260.244445140404,70.39357093783516,87.14241724387425,209.35236919319667,1557.6664203077175,101.46327279856196,35.539657383870804,154.17508646595027,46.70591778173664,81.54874614731678,33.050551783513114,52.21650692066533,52.994354209533064,53.65479596981226,37.1826460156564,88.07131630302841,200.65246400385237,519.2951579993828,68.35755897592763,38.885662107732905,51.5802860335382,305.0820326199684,76.00423918955957,926.2557669745488,383.49767455268096,1215.1467780668029,72.73909270352527,63.11889817636193,422.5181729610614,214.4387715091697,92.3727497906984,172.59489807620918,1739.8601919658292,63.6230005822071,75.37711617826308,73.4565857320938,63.39045488678102,60.65294045591922,32.51250676235452,34.08617822631674,341.8229053717626,41.75072570406446,137.92547814723594,33.540219934176264,2050.372443076352,33.66500692513103,70.08062597610648,35.73226388707287,60.33267177465374,250.27309967381692,83.60749486074515,41.73867855725736,44.381483889877046,436.3863717031505,51.27281304626786,35.46889442752041,63.93054810745711,58.06732690760188,33.574811269611885,197.98272168674373,46.34587842681716,574.4329699904548,657.8855439655478,594.8222255073823,48.691986455020334,72.8882497969926,47.902168806987675,178.9805311717487,33.03059647167873,74.75338231479438,45.232074800823355,219.47458754460385,65.60973591554858,50.256440444503326,46.02829416997925,507.43632790683,135.74361570113535,183.7832202048621,38.863807643640115,121.54727216223934,61.448934145839125,513.2941826888624,98.78722208806343,53.19994535393354,86.77773664894535,82.59802093171845,1062.2195792340874,94.36508724760168,111.05860487329129,32.89893142937096,32.89435787431364,58.66385964157672,701.7651389267826,43.589215680132554,177.75601922802272,110.36754377794577,1032.4262234191651,146.3939301448153,78.69454647357115,72.15113032320023,1152.2272466479408,713.0681912637798,68.02258512073398,243.36477485939656
None,73.96663587426914,37.54098296452123,64.81787998690041,1831.9194134967536,136.67043481152814,1215.5464973904352,53.50614674563568,38.46746224062464,378.96073147417394,72.2337207541989,393.42660028648766,105.61215195706062,1610.7105471064465,549.3072909402656,48.082041599784574,59.65689631926138,35.374928621483555,53.75749701686533,40.683037330110025,118.4478714936617,41.56302196277176,2388.845284428149,179.22250944664117,122.75888255959092,344.8696785778648,120.83201446674536,118.74656880359846,324.17928362631244,366.7318628631127,1858.3669292845104,36.153870499813706,115.75768579783156,171.61913291821884,538.9616593334705,88.6735249899144,84.6116074036149,98.64009327514263,306.31029886178834,75.88882351840762,912.6135703213092,60.31690966835091,34.53315878771256,140.44483846620452,396.0751015594473,84.99314660914905,64.33609867696093,10260.840685865824,69.80047190972005,82.80776894525768,72.79905091605423,2515.015767480649,71.74570630875607,42.10377046854988,91.91891760892656,300.77078970470274,202.33459150007067,33.042650325467825,55.33859391845632,64.43813040675629,44.425025218460114,33.538877168601715,83.93525631523413,444.1631705448596,224.89579636286274,80.04253527390657,38.81616826339808,41.41697201461909,938.92282967394,59.75374907374164,268.93060892061106,76.42049229700156,1216.5336759124775,66.63350128580842,84.06869244116416,818.2414829288954,303.8827450051544,452.87576784118767,266.72456356744584,1447.8193084732543,40.385871338985595,66.96991395364635,69.59050026188847,49.644658145040175,69.41244780463435,32.50606213235383,34.33625170297154,60.27059731035308,269.21914608246686,98.33851224125692,33.53123255723116,1129.5157290704974,34.028211707050644,582.1115490924242,40.298015423331364,52.99032275484206,83.61398254270601,90.64927947838379,40.947675499533794,43.99955374582179,119.85871507732071,57.40847587278965,35.45742485651473,347.97285972052583,42.783144770429374,33.21254368353535,856.7113236984366,278.5862540862961,117.53655625299713,599.2799983216753,401.7976525588072,43.183525873512174,213.25992116256762,90.14468988649298,126.61312322155787,33.018439744271376,73.39364815304913,53.67138545643231,57.617072494954726,90.70935602971493,46.856877062648536,49.64003720696294,179.94035111162438,81.86997730344338,61.516321258824775,36.83099970501149,135.81722601618569,60.24444826901691,106.18869768157579,83.70323027333781,59.82895451401067,164.85775394118866,36.88086779289837,1224.92141607616,159.34198753752202,172.67265819451663,32.88602182996124,32.886774124953604,51.292756750788115,800.9190921591236,39.14693357179063,180.11086411127047,101.05296870751705,583.0408061298014,148.19464815244527,71.2603883216126,76.48704066037925,1273.4772215772527,2176.7617268895638,76.08875698097803,114.48309968228465
None,79.6325754783584,38.138799196497715,56.766181080677136,606.3255925959962,101.63043386413416,1059.9309409149357,41.96444820742588,38.30246618538036,399.36044779022143,88.9595729632288,982.1931728373352,367.14044128934495,115.37979537454972,130.1588176360753,48.25928693034661,56.111512157332456,39.898290244960755,52.303850763648775,41.335092478508855,91.9301003978535,48.7352982531229,798.8550886767673,92.65661614182152,109.35850715518144,159.06656005652573,77.45043393044209,145.39080301534682,193.65550708118752,292.30328923184555,923.4734253376356,1511.3531510672187,122.00100432354205,66.43065425564406,130.00423443902486,73.35442850570472,119.49386553261391,116.38785511942561,78.40158229020969,88.87825281395628,362.81768452291465,268.9718304872201,34.52505978242183,169.10693692264545,232.282436970973,78.38992287502633,63.39632797617017,7286.182382162294,106.85801392928951,80.9013688644933,69.08709870114143,1290.6600373345234,47.76928877485915,41.2255202342792,120.61048529932123,767.3017827683026,248.56609989585212,40.55148042661849,58.47388657793768,70.35430026016215,41.875091162044704,36.68272770861026,86.89750756391321,788.629117845539,223.7898066881205,92.61481525812832,59.042997434579256,116.11101077194212,452.6386487469157,61.11419574245357,153.9925839772739,50.052185808496844,457.1496311189825,58.75544108924414,72.1409250332069,465.9116762209605,178.79425180914555,430.04653552223914,227.7697625908167,456.43820683692576,47.72399455384528,66.47840739070195,78.02555432000169,414.07476536588484,75.00535188285768,33.0560696509709,34.47447540732907,61.927038918281724,178.01010732647362,67.24724626871951,33.52224751205605,256.19721685302443,34.244464438202726,382.1716401882985,38.44673027372402,51.61517900742909,70.5242073519544,91.84326251466548,40.72889245713663,45.26100596222469,150.4685296832639,55.26050304060285,35.42184461702621,265.7685199098792,42.92748649428742,33.182483144002404,1147.5487334489612,583.5629886818057,135.05898160500692,277.4386728774514,126.81557904930506,39.182109849117474,181.94126766544284,676.5482819833001,43.17379842583845,33.01041016332865,67.32145106670097,42.87961164517228,48.796263841675355,119.16113547916224,117.94367419574041,63.28853657510343,77.8340288314416,87.09537043241728,57.21538197639482,35.33975805206424,243.3402275307531,56.523082248052575,76.57105829823253,679.7646890013148,56.263244421195886,78.50819065955623,34.725423874348365,772.8834189100746,154.3097693210308,100.47248926894743,32.962452579680516,32.87919211632645,82.02381298799445,267.8996196462692,46.33908583913664,191.76661117981732,89.82053767844745,124.54314253952566,142.25039458768782,37.70178756179539,132.37024198402622,497.5693472870131,2406.0434712470183,74.76598692737778,65.80161107480399
None,80.22840546698514,38.170736496922395,57.718988719156286,129.46916487885952,95.28092835279068,293.29030132182515,45.53137966080402,39.5758684518057,148.19650816602817,70.08663343108844,1005.7746347175528,470.34143515737634,59.573538177597065,51.343353124666976,43.382958717883426,50.92450183322846,45.07520608560319,50.284878548526066,41.27182394673222,95.26015096304123,50.136448875242145,112.4666578350862,72.16428488493813,75.82877318306359,63.33839972946516,56.44562615226869,160.73810296461417,206.9719139868549,210.5976796634733,664.3611230844741,13354.151325328246,118.61292309760779,133.55212069269626,298.79302346138473,79.13299201181538,428.79996089776984,387.21365338407367,62.12410316533685,90.09583430123058,251.604887700626,408.666704494254,34.51684185227479,193.64306667343902,273.7498675047407,72.13277278131586,55.899922791426775,3570.9206726546145,156.43943279871394,82.19646585523688,67.52125413790286,1342.9036798743746,45.78364257946723,35.26450330698237,592.9109363532643,361.12694958399203,261.77806412502866,130.05453600614106,56.09936619399114,61.86305720804353,143.55768248324938,40.59629841357145,87.16373472979929,1342.8879325449154,150.98992012271708,86.7928543659323,85.81783648632792,1142.7447022631136,125.01522890554392,337.4743134847237,504.42987188582634,48.80979911897137,116.45911708911,58.073634838313104,215.6099222084554,146.14501066652147,641.2493842568667,211.29897919967019,391.6046864847122,117.49005540158475,45.907419305951684,73.5817066798086,784.9776184492872,249.78616408215217,87.38103110825836,50.926989667790444,33.97786842996826,74.45307325567339,49.203564001899096,51.577679404061726,33.51332606172415,69.74935047950545,34.19807986381869,131.92113867962374,56.61113467944088,56.56700555247887,64.98791692779002,80.48816685135142,41.15487301274736,48.55660612140434,166.82746945641537,48.641739925100936,35.40362537563529,92.65067876432384,46.954404285903884,33.1751463080298,709.1766598726604,248.76986558587498,92.99407171946787,84.9307961832976,464.0861225431637,39.49917189747902,110.0820305719888,969.89157860481,39.35826391364433,33.00359389779258,58.07881213892286,35.70742071117376,48.7666176323228,122.26444864002698,818.8999155493029,86.44236867990125,56.294880697932946,117.89358170783001,57.42762733413415,35.63119732537956,179.14833189695503,58.62322990588759,63.411579749830246,1063.8557803654633,45.73736267187271,415.8873814953962,39.14234663624925,194.24361032025558,411.9630131003257,47.04910422143854,32.94598922335718,32.871613255211486,113.01340802406892,71.02535736769737,43.62462730110823,144.3330773734266,83.69081282643367,61.186886120108994,125.56565974372276,33.11830108187981,409.2471080527086,135.16463314103618,781.9957037397589,266.8186987069699,653.7964597808932
None,65.77744368908469,38.04527121957122,57.805081849665925,599.5016559414886,95.85571620021126,79.39047932409446,58.10093264737692,40.23964511018365,49.31175564470403,77.71432214994411,416.195742429585,231.95692853209263,63.36858060139292,51.44355594030986,1636.0093314374787,44.27090665924504,47.7193664083166,61.71524965965867,111.24351098442273,101.27392521119968,41.562296364696934,251.74872198612323,67.04867658495222,238.5509928696297,67.2044707107477,64.03642003794081,184.3347327049097,294.39461085963393,160.28805423007006,689.2355147841804,11259.146854369132,203.56149838675117,254.40631901141708,182.98571808830533,73.9703200441693,217.2367871936794,313.56699387380667,65.19856005377015,89.43681637354496,271.9866094037435,325.87677924656737,34.50854897724365,211.79100086907383,160.45083238114918,158.41301208784955,55.55068303353345,676.3947023488519,89.35481812426514,84.03094276272968,70.02010666511782,1143.4905579162426,44.05587793284821,34.22163948503949,2245.4641836085243,54.78472836943997,332.29937700489495,257.427482439345,52.74357784052615,55.5041215078244,112.94969939904931,43.204473735323226,77.18080508763566,1708.4510993707174,72.61976819147057,68.57028477905797,146.52667096494122,1982.7776209469046,90.3539518041802,614.3168195369548,220.9914461686515,82.49482818761021,113.89626110495274,66.88023467200007,374.41547029788535,75.57525640406722,846.2787805065468,101.07489819564756,367.4936518791069,64.35931549395859,36.114495137283846,67.75165887357115,735.446610004906,292.11978860659735,85.08139646220368,40.205884741795934,33.935824173765084,62.3916841233384,40.96116099650137,53.84868368253867,33.504259337890765,64.48769302657517,33.854717078558004,78.44670337464262,122.00539906723064,57.43687997941724,73.24055145508062,137.3576608295974,42.024835504618714,48.538513355594596,171.97213806962878,407.39622473716184,35.385808316633025,78.85191228588207,51.857850714732024,33.16779178749105,316.315591293418,58.40115041613987,116.2052111970605,51.034261562381666,518.0670943212481,46.26157038231114,814.7523324206871,1586.3707246719034,42.85611817563903,32.99631653694059,69.0927064530793,34.54012049083722,541.1554967429631,110.56967510758946,653.0296731898379,102.50214353366788,65.60727185770821,71.26866233798425,71.3037621423298,36.531168880829995,437.7152455762748,67.10604360607546,57.74631523620643,499.2946057699769,38.54207494904377,404.575687924262,41.90246862094735,101.13844623527731,218.82504316911462,39.334459511719935,32.89927422599337,32.86403555610095,145.66171764594964,67.79275697670855,41.20288913618133,125.24940086262129,79.4537205156116,48.738283400969635,129.41095877813342,32.93766708557485,264.9393010927166,63.15992071767146,124.55421574265787,421.3148113994567,423.58401925861847
None,43.67203800284581,37.27474764215883,57.475900707618315,251.19325075627918,98.234411909711,64.05414155329424,343.93554340045273,38.81107650172215,52.459098228386345,77.95699615818418,78.19873578341767,583.0640559295471,60.41503026620556,326.1259212001098,1526.6513569136807,39.81925345269928,47.88482311815729,64.37314688887733,664.8560878867075,103.40059542124315,39.516894669905426,151.63458984775784,744.1853381581673,172.6079042600964,88.81850169343737,71.94921276930013,215.73237958505544,271.6176370162133,116.44901148222695,713.630793430553,2854.4321503230462,129.1808170101269,563.3050509325018,67.44010799559553,125.0008463374525,75.27051947686925,122.48896868888541,65.38072624102915,87.3187832078743,293.99266537018053,182.61978779698399,34.53201556662375,276.7634693688936,118.70815700916216,116.18789669201868,56.96224918603704,126.70779093253671,57.4966188817922,347.6955621484076,70.1296478506176,527.7511073831191,43.18396609248064,38.33028686156715,1932.5658539655606,48.637151825769614,705.0672938066173,107.34771079538868,55.96118838640614,58.0644670468494,48.4358858843633,176.70124705190972,85.27437608958192,684.3783109391477,65.27950115384336,70.19444574753092,90.38970880144872,1335.3080432917966,98.94150982594624,1264.3239899452933,94.42249355427256,65.35082153891781,275.8904924046408,89.16631293193295,744.8416428302913,65.79706787260706,418.15971571412285,100.94696479174287,250.07265322023483,60.17502379598992,34.977984671882766,56.29139597355115,197.08350708834143,643.1482508493393,58.75153951834596,33.03598550102202,33.92574102976736,426.2804424506206,43.12651056497131,57.14587917014109,33.494869017129176,317.00652370016473,125.71882391044666,394.9064231550425,81.73856473633596,76.18488537006658,199.5122938842205,112.19769735381846,145.31490936930064,48.04893861824347,218.2979901954241,226.2047042839944,36.19209667120481,69.96262185393606,52.13002266606144,33.16025876820946,102.5480583472643,192.5510367083548,418.83044131612144,65.16997899602976,657.7400944712169,50.935317176989976,769.3317684611517,1239.1178615997285,47.42297997245245,52.65056161281499,172.61000692626249,34.36602444028155,1414.3409114344333,92.70438487739706,186.45009167738726,112.1341878809728,134.25624397482062,40.95022335842288,100.11345869886046,43.64908192073495,905.2639352210184,94.9752087658662,53.39048692700042,159.99732706080704,38.83265814850207,178.7588446586049,39.021400201304886,173.74136767118648,57.29774055018737,39.74026116077643,32.857822155155,32.856459197519364,151.25017686768723,154.33552204441636,42.26132335512649,459.9297117094292,84.1268585274483,41.28328573670231,159.01125402511258,33.17475656616282,100.10982203851957,81.58854052674342,350.0679362988748,217.50303214551778,106.98212831846348
None,35.98453074110206,37.8541826051976,65.83613777841992,69.08170060494669,97.18681110772663,59.22182991414698,1025.3004366508712,73.90636268130487,76.07601928580691,98.52675515498957,39.969440691811606,3008.8420293889867,138.25344322767882,647.6121718096301,1700.0324061998144,40.19103737704081,48.616041162672474,54.15773594199123,1976.6059084170467,103.87480483925137,39.96786739962956,74.81183934987916,531.3836755643954,71.73462695991256,114.88746109094969,84.69353672836208,253.50713799829842,283.2045248706125,84.63154419076339,727.5081392971364,392.39668839430686,88.24805563033779,1448.2176856384854,369.64488908190077,84.88898440333382,66.03963811553508,102.463168161826,132.7118080241988,87.49235414684642,314.63914044219337,302.59913319837165,271.08507998701685,359.8152960693028,83.93180211167027,79.545633314219,67.63796365964667,91.38118459379629,51.843029061703106,203.537787926061,68.34201216426864,352.94979262922135,43.56739706780565,35.10911986688196,530.5385532955339,51.00583236872729,434.04884790947466,40.45095522641796,59.95350845733143,63.201659896880244,45.78134531202999,683.2018847649563,82.06154960701319,131.60884693514276,66.30955632408478,113.70236715573027,156.5924691855916,1461.4675789419598,129.23423506400863,1269.3943820429322,80.08295860840809,50.65624782809804,266.4264539421785,72.38498322500031,1827.970504004758,70.717919657358,160.68163764828225,126.73003065722037,446.2908707667368,152.4925151438399,37.53793778053804,51.83841200614396,62.028083845419424,307.5145190498842,55.470657243196676,42.24671707682557,33.91493201850598,737.3012008894766,41.973175792103156,58.46477595504582,33.485435426186235,303.55542420139636,226.03752493435044,674.230047871468,39.64420863231689,112.3383188080307,300.2022503027754,56.68010437957418,127.53245283561762,409.09604876124604,566.8658003360846,55.1790937988517,35.65864818343111,52.36956310492999,47.84231372481688,33.15285987791764,67.25062202672858,115.42417575900716,541.971597393404,87.9460619591244,477.07100894691735,48.39377661001876,251.47878388181647,348.61496681216033,54.55303786831133,159.1279184995567,780.3332172054128,34.368702377743396,670.0698737882512,78.30959202583385,251.84886274670936,116.63846963212444,81.9001088666617,35.036825004893686,140.3034551823047,51.77666237845322,952.8875261142638,87.27647416438809,51.46036644258336,64.28545035448748,42.58799285546083,262.166816627616,34.96339617400305,219.99472200653642,50.35942313149161,40.00022185372698,32.84810051726843,33.001103391175924,107.79536479849784,151.24695449396756,51.050309319990475,1016.2555555506523,91.07123156873223,45.08315945713839,185.53728685084363,33.396333364696765,66.12079644630528,83.80991169848681,575.7586979178099,68.38391385325981,48.28352347195744
None,37.374337868949816,54.052109198679496,256.334813321259,72.62938771137874,90.36006396668265,64.7478096662685,1793.6821645951566,91.18605616096956,66.70274177391471,154.50081229808495,47.54070651142935,6301.306650713209,96.49434279690512,365.92641286214723,2663.00569316258,43.92679681753196,71.44039386415184,51.04019374028737,1361.483956484189,104.78808086489498,40.16345121523616,54.88835602228018,165.89616303121534,47.465313733355806,129.1499202705964,88.35694889791313,348.2137200391099,308.6545633570145,709.5570157213374,728.6370538224544,114.88429966545291,114.6222035976498,1773.8278187921594,953.3758120935908,65.43222586208174,60.894558739050034,1505.7335548757724,1122.08018624312,76.57976008914343,319.9200660755038,578.5121000331725,211.8804996858449,360.9480854032521,92.25530229579373,84.14313449143121,75.64540741242969,88.2322626465827,51.17084810282425,201.55558500944585,62.512684349270096,1284.7052923880156,43.88140408534093,70.98586146899994,158.9334087903681,46.7619154260361,160.97490158719478,36.94007306038136,394.61781686188993,92.0252770111908,49.52454539217558,769.7511467744772,73.00112155805974,93.13114225472236,66.89360086380827,219.2747125561696,184.54317476239518,1244.6228240567082,122.2983706973163,939.922462882932,67.99899475631717,52.016236301341316,252.34197960194246,65.8746930078494,1878.752442232196,84.15991703222342,91.86606614495663,107.17851112681541,1760.8446432467008,440.4811145130764,44.256488592496055,51.66713278204424,56.095808962245606,75.32135568165934,66.3741851924225,41.51718734368662,33.903290663910305,517.3338550061231,46.767388104691584,58.918408478223675,33.476283038632545,138.4300988456866,114.83668926066484,442.26143582959367,35.5565492251078,114.49664169841358,904.8863116796581,357.78824687529936,68.90626923528666,940.5421221411152,344.42672657678946,46.35047824322225,45.62048103136336,257.9832562502146,44.77514136673616,33.52974060453867,62.48162768095377,56.130946794574726,246.35142986928082,79.85222457065095,221.60524928153998,46.195436172746035,63.249105461807616,1212.313449567978,54.13261681491337,101.358966156438,387.7998878305337,34.37758126486536,87.68739308859068,75.78834901254302,167.30183110175966,101.02599595505987,51.268956272752774,34.84545055098006,144.23170636175482,60.496407104945504,474.3961869740452,63.826761496386816,49.28930266301444,72.51508325161889,50.1469267771491,154.62724332138598,32.98896929848618,162.92115167869312,44.30703983046562,40.96439972166212,32.840494983022865,37.90236623452344,87.93960990636505,112.3797415744287,60.162596773783655,1400.7636770504375,92.1576113745053,60.660925746341455,185.17916292379132,32.70700133736351,63.379195518413276,68.55472355613506,312.27753340784784,41.830602566943824,51.782335557633296
None,38.677637387941864,46.9982036533529,209.73477301549983,70.67218971377534,83.69812684951309,65.72528752291217,4214.1136341751035,148.58858439452794,40.746718392812696,422.05072019469293,436.86706780617584,4407.224452276513,385.84317960834426,1314.5452570148113,1439.0375723174307,50.24227272476432,158.07454044306948,71.17847684599899,415.50994860186637,107.04529783990358,39.614357134255144,53.560197592518435,89.70961583976734,138.59161653511197,123.17676081841655,86.2565824376977,171.8877145421194,295.8425432869858,2817.352733740393,721.5431114006442,454.5764160585175,240.2400290181726,636.6368868508181,795.6120906844453,95.16132535459805,63.41122234824989,2045.5402235053518,2077.425043751326,64.6444727311614,332.23954768489887,1158.1222290206465,72.5725444590713,309.41975185426526,80.5995456943108,101.76238727836756,68.28856496189883,95.62092868044596,50.712060449975176,136.68269311367519,61.627392534233586,729.0720903136818,43.78198831166325,94.13617812152184,698.7875238309822,43.351645326666,72.09704384480055,37.619524516321896,292.6975973281308,64.51244158843228,63.99644101814896,335.3757566430786,155.62450285844275,75.30477362594773,66.4153940030579,485.65541218486845,95.63723489552149,442.12989688290395,104.8291053290089,428.1283810267765,64.61120805917234,52.63158662883002,151.01693445533994,216.52894078948884,1261.2489467094995,70.668816691901,74.77170607262144,79.78051725421011,1852.9978064643633,792.4080333215081,263.86075822159785,53.44892614692933,78.36454681530482,68.63623857064053,53.750616443068935,33.80644356298449,33.891484095761015,140.22716372811925,53.138274938548,58.01750015588381,33.46736935938139,73.07310846574545,352.0766683395702,185.62679380281352,35.56198930854382,79.25674528254427,483.11153749525175,1384.2342130727707,41.318483042951506,1580.7632954547837,145.08281814436737,215.3199559192617,482.8384573968985,1056.554611481974,42.863578415865504,33.66064373870771,54.151040635312405,46.12347420445254,78.3317865253775,54.688378126908006,90.91234183175828,45.40217514759252,69.37870482638078,1231.5762980448378,47.1795266677173,40.247838933207724,593.2072000197204,34.39069968754165,59.27015306739776,72.92873953131104,104.64617064655624,81.01325026088695,51.30054028962083,35.004590134589186,102.42688789913555,78.07183494844301,611.4726820874121,113.08874787258999,50.342660536486775,90.84205400386156,140.48582808706558,79.23061579114618,36.50454545332365,107.51213993394163,45.015648765293356,38.65229413110911,32.83292000626554,38.64399576245968,328.2372305469482,69.82046200150347,67.29331715359844,631.7164045157851,85.98831972060701,55.246881920916955,127.10841944079009,32.619317444968075,72.59294542626745,57.38708502103053,187.89995384198016,431.4215154434997,81.70203029730705
None,38.669599491871864,37.41481897627789,145.81234978273852,445.57457012364836,82.98329819879535,78.22858614497335,2809.042671350321,759.0542216181184,35.359880055897435,1641.068770817361,327.705907543751,1613.3834626420194,1528.2086331966088,1153.5912325418235,294.8744291499666,59.610966132060206,814.2873877973143,62.97754051381313,308.34307992344014,109.4061638152792,556.3461161535009,53.054338900902,94.70508920674543,109.35086729147535,117.07071652593048,68.76456234766037,83.83210924871689,287.84801580088697,2690.630405253675,713.3251055356369,225.5286252435236,268.9216026314133,90.84250894812835,225.13559606767853,75.34478355648511,70.76736530508978,902.3099963054215,1379.7839449816165,64.29600779394113,326.07951953434514,7295.547609803399,41.843789887539785,222.72431483614517,74.45906507546853,112.23900648800556,73.01473658698164,115.31496367241499,51.17613064568202,62.414489012509044,76.08289770940256,398.0752910604158,43.68021534616938,161.7401968813759,325.3932302256579,40.83858714553398,63.44371062153144,36.70119134577031,107.28578373123713,47.19130454963605,51.47658571645183,100.33285352312186,782.1493260989038,617.8996619357458,63.206172508007214,530.8924957391146,46.39367262652829,114.55122509936449,97.89353771603506,305.82610130681667,69.701051381065,51.260966700709886,78.07416065531116,238.657010312492,614.9930273425826,62.265232288739995,70.80404977574948,70.13478044465144,1061.303261422971,1464.5448531568475,760.0292921151164,55.55659620888983,690.9382350149755,70.81419354189117,47.84834963298415,33.0376829885501,33.880330549567965,53.808234194159496,48.75214331249627,75.07035043340673,33.45863683737748,60.61677834792838,652.6077231869311,425.9441107456099,35.04277252299586,61.20030154624717,98.68835322828801,1171.108843005805,36.968553348419405,912.0892475659241,359.2494420034626,1474.2060246757592,312.53744779335693,1307.6173792946772,42.91363397573669,211.8213602570356,61.440306591422264,234.5899209878909,60.02885500071753,45.84346578134694,71.86078625331795,46.8913368246783,60.674146089397404,743.8683357684813,43.21778422253945,35.25397342345215,801.9265050724662,34.43184885473242,62.627747918677656,69.74052525734395,72.86784092593523,68.26662827770093,55.526704113578646,34.76927869670033,76.59789955211305,85.85034787046699,641.7228274329246,370.4624356854583,57.30063544292022,90.91844394965764,354.8767056861261,58.31145278626276,175.77371775609177,107.34176122145212,133.49037983555098,35.53833287655848,32.82535709508352,34.09846919890899,286.6341652070395,59.99033619389998,61.91451380394165,94.67989537024944,149.6386340141409,54.825198741980756,80.771419933391,32.627936337040275,84.34150422211043,51.80956978412832,926.5420157564968,382.6682942009842,75.72305307489239
None,38.799872660401896,35.17238565178444,528.321591482512,2226.8213138969827,82.63984419885135,451.61153192436484,589.763690066607,783.4906574221437,35.54028085043322,2774.8477785588293,97.24729693169415,661.0844551855901,1109.4453472797547,336.16503682319336,62.60587906545115,59.9816416285227,1051.8683553668354,61.51868050533564,140.6886971051488,108.69066058037077,337.2422675311558,63.01791061801095,140.90597223194052,61.48646664675641,138.17380035549567,77.10610096670115,74.93856397819917,283.4525952916265,697.2112343226544,694.0479383736763,80.22160708719572,109.98130313783815,63.400138665620396,132.93019788261944,59.29543675466426,74.99687170518119,207.545720509572,402.80478907767184,65.89853903182066,317.6215008359408,56757.174549771924,38.90275478610414,201.26953868954388,75.70263492459144,115.94127583512586,86.43772641729845,133.92009440298736,70.19216346784955,62.80064461322028,89.30756294347715,375.70230310711713,43.944538266335,89.98126009225153,102.20951530738186,46.30613276184837,80.29393996710294,36.43860700155445,563.6166803762927,47.27863231216642,40.026705114276,53.349274414867786,726.9938117429796,1205.9772235646874,461.1397626558594,710.1744852964383,39.59621967954328,347.75809409606245,519.5315757024292,846.3105169672248,252.42560768784097,52.691628532220285,70.5105098552643,364.8072748936385,180.71711098254914,58.55149096618813,82.27836368635529,58.06995591140092,365.8785456982448,1286.4753118165365,1021.5081012398016,58.72856414112929,6916.594707834056,59.078006673611796,48.31926223174721,33.253558052050984,33.86988116864139,304.56604149008234,48.290055783363854,179.07142918582298,33.45000072707502,65.91839135915251,788.2038994004939,230.49753965090156,34.775463476813364,56.76880322604922,750.5935055356872,463.1707009083765,36.76453329812789,276.7688211603805,204.05273118742372,2807.9228213773467,52.27589966099786,812.2613553339518,41.70003529036095,343.10959114935036,56.971111267921295,315.7093372282971,488.4896473342146,47.57425170186905,99.68600778513316,51.33186284452471,47.24024559935896,2341.591051944906,40.249148392037995,76.82116028813137,337.0317559592488,34.48419474838881,68.68436840403534,64.28432386237299,60.00861678024775,294.67822696719816,59.28968164739436,36.89225331182958,70.70444435744774,1230.2003997676754,328.4359131175775,199.57868981030788,65.33821350946964,90.01928207379143,225.0466628224577,950.2148808400824,175.53904650567,83.615518340999,172.79823801207115,36.72640932680078,32.817797406096155,32.96155808113929,112.68230563203936,62.694150190081565,50.7003127691708,82.55209789651902,124.49342196716043,52.04329989145061,63.22892183927343,32.627672565682595,85.5228067364118,57.477286127177145,386.0336108851868,99.75008803505658,161.85026149657432
None,39.04147883591428,35.06233737149779,305.7803818302367,3798.823922718952,82.27402199275514,216.42665612676262,602.0658663088642,351.53444170753755,100.8789061065172,1744.8628935431411,112.85982604910956,488.59123877913237,281.77587820441,164.77571898533682,56.5753150779837,52.343794599000304,475.20447167142714,56.67616842107702,76.10464903445359,106.49457756918116,92.34829669303234,82.09681438372377,135.32611750471992,50.92115767621932,139.59365388871927,103.49762137635048,76.90430257124406,273.02935531014407,292.03655703899517,674.9752362121261,125.2721556963888,73.20258991360488,169.2757124159239,83.80969257442763,64.64746976545855,77.293566609123,70.9865215613975,1579.2853012418436,69.2976076546302,319.84486719724686,39364.92952673708,154.9049989879815,212.2595858524212,77.29304491532841,123.99825916777004,62.37947389433164,167.69108090723552,1188.0667841739107,221.6528721138356,88.20011786260076,375.45848720541983,44.19579904122366,43.85710443929577,134.69308587966302,49.14669860755392,117.32433374793892,35.852193389244775,1844.420665681144,49.199055396349706,487.87940121261727,90.77720786796564,229.75005791017804,795.9692166774797,537.5777431929866,872.4500318620618,48.282721247689885,183.022704515156,1252.5823225228908,502.7987012979898,123.54256719411656,60.73088768695035,71.59560216604746,320.4523610680638,91.7103016931526,58.66940208156393,84.78866762154365,55.12989861278727,117.3586511259263,500.8614957137478,684.4569101961247,63.3907361028436,15333.902002233892,372.79170621493563,69.19447610869085,32.50265065689823,33.85963808727348,462.6243627795562,44.93346171929223,402.840822673628,33.441402621091754,68.77738979095513,819.6535740598532,84.43432880412381,34.59056854659719,63.23511998263134,944.7580475490767,1721.3425805695954,36.509581758503245,671.6481155818259,103.0130156259253,1802.7283804730414,49.921785377306655,712.953371981799,40.806578988281004,162.9441427707443,406.1762477376986,125.9798956051458,490.72843545153745,47.39231777178047,142.20014252960223,57.95852322001574,53.236244495070714,5839.219122118763,37.60136828011929,64.4422205703181,1132.1384385380175,34.33555863060326,80.37767260021876,168.4027512591925,57.151217444006775,1175.8949618386596,59.680460196346594,45.07247603088746,65.26598136887142,1364.6014568502098,152.49078822395745,64.34555849900404,77.44474661710859,88.1632382652703,77.49462138160462,737.3202195002789,70.7594577137243,575.4776962985745,157.115580454372,51.86519228174793,32.81025483335567,33.13077890500845,327.2280324427996,65.59297940240978,50.3646548398003,169.9681735526957,70.88008576179888,54.7901947225109,54.327641511542645,129.18800621360901,75.68919721502171,73.00464882134641,80.75938580143905,45.573410489775284,322.69679636526286
None,37.812296222137434,35.07230298692465,243.05726876809564,1459.8240419131707,82.71916787961322,122.73373579767949,1689.0416414602691,123.75525181255935,236.822209888429,384.14712086409037,200.43528496162017,518.0838668750018,736.9991277990854,235.11549921687717,58.64220019561753,45.53230744633164,93.73368281926592,51.14849211739556,341.4424419860703,95.84312431646877,273.55147119234863,110.22231633376856,101.88324461918712,49.25400086498,115.0882429127173,126.78195319047668,77.35188197456121,622.7771126434312,308.07657382914806,682.0173293043099,111.4467396575085,80.84854534234394,284.77692079944836,48.733738689308936,60.22983204433608,78.77763329254131,71.1022591180263,8816.293073596475,79.73488287113634,323.80995433791327,8170.819584349902,112.55046686856859,221.59142716278183,74.0708657111892,137.10469251154421,52.190486380276276,234.8729349214329,2928.5776393060705,184.43860412933674,69.30274526548139,384.9524679826616,43.409889224176425,47.72660423829071,189.9517636475032,45.182542012638635,153.68528735373584,138.33310158118186,1049.300400897005,52.80300139352242,492.5556291022982,97.71170507134752,242.27471968166725,949.0126513588717,203.7394236455256,376.32244175856965,52.32789786046996,61.88879911848911,626.3513788862972,118.38170439109915,60.313823596351206,66.25318234453222,73.46777467404193,520.283399662906,57.706110396156596,430.1494792067245,84.23077238598026,64.2720167432578,101.12281563661112,164.73962174390266,239.6415658049849,70.5822978649882,8706.304772565074,1510.9066283055975,59.700005173019036,32.43219270425628,33.884590345129844,1990.2629041105965,40.71092998658093,692.760725449529,33.432864869230706,63.95193583646664,1511.404994383358,89.34595562736617,34.8508372905972,59.40908172823888,1260.2793167102263,2336.932962027296,36.192244366263225,690.7881591360931,92.95309728929529,1023.4193082089956,207.0673493252576,957.670660777301,40.64571104796703,51.737541949681045,310.33889533403413,97.99739838656859,309.3053366653401,50.38909219305092,150.24782694279963,56.239287384928886,69.79507425058367,7518.4372091443465,35.8098907143857,51.40180506790235,749.0211539674773,34.32580120740675,110.80752299194894,130.21812557404155,51.89401745238114,1796.3214089896533,133.46206353836246,41.16469843531365,58.577365445057566,605.6605266698696,127.5924744482982,53.090065435975426,92.02813311289127,59.014320177249004,60.39447645419504,228.43816168292958,42.53508947136432,462.13436314652915,82.3352775222166,46.271818589148644,32.80271331976097,155.14927318034762,1236.0085202116998,67.87271836643012,52.960814381732455,121.46071962110044,68.56548575195937,867.4822186615859,53.22860638601054,466.3556018614894,901.3034433672262,374.7341851485425,1078.7653086576206,55.833117176173154,390.93531555574515
None,36.83165124673176,35.08102864601251,958.4028701308043,203.84054955392287,102.82910797723768,100.74321342544931,2589.3858572429817,59.481819273861426,131.12246259085077,100.18634712111269,95.25618996698151,528.3013693909958,790.551073429454,255.40737274356346,78.47475257601195,41.702177412139136,46.642511757689974,50.14775650995921,169.63672685590618,92.50730219148615,232.98857339494876,131.75423255446464,85.42808426173906,53.6765877179422,90.9439471086613,121.61845345139416,81.96020386314663,1021.2208481190344,177.45528642419322,944.2824158882493,81.41267140660561,81.86982718308771,149.50914167186804,38.47335527813126,57.74169517001442,76.23423954593082,65.85052522692533,5265.746770955101,185.9517664928705,588.7509680833064,467.2061692208862,57.43203472387364,184.43152834479062,66.75976923126913,123.6523935907748,50.05672303611231,237.32147635138324,1089.0685068406858,94.41538735921611,59.580194382308186,384.10588287348725,43.106944516724965,59.84264568614064,189.47147996328837,42.65057632173744,146.8827091533145,630.9278759961472,714.0960443469133,63.91548128561592,194.70780737030213,79.61558222052524,1453.9635519077801,631.3574189008392,863.4113430092423,85.7819416564874,46.44811319927352,66.39640380564522,130.31797825735114,93.01710063676005,195.77461606061408,59.50017011034645,70.5633808497175,517.6216131123018,67.31804951947433,812.0851208668328,99.80571395288649,66.87547486556679,141.7890245058627,154.52096681790013,266.51184017432973,77.15986118996835,1371.5013281075826,987.2787107331008,53.25612659923818,69.45027153778507,33.975918244259084,3476.724474157182,38.4709439348346,548.2946349984018,33.42437693867745,58.77535754945157,1715.1353575254898,77.73973636076758,35.776644431354256,52.27730700516011,1100.6746261129097,2718.524145665304,36.340564303349964,221.8011510400558,104.59218343414341,336.97305544604546,489.47332775134737,1184.354455886425,40.66533249457997,393.78210052181066,420.83141014221746,87.34450794383255,285.7934786690681,44.67950381091,429.57004728386767,55.50235312889043,74.75774059702924,5263.901719303146,34.573910788553356,38.86431407442434,207.9552262789308,34.325604890358335,137.9556913611832,126.68675403576384,45.98790872576867,906.369707522182,105.7156768240767,35.44951145533349,52.710122605204475,144.17669226118542,89.50220610588669,52.72020425244271,89.95297076575778,49.47470360278921,44.752727261901605,87.35995805040756,49.24268621113154,113.78474007450066,39.521925160597426,36.891450370761774,33.3043511603965,141.31276443449067,782.2394432923802,68.73625804778581,56.82210695164651,70.18878557004071,70.56981420575983,1174.706375063304,59.01537037638223,355.1613312787158,1001.5037205338904,1718.6031050073661,3001.541977108197,64.8902458063219,1166.4067787574554
None,35.377180865648654,35.08697510884198,1049.9824361728909,980.3785077632781,229.2751604020725,111.96919586911707,2854.030276230101,54.13445040690043,67.39968520320046,332.7320049103524,47.231788219406965,533.5930096279178,218.02646657156262,378.31296300972787,87.91911497255116,40.061295086277816,47.203112785991976,50.67072208041058,70.04892112467789,91.04142606291832,121.46093079265734,145.3783196093801,86.79049715016468,58.09644145119438,79.25383732193635,92.96525889805584,84.89309679516617,567.1090611732965,109.98037179560393,970.4745854625355,98.7491448855278,81.4908626666782,75.9149937331334,37.75157275262679,62.765665947243136,73.42600965400523,522.9833834493834,837.8234593769481,403.38457312879615,1062.0321491318084,83.27080683781338,80.16116197179214,132.2906352674577,124.36472983662529,454.44990745683515,52.95733040406043,176.02414655200798,116.56037266810496,64.10876557735136,81.80031760710744,379.3245000303141,43.0754611899857,58.666239341467886,569.9144663961067,43.9504269502461,99.8323240768085,885.4471283280383,1957.5546930537478,75.71416717586486,58.7968091675485,74.89153619752773,1352.145593716199,192.2318452380076,753.4296958255052,62.2792487660145,42.31761663277316,67.34373541538739,90.8857926365994,75.6804235729072,836.0184418666807,54.96823954663026,67.84090551055826,842.9994929788776,60.63295541615531,638.5457960106389,70.64616249696955,62.93054610931977,429.5519498932707,137.3140068140755,546.1984310400759,79.48821950977923,310.6537892841723,253.31386566961956,58.5163214660556,63.026293813722134,33.95271642092625,2027.7138350595285,36.872306018048214,195.3053301553174,33.41592387273545,59.06308761375091,739.9833132664643,67.71716152850064,173.00328367647614,424.1736632211047,638.5695574916159,1091.6110351682337,44.20117662196703,78.13997344503312,137.81673642477287,75.21634403836933,347.70897874974486,454.5285598092083,40.68384913048654,1853.2562990753968,1929.7728786585446,467.34855682077375,158.72045662613198,36.090480130538026,308.1795982955155,55.7696918861057,681.9482372268541,3105.5874808537183,34.20339206155663,368.7603980517807,77.92608607151962,34.324973332131904,130.618764923779,80.05833092756356,53.7904689374585,218.14696667554452,60.27994899686098,35.743826714858024,48.943101643548715,46.86013762979209,63.890377096604674,56.717074401765935,71.19717785396085,45.81962017001446,41.188955568840406,104.24319260336624,56.46736415769572,50.54178868201085,36.19557264359153,36.818727894288756,33.542421333690875,77.7365305707458,146.38626132451202,66.3321236593387,57.574047318755895,77.2014196972304,169.6503030508191,2007.1274939298587,56.690821390488225,389.36513049891715,698.0778401883329,1958.6085134718974,11104.046192981385,55.894238111304475,851.7760199237158
None,38.508138785562345,35.09134738886765,348.4655704170455,907.5178218797536,332.16883901813776,324.68023304949327,924.0916479684253,50.561000663816856,59.89184909079539,282.24819693834576,45.03097333197434,535.3399780077336,63.08740579230797,180.3827357029257,77.32099389614717,37.54153292945306,46.9532411161191,50.57012050515827,77.60987402138994,85.46383953280288,906.9839177923154,140.579589141612,306.25573366598,55.4417174106957,72.67733372102553,79.19514110560536,86.98185406422556,351.00983375383635,88.15404604707523,790.8658391148215,156.518059177213,77.22705906094183,81.40387897765754,37.893751610310176,73.44655292679215,71.20552857146447,723.4962905484795,94.1600843384983,990.6762384686584,962.3409293627988,70.54978006958359,82.6743435447589,199.75852357871915,387.75991052266573,1183.9471719039157,57.70649285099605,130.56953907729098,73.83454037098234,60.71055043847794,60.71882052353261,372.5111551740754,43.05975303178011,69.974822470547,559.2249088454488,43.384592789369485,70.75027914782306,703.9170160381401,983.1381862719452,76.47797401932311,41.955971738589696,66.40805499113515,394.08502515425903,73.66025324536359,353.3260739873548,70.17977393766317,45.067151338124994,244.2318772068024,83.94539301983178,70.16516757728725,1276.1781404386545,61.85610884852714,64.76047429491248,2456.494974214012,67.49985703502685,624.2021442475959,94.82052444195295,116.27697831938377,2124.8701179495183,133.62666776050506,241.12213934697476,78.76966412299906,107.24945336520894,90.17970546033773,65.41853728826672,36.86231461235784,33.82380243990829,443.39523816824857,36.02466771893064,58.22139455981151,33.40751330424312,62.55812221055323,455.16942596737283,64.61664687220896,107.85344526471023,292.17967165122536,879.6621117608381,123.84137430944773,40.412334994190395,297.004626739182,128.2750033211388,65.1279389002527,661.7553241587657,123.05940419523552,41.43504170421165,2031.262267964136,2880.258506797978,410.4268781174487,72.25860097024052,69.75483323756684,80.86906037883531,46.997508334620065,1833.662568509385,676.4912344153677,34.37768919372146,1702.5543902051554,66.29831076140735,34.32398543666589,112.02081870569776,57.69609633815541,49.12847747998526,67.19724822163694,327.272219258588,38.598614997728546,50.13661316181933,40.715785511428415,58.55263810456806,80.67671120754885,59.9698752383985,41.465143061399466,39.26587734059196,110.87296114934523,222.31811877024148,48.45107404510959,36.99533816911753,37.67581092880352,34.60220896236492,47.8246616802134,526.6035884910003,58.994435397437535,51.273235749269425,74.03815429368477,339.91975389616107,2752.3708261031206,53.71146896234626,431.2329776315676,2913.9264170724764,2405.640383959165,11885.488135198899,40.39679040112525,663.6291097389923
None,40.65244636178756,35.0954027987782,86.73908686128831,302.6584624973387,557.9719698878727,162.49042527714906,151.9696068648006,54.82231001914176,56.229222577735,131.191687747096,63.24451236775759,802.2661691028983,570.8953513732703,83.1946618006126,79.04337300443518,36.06624726194532,54.251324205048114,50.386779833075934,108.3602619208917,146.09791223179795,738.5901529109856,104.81611925995684,153.1137237355247,50.0992782436172,65.51862770601022,74.83995151957046,87.72723970882168,360.82501267745215,78.85032325367031,706.1844789750863,194.4000447305172,73.35388426576836,91.42848983881892,38.01761958877368,80.28670624298597,67.30917498684505,629.3170122797983,78.22500633924773,2203.6492290985107,1308.6859241340492,647.5903392712437,77.6374234895008,274.9211726768513,512.9466626515493,1983.019157654565,53.11704091778735,114.2975916021755,1195.499308069559,97.67108176871244,45.30458601807869,374.17694734052253,43.04267736715106,46.46644498812343,310.68910012141987,41.53353599824696,58.692431276101686,1033.5293358681963,148.02499122376028,61.39225463120074,41.21620483666272,66.59285157916129,754.5607230130687,85.27085333278352,131.73716051095292,77.70439503831902,45.434262740695246,667.4184786722329,114.52869348961552,64.08760209838955,893.9670975778113,93.19541645686577,62.51592471519032,1561.8287246689608,783.3407333819089,1200.9849769026355,346.594601739348,230.4183382123933,3795.468361850483,165.14571832026297,62.28717327218252,76.46290701732461,122.61469600941669,347.78714653214234,69.02325890715038,33.987348584855255,33.80676230604177,110.41544481944945,36.076446925463635,51.6019283670299,33.39916224750989,65.84399904473148,882.2548978491501,64.58210071674634,67.86146443189435,95.59135662304855,1244.2685137098467,58.53647168020864,36.77200129890812,165.08683399812372,416.7853349805325,571.3719131836956,2773.610260068657,69.52675574071867,41.67974236852578,958.8402286395583,1366.089660250972,149.30480685945437,62.666707127410504,182.51524397728957,71.18421048559892,40.027740256975704,920.7315567428337,114.93705716698929,39.062649067763964,3104.303890995448,527.7602504162681,34.322836005500776,76.88486775868401,56.28946338271204,583.7011004893698,86.8734577508427,1897.9270344547558,99.68828306068623,48.20319987319398,42.01827273395968,106.7762052434642,1772.209556998233,56.238839831586645,41.30049941404845,38.260316873761646,102.824314106544,1075.889903464779,52.39144140590528,37.598594807077816,39.52700808825122,37.47531495115528,42.73725367872599,291.62541201632365,55.93485869157899,48.20073928019903,74.9887806778565,180.9023382468565,3925.8534955786863,48.66920613720684,182.027633478648,7437.337374009306,1782.6758855929252,8401.83416516933,37.11973169572745,317.6614414944223
None,37.13490844585564,35.098564013951446,86.7752956607551,102.70254336692908,398.9617408424745,272.30888275993533,84.43522384530422,64.57620372982463,55.76002237151124,95.73592846184323,108.6567273251193,1010.26634972095,3080.034100216961,91.03986656877485,82.21871821041691,49.00928167076742,272.59191693544955,51.04205221843203,125.91056870335018,194.10424374643884,435.2029634362027,75.12596833275768,66.04236485926411,49.19832228236346,65.03930748194766,69.57426128900379,87.95591775986445,1047.0193943333586,75.3256558622872,1155.3851571879413,158.65595882029854,79.97194737239279,88.06384390185528,37.98722266801364,79.21218934650258,64.15423451596966,280.07776699551533,581.2154661718491,983.5098702992,2582.714012657095,528.0986926503017,469.8121322092476,270.04149219911307,1168.1558810998476,1345.44420441344,51.41316790805568,102.29189894234699,1372.2848736779918,81.97648633533832,47.18320798025755,374.12922736898656,281.78249409697986,36.60400087472408,165.01188677093623,43.24514361359326,57.56183408528004,456.59436535943985,301.29040492323605,51.38142965116161,49.74606124105448,71.73467981419206,1998.158085943616,110.12738405691306,993.5334356834462,74.48366488645004,41.430437267056476,317.68177704147826,96.3227894315553,762.875407883494,982.5092700196623,127.2114884266724,63.83126953980958,1564.3096635721847,463.6963207617125,739.6291917167207,857.0551716502257,668.8223755675241,27131.19389305232,162.1648839892627,717.7022029483172,63.40829279641564,480.5283896922835,204.23331731263286,67.05501331722559,32.99825335747081,33.797345878132305,390.67485796915946,69.47239416866503,51.333274311988326,33.390858893944696,61.95362035389165,438.1087078414454,63.912712122384214,73.22431239027222,57.91514805546147,594.678559422485,57.21093630941325,36.295673763558,69.7531065364996,223.76122719064827,1657.5565433195306,5122.476879889502,101.00553146678304,40.73819141418912,904.8830414708984,226.8265878490532,45.95623966796942,61.28149458465558,106.36201056811346,88.72522245945976,38.81212555274026,85.55944805797883,1047.294684554601,51.1010418142935,1420.3369953799106,1224.2852392500986,34.321439353538416,58.73243979887151,86.92842757629583,610.7818074609618,122.8684670515292,1817.7223456039544,251.90020107540454,43.862597247143704,39.79050128398464,354.8303108596607,4740.467455525865,56.467013123545435,45.73188980718007,48.68363489452276,88.24640800013155,1452.3324344522855,54.63229239863722,37.378315371082095,40.414876782037695,35.56364783576199,38.68121562510481,74.09958727617648,61.825980503892325,746.2066897077756,62.9810131207434,67.59192024403411,1857.650749100884,38.73986512451529,47.63923924545376,4534.447629390782,457.3328106026608,7932.819732518098,37.16425602770364,1223.0275529548182
None,36.0979005331989,35.0998849503173,97.8469503085187,94.41204973396276,199.78650519464887,269.8632525030465,184.80890585067021,58.86181697256009,336.5058423115358,101.95161550550486,138.99975751164692,927.5962903627077,1961.916005416012,106.214411356178,85.72191157090599,56.30239062159338,429.78708387334086,50.69350739298294,182.59865096663415,330.20541181730584,148.8689784683438,64.76240918665184,54.42893567221702,46.7493786162835,72.84207059796609,67.97372276923548,82.7916850699576,692.7845881371209,76.42954308212188,916.8055331602873,131.65796431807829,103.16181247420654,82.83749614004488,42.808055272007714,75.10291932891893,62.891746867968024,104.25060098463376,1803.548718878852,130.99434306032458,1924.1140489299548,192.73796698169477,591.3642819362452,7536.158550223958,915.0192159034967,742.4639558155404,55.019432781786605,93.07307322790858,506.0166647143556,54.29130867818985,48.21792243122521,375.3276599409583,182.67232681208733,40.21000733518026,131.94687981873076,50.1211599820698,58.57320676114264,87.5893023898724,606.5073554154848,44.9782584260412,54.62945902673747,73.14780614158198,7729.385077252944,107.50555925684223,1600.6012880111014,616.7380104287554,43.14538198661486,72.40702618696382,85.67449143920823,1051.2332220329463,3965.195154925992,90.49270409918613,64.57454150756377,543.8096906333238,111.12876349635937,640.2570487465222,429.0843813071903,392.45180615472617,65730.05099301753,207.5965863392118,417.35975095298335,59.096543263051466,239.79810458713482,89.62500313786381,57.67073275453517,38.37557207231917,33.7880234680438,524.3784460782717,72.31214152264714,52.72335059359317,33.419623051324116,56.599328702819136,115.12938960263337,156.7917691318606,74.85826727399855,57.61664669712066,169.1234670879544,57.67139542976098,36.298356071872604,56.79644184206458,95.13418224939905,5881.966359880445,5441.247172588377,81.34887046148314,40.66285896607182,452.2184097760722,69.71004144236714,158.07204691811197,60.971489137731254,48.679441248023814,58.57861884567846,39.292466524878826,60.24785361243045,1694.9692666807307,314.1473242473491,105.93418047914344,1378.2321877491645,34.319737009967014,53.384934855079614,1920.29321900304,178.6568873835066,120.78384702957077,1405.5992109660665,148.63901441477674,42.89285300352314,41.92689431738655,1480.4268685991888,3600.368356550621,53.441105132805184,58.99387889241522,47.00594651606486,72.5536583976066,941.0383329091003,65.2055940161466,38.361744263851975,43.35391496400293,42.90211135796306,40.20209476731755,55.26904071985243,62.92597248500035,1664.616334520502,773.8599726479512,79.49412035071009,159.55014538621626,38.503215911363455,54.734226016338965,624.3972492668432,107.57612981721438,4825.847959913248,37.53889512572563,639.2273208116359
None,47.54606925773429,35.101109613092554,105.38436765538664,94.91258791670128,898.6941283254298,206.47426669698112,223.5358898845906,52.83328476830639,207.45119841070363,111.39659062917299,149.8774624610453,704.2416033970667,680.8280831097151,142.40228395493583,78.88630835595201,59.84305519372755,465.350889312267,50.00336675013782,218.3528529794348,579.436814436972,105.72782239539455,61.01997002562489,61.69110913531284,117.16213981834557,88.40610291874434,67.65957311108501,80.58631243025494,444.6565226420769,83.03272189472547,766.3433161770648,165.66325776957132,116.5665541869445,382.7294579133065,42.795873646347324,82.12291481227534,71.04765491316805,85.76879833758811,1276.7622110979155,83.00465818873278,1230.6176198359296,113.75213068452385,711.9905235847895,5964.869566242524,1859.2978738891586,2094.9494003060818,56.389031029547326,155.10869608302832,755.5087114560167,51.118710735985296,51.38315346740482,372.16155750915436,50.021988183099744,42.38245794693223,126.87514532875878,53.953947984741056,488.7080833913137,70.93756034100352,279.182302632293,43.64118471616798,53.577394876508905,64.54764317580623,3484.125520205168,82.13825283915338,628.2797531764999,369.4393637990735,48.564027013635474,56.14793233122384,788.2901788909224,340.45093427478287,1780.9054209180015,68.55720331873802,96.98695515041693,138.45276180760635,93.62603906438729,1157.5816492740898,116.87311725037763,289.14144780633654,30093.346239525054,177.09878364732015,87.08480988891417,60.49347574003448,75.81237289525303,413.2902800646559,54.48205096921547,49.97006015567229,33.77878668153855,307.5488877348756,61.26239295639986,53.63731397322031,128.99780514916694,54.763510763670794,103.18781971499705,115.20080366643434,79.4710901707547,61.1067909114196,101.83062965373881,58.45661931649453,36.322920619185425,61.842236143288545,92.92750217124173,11047.093601146455,7937.370708865903,134.3616881797329,1021.3053357442833,112.18569887712485,93.62950806531366,101.19025715069034,60.74609860598991,1679.1285888377572,44.7355766921991,57.77940649512104,170.6790820952344,666.2395054124494,1966.0540568779513,54.875530622992706,2092.490411347876,34.317844248116145,64.67876860398745,1013.0722617967494,68.7138378382149,87.06704997085937,4846.006784652263,49.87012525729503,43.80831926033654,44.60846565522286,10461.68692403773,793.8870338417122,48.35712329600885,85.84929782664108,39.110335783663174,63.1502851572326,2216.0511011305016,63.34669571993494,106.35690737588189,48.31017283579223,36.14794269435302,39.33448145629127,58.09920833663028,61.66335000703378,2645.302784564215,1417.6645382187023,74.57030782294981,84.15815764947601,40.66444183116909,45.46903266707565,121.82204219047205,120.96988889085401,1946.9942551706754,37.441906024212116,1493.4529337042761
None,42.62010795491707,35.10432815840579,326.29113013452684,483.90117363096715,485.13334544767264,227.24931157897998,125.70206884205092,122.8031109913938,68.29812253812729,79.1844331876342,181.72346552850442,656.6733224719815,789.1942658951724,127.30745407757395,160.46346907586897,46.45784260463696,177.02457052588485,226.7636235622976,180.8607292832317,1722.5206278642138,244.7405882051741,60.646769998416616,61.47238497163367,928.9333364943193,97.99861753939688,75.12515189611607,80.79733324315833,453.1118099932612,108.27137910612551,771.9510384263623,500.0343659286496,118.31424567724457,274.8440837642664,39.309770800280965,406.43997208479163,63.78555680611326,99.3668723918054,492.8635111977917,99.39687475289459,1472.7520532421279,117.61980950740649,1686.255146264261,1008.9917758086324,3071.7885383393846,1542.512616751857,53.91390136509179,637.9538987554482,674.6579304193763,51.730106226598785,90.17391433275905,365.58614956723306,44.365860849438064,51.352263884343394,135.83945442555265,50.33980976388583,494.487118607131,64.86541407292759,99.70164458269899,42.52508460730329,52.86330681471746,48.051321433354815,418.58112926102206,75.20230221831494,240.3609450449776,105.08737658137224,49.677422100192224,180.3120500846384,417.13519522921183,123.1839678770958,268.82619841312857,80.58333233786712,200.88306887162568,131.7390908501801,272.1473288477132,1893.9138637476208,69.52929006206921,665.0098770297761,4012.6018440294984,143.61051988665406,45.99511124066035,61.514844147741506,1191.3329370576844,878.6158220770662,49.86840132769631,243.82319992842443,33.769695460971164,983.8935164394553,58.84625158261467,528.0690050426197,171.1318428393796,54.425392571687034,102.15731127963514,80.20607395205703,78.86564250396316,57.4863954575243,91.38334928393076,58.04935638355665,48.61000468292009,67.79555731052598,97.57766578941464,23938.911732222266,5218.892879087472,1272.2333406017199,2373.065882781215,72.43888635206191,135.4434567290418,51.197844289060754,60.72071145727847,4020.721130771605,49.77066203683133,51.49547432150032,101.16787595887159,164.45970710141603,2178.003557143513,69.6435515151755,2035.074748284776,34.315347519396326,216.72766591423337,118.46453436546757,54.140668690235564,63.61456756063018,8285.221788326819,54.31991350025571,43.40211842132741,45.02624128535082,15964.932632579643,472.0706618307853,46.93429683951082,60.97046324200321,39.763558266840995,62.924887719538575,2888.4154821183765,55.69664042245483,710.1556095766327,71.78553818993122,33.26859321961448,40.58625194615582,60.90796546309904,60.63407909185072,1740.219580276749,2050.6358192307557,57.15333378310715,86.06732252647274,42.634434688478706,39.16384873578858,95.17089176184533,164.01036881200912,1541.1459381246366,37.35955142625043,1848.1899618960251
None,39.41572711032033,76.17184876794082,221.88140381940343,1280.7720767047495,127.13081439825822,152.53692533559237,84.25954400312104,415.0505140624848,99.75992498429387,68.73083596498054,177.73250915498318,830.6765964541429,264.9241321790298,93.5115901073708,470.9447898883252,36.004391469471976,50.5473662567054,451.33593542799963,168.2161664459647,2509.1828790198274,283.28945810897187,65.99310670936319,58.50816708553769,570.4088385439218,91.10396076007588,63.63631482777559,81.31230026735595,499.2789801119046,119.63801330890459,777.3079117888683,798.7109420440395,139.55733947552423,133.95669572108966,38.58707917545158,233.0059533914361,58.456311033144786,124.724376581383,171.27050057615182,102.83775300897771,1293.4186648591126,498.63321302605056,1092.0296083956734,147.8049216047153,4387.179712865575,410.25473373370454,51.908826177096145,929.7757595132184,198.7527509392196,51.156302896683314,69.66658394685929,359.96998061857215,45.072318330521746,61.549469870585185,139.62285010259754,47.15496608514204,492.8176041459,57.021170705503756,435.0557767437728,42.371829558352005,52.346390299764025,40.520685779153254,1005.1665064246021,79.64512935432803,586.4129908437237,72.00082598478932,56.64393242403746,307.99026602255435,94.37473396472865,89.64054918605488,124.59595598117373,77.346160125091,116.08722454851484,191.36703883646373,221.19427785522373,3541.787798216785,89.61706017614428,325.3554601237824,300.7830325557663,140.66135743285253,59.17550789290864,67.69967698389334,7519.947964491133,356.79976296282484,45.4446914909317,1103.8452456561783,33.76069583180405,3096.127302652932,60.744132435689906,1439.9579431304428,236.68369320662757,54.21421308087594,98.74278764276005,80.00913227410744,75.30485835926432,57.57437883041619,87.8885821002812,58.24940620560458,48.21317187547181,58.237163954564075,100.22288468559286,51828.96324914401,1019.385778690096,2254.617124620059,3248.454388199455,74.50623184032447,151.44591375598296,41.18431183369483,297.80815146525003,2073.006467917417,54.57985696469883,41.90275721996222,57.443266640552274,145.24560153794002,588.3471824206052,107.95038414398384,3127.5583411562156,34.311870779058374,943.390764965985,91.34654065340747,48.681192278192775,58.84974419815201,3258.865655152078,49.57378454474779,42.962976433434754,66.51454095202584,6411.57946710306,2382.465104201872,43.6689358351335,62.294153553069535,48.037819895274446,58.27752906713675,936.5602950392121,2050.9846228785736,536.5565874574788,94.03248662302458,35.68550844695859,40.933133539458495,65.35662364047684,58.911327002081926,386.8374869931063,2608.8511109626515,62.497587981945756,725.1629793500986,43.00353261999764,48.51433829566642,91.5999055702406,168.2205563464627,1553.9404556787536,37.49601203670086,4090.1067925453613
None,41.9259970938209,68.46847058136093,250.48643095620997,1408.2836613464,198.84727777761663,84.77956158279547,79.64196665643985,275.5232434043622,341.881354357818,92.51815065958677,159.87050895763724,898.8909325558301,72.78391592930899,74.52677189664344,555.5448680736662,34.649970063695,42.577585128732046,241.4679196908252,146.26183446760112,1328.4511274121958,284.95182012255816,82.73499632383529,64.74125757520613,104.94696575573744,66.55510656124622,50.09371467767392,82.28304860908428,529.7303318146338,110.08034470307176,778.0516316225902,683.5575257619001,169.5070729093814,94.22698794181794,46.021112138073576,74.4742214510612,57.943842704567366,130.64908218049314,97.22701473355153,88.92345637215801,1225.2874975029058,277.8430582413636,543.5614839638339,440.25229743002745,5779.76555491325,167.90330080021974,51.967439649305895,357.7189082185988,67.96767899396421,50.32697828815422,40.84207439929555,358.53225566372384,50.88069742354905,57.71494163997815,130.64022433973838,104.45624189333944,459.9869783298379,51.42417177492246,864.7825356878101,42.58435894041849,51.23268908750747,38.55954477111613,1395.5086859823784,101.6558090617385,650.0505503401782,90.21907217449166,63.105800094265774,141.05754712454512,81.07191158430672,73.42055087066325,145.7815254504458,199.7604978345916,63.795057739637244,290.18082559421407,452.25123938546056,3925.3101932357904,104.65226415991228,69.78696343333904,871.0528018649009,142.6505046219931,192.84466680225842,58.380693268711155,5560.500283133491,84.3754192109587,45.661912501245716,831.6470454394449,91.06776529009339,2403.248633311869,57.10336811961229,1520.321775991359,128.26186505633322,54.32010315095018,85.18788954449114,784.5839157216974,72.5527322704433,459.9317984559925,88.05038034526841,81.23016042499181,38.5052255396038,52.94629358964134,101.27662362606277,49829.57673976286,1271.4145473994988,4324.469159400421,4273.0556853227445,56.87770427652215,837.087874401434,39.74715786814431,305.0881241429145,215.41606553367345,331.8307928812948,231.83833671392856,58.71430735545631,565.1819458939967,967.2652490759833,71.53376636225106,4879.561064471021,34.30758314859487,433.34750756653176,95.63837416950962,51.54368057678332,62.516982010263774,223.8407240384227,44.46825629516901,42.544875526925104,59.27486722336378,801.0765987369383,4442.81237508096,43.45199517348153,96.99514223519657,42.70763664919454,57.33204238139512,121.59476009614599,2591.2041081534408,915.8832452095274,185.76614600735095,34.26028806636487,37.058442658123774,67.20626004729289,1847.143762316284,95.66532271290656,1983.6764382558954,57.39120763490029,473.2877050958623,40.21503280606935,61.9922408182761,100.26537931491941,135.66578538483398,1540.645444407652,38.399768807965344,3977.4657107015996
None,42.16266845433192,48.1951385255482,1046.8492243239637,777.2770513539075,165.8405479064833,75.91895261093173,72.73394022281597,1045.715597200023,314.34086950483896,157.9859265830084,149.55142281421715,769.6177228974542,97.64976721370078,63.799677594486425,861.3133294826043,34.350918771885034,52.01210473444565,84.02956811889737,117.20920954699714,389.25598924804655,271.8831988842843,99.78254801571198,77.85549927013601,45.90882188126279,46.448624565529954,70.36752188546006,84.97275611148036,552.1879692338784,94.65450999102677,767.040978791453,1035.2511031238532,172.8357151054831,80.44091169774566,117.46529592354022,73.61823508624786,63.45486606081658,105.8397977382673,106.6594903848515,72.68903056461308,1269.1534893179005,90.72570430866593,655.7108530165477,252.1461769358479,4484.391167909356,220.09730879545646,53.2936671802913,191.04205661783482,81.53110989820394,50.983044747176756,45.35892268774562,926.0712648338733,307.94718168963914,59.02957695192379,132.37729179759003,190.17529880389625,251.6429601814408,49.2371322911908,1317.6309095008132,42.69185381285165,51.04276843200965,46.99141167179207,522.8243492536718,106.43708200071647,224.65715752184846,113.25984407596891,57.35173368627378,62.59402264483602,86.40280514931108,65.65649162059857,221.98131798206632,784.9303553437445,61.26513087953807,304.4289842932618,1139.385030283679,1114.648655210068,68.3457672375724,130.30156614929743,1295.0425625264454,151.32635734200485,153.13464810490225,53.978057102835294,1196.6738252364598,65.9421503078115,45.29610234600192,208.3902339903434,128.0567647127028,927.6716403196358,51.70318147151562,950.9447324719297,171.62497259393166,54.55178095455192,83.0225274807348,2214.3689365453456,60.144426509341756,918.6170951624084,88.72396626660463,270.0996243275626,43.578604871555825,417.28026974120627,103.21381532972859,19986.123856222355,1123.7863819652277,4500.589379337678,2567.7260307879637,52.460140976155,2778.166537024404,43.95571195524967,117.95392624599137,671.2625453016437,1658.1896412124936,1232.3229801429054,60.173429462846926,556.6731330293732,804.2440488075432,48.43771731804361,4204.858822279364,34.30296631038073,102.88917362117435,79.85019599901749,63.313968556399324,66.73029595952603,94.82837621073044,48.66048743025982,41.842376235217316,45.02965751807179,159.57602500559784,3048.26136311328,45.13625634473088,88.83810311445522,138.1447117083467,355.1538094327778,84.54125604816893,2454.33690695141,803.323334870492,932.4942706707834,32.78563318944909,36.66688840850795,68.86543265888781,7739.550171730787,261.88969795618016,696.5183623457463,54.96847990087481,129.77749681072342,56.10438475773543,50.78342331032482,114.65193525397414,130.13595831745468,1485.8486511304493,39.143263338463896,3825.778911896487
None,43.649363445484994,104.11384233270405,667.1530332905824,295.51312138147387,744.1828154313357,96.97538054370692,85.84013654036299,2069.6122924377805,150.6327573994981,178.1534717692064,127.18513758109684,713.7626744460991,128.61017262582246,74.78170648214552,830.1612448136727,54.48978919508568,65.08687381676489,59.02068164066227,97.4295224585505,128.68431283065246,482.3890733634559,103.56144103186104,64.02325537444025,43.34012654519898,42.194280856468225,194.24797038777646,86.764965604237,569.3562969430787,83.26148237635955,767.7491904799234,1437.7848696776864,133.48064640106122,75.00218707876063,128.875179612505,72.86590786427142,63.31944601643734,83.87977697104365,113.50272482841909,60.29185950997574,1217.0768742425735,75.18854914933678,1151.8258287288754,124.29531758782322,3210.2227846701912,226.76080688457645,54.23189825753227,183.90656340136314,90.19530085288423,60.35801940307672,52.7070529465228,2270.974298696964,286.3694855829355,59.04308155969719,140.04302417223016,101.05633883004492,109.08396216829796,47.845812632761,834.8020329626212,42.568977231938575,53.98923527163081,45.709953636085494,162.39142483519322,432.01072015928565,85.16134860569896,240.4312930539516,47.94320423061664,114.87883760312742,342.9041692107307,72.46649530655156,326.87900872179443,1327.6589208792,62.569087340474006,206.8562275643229,3131.7511076498718,160.8543337479199,45.32989873204983,96.17307230299332,499.67214212801514,141.77902021219424,82.36329647308531,52.23660227966307,1562.0676572696575,68.44272830686491,45.678338460614995,73.33063179856103,89.73458175555672,298.7366014710088,50.690883302038536,895.8835382070421,105.15422279155514,55.26287581820512,74.51726624996182,3021.9725567414803,44.27949978893746,363.9314122057708,83.87108328641533,559.8414751479531,52.954270568091104,208.39350292201075,152.61483429508147,6375.038781728634,1021.3752590496332,1846.0881743272855,610.8519005972488,63.152227583142874,1805.0757381512774,69.08798075072373,71.74724265015813,378.4181927661991,2331.293327393367,3334.0902834159883,55.12004589331441,1911.5027221645817,285.80563795181894,55.20967375830221,1492.054490098773,34.29895158297414,83.51290480203363,65.51997556306192,95.79496435266482,101.0436796366522,2082.6236742978626,53.361147159367114,162.78624987552703,38.92103615334792,151.20332410500941,869.6229425837204,45.360433015214824,64.09284938737609,81.05347390296723,896.472091850623,79.13465861193741,1585.4910876689057,263.3844977709716,934.1758445328946,32.712869038979356,40.6411201307476,81.81203514274995,8526.909460619123,481.719940452762,215.96802074301158,639.3258473557432,69.93671733527977,68.3338771638701,47.11323597143341,126.37116817828074,131.33695904584906,1419.481595529725,40.09841485595602,5030.4791419834855
None,43.78383532719509,78.27947348148189,361.97817808053344,244.1167914933553,4109.518562052629,139.21182865497087,114.55496428634169,858.5950756055909,96.2980569177513,154.57451260771342,89.07358863270672,713.2201118703833,107.72300097277208,89.32225421112534,324.6977633659713,417.2220700634621,61.49837764663989,59.68051149356327,1226.0732876221205,90.1458089703977,728.773186521375,122.33128792317785,54.97458603849215,42.759612899669825,47.892964468382644,164.44173225188118,101.8335862648433,578.754405759133,75.92321487855091,1648.7559891709748,1785.0983833275561,146.71426696077285,74.45465795139178,62.27689156381586,76.86696866658221,59.08748451740925,88.51263188220672,113.87662325395016,55.719259789397576,1157.2215371532518,76.93496600804512,481.3661109744913,125.06108187198198,2058.3180160333013,179.77036737474393,54.93449919470108,160.8362418661753,83.54335852229974,66.1828942209493,48.393476375154954,4405.554908647729,114.92330918774643,47.27290377893487,144.10696655524902,89.57476937092018,80.91839181725858,56.051066891707784,2023.119981927765,41.75980737339086,45.24539698762784,41.0089716944616,158.64667128501023,587.6466818146838,84.74869120858537,305.94400804102617,42.42872290164245,108.87398959931336,341.2631845863243,85.47657008281594,342.30511178171633,424.5997984144389,65.1465265560437,141.61180510387618,3038.966665445643,646.993513239849,47.61114627847167,62.12907874145696,248.97278735191787,144.01271509186742,48.92932852403789,52.51917351354987,2892.8088400305805,96.34090264573635,47.76661204074602,79.92784929297426,55.4917371411741,103.36372979841585,45.85346788212558,1007.8376805580943,48.372411208234475,56.45053067674076,82.53599780378471,3005.7062030213624,38.54347073965537,91.81367308738035,78.39968225914356,658.2044913413221,45.73066158765595,77.07548110139558,255.8261571552894,2735.502370708424,550.40926114815,363.5273714448719,101.07626235197395,70.07753761426497,317.7059251757608,103.9805968486815,249.48828851472047,78.50615808248854,773.3486822973839,1647.9451160863143,49.3768436761534,1502.7928421915406,86.97773433586201,102.45188068399106,498.64409538836446,34.296002891678704,98.91827448608156,64.81779271354092,65.55503314619283,86.70713186447121,3890.537734401298,47.901822750342426,220.01662190183137,37.947450294290064,171.21683051761792,165.32566361150575,44.85967162024793,870.0324889471518,40.805436665989866,387.7717022213075,84.99747751337334,379.7748085205182,71.25571638871719,405.1106606027967,36.431830028762285,45.71250678079336,106.70871818619601,5041.553138997989,242.56476997006638,162.32107473647457,764.8825034660312,76.02888160263593,62.118822799774684,277.3612207526126,417.40065694657295,176.97433159555837,1354.5561299958654,40.55048008760774,1796.3580782115869
None,42.98137715812726,41.526938032559215,205.67983430062446,258.5499906822535,7989.830532031925,166.27447162984188,148.0128720439164,149.8030543618659,80.11537551043732,128.75975573802486,70.29892627405818,727.695324534562,126.16792148318241,87.87054295685431,87.91719435157658,215.366002163845,53.4053046085567,78.08818683138612,3273.8852403362266,119.33658840088735,562.0615651661578,88.15781633292015,57.41630749162421,45.37001788563382,58.997665934771156,85.60146096365976,89.1875375783803,577.0382866936104,72.09888630132981,1589.0830326259577,3393.9262095247554,147.26718531793225,76.09953519538884,40.588618194814856,65.58772705894408,57.806850884069995,163.2505561293021,117.47227061300032,54.81890776798618,1561.4422614967584,78.96549957634552,88.67483948861853,139.93332034076977,1059.851330373119,115.9843485406664,53.24754134321166,289.88060069007304,112.94363535915491,57.04066666328529,64.50876716069399,3068.234668576873,61.623575659013134,45.82845672320464,137.87810646111737,692.4596329336271,152.9058152773368,46.51198827691126,895.4506385504117,41.304611897947176,40.606334644077954,291.1910136093965,177.5079918797306,246.46345153344203,143.9205172538528,135.8963399134836,56.619478109112045,79.25678471998957,162.1589686977974,150.89757914363662,269.3734936039764,64.89534899933051,63.63909579213829,130.6267089291627,1853.6393829574608,694.0193544391136,51.135164257702854,59.404021409811364,269.3762863760395,149.072928168152,52.67677717159371,52.47446990702653,1265.2654391055773,142.71952110936522,51.502668007351545,121.29666566150694,46.87013154486865,68.79057739084337,39.85421704447093,1317.4816688567219,46.98164412041104,57.807873592805976,776.9457514987863,2328.118918305077,36.669257581077005,117.29334971967288,78.03154296056896,377.6104261211122,53.551010175902995,64.71403698347518,1041.8289556714458,1459.4957945717385,511.3218626716453,182.62406251096616,71.23705455383485,74.40749616559157,72.15950536384932,77.90671600402038,139.1835195297002,55.20481862641038,151.03458247393542,288.720550860747,48.216087853453395,679.4680418262262,78.005740591426,110.08422518005779,705.7378352075101,34.29349768546946,103.22003785664378,69.5834679218915,56.226597578682224,96.22144512487135,4370.404195908848,44.845032661816084,321.14392117617166,38.67803994687443,385.0280264670795,127.72123636194377,46.157063259654635,502.4789374123452,37.04490259092041,399.71061196668086,89.83664777838335,73.95698061077442,77.6915583030142,96.38387336746591,35.9532346573431,43.2912913812739,94.9515040741292,2783.8867020579164,121.66628038017069,217.91632203463246,278.104821504908,77.4495484844318,120.3396114438706,431.8115782779267,1216.5616499932014,185.69640018446998,1307.8775964251695,39.93369388759008,240.7193389741081
None,39.62556057900213,38.359486182421456,624.6110461596593,291.4164916137881,4676.930061110348,117.95738497676514,218.0736495521311,127.36672117127995,70.292252808087,122.86814210727225,66.83718980274188,765.9876376919702,77.21622578218403,75.14207383550857,355.8369230031506,137.1928170832221,51.199194654969176,112.84428221379356,3195.848171470948,107.58325612777328,270.75854793235936,64.28627586577133,57.65307749188512,58.550912748300895,67.97121580808911,103.32827203819777,80.90398571861888,555.4047961283429,72.23623581476056,2176.4479543070893,4182.90460349113,126.18953289702776,70.876836630055,38.865044570933044,78.64537727853904,58.66025999471903,177.4528412267801,116.68922539957585,300.0771133451998,1451.6820338468372,88.18125994411335,446.56468661536417,170.43400574555702,1032.9692505664939,103.07245139623024,51.3371376547845,717.225636053244,159.17706471499417,51.35854587746513,375.2299852565065,1404.9491265404188,55.479692012650176,46.23382569922478,138.03210234508228,378.0380026761785,109.45514266764842,47.02720250811753,170.22918886078608,40.242458284989,40.42418165570117,189.34229545120118,218.19912170387585,78.22415957013041,243.33130693619262,358.3421468912176,229.4236508839703,63.7639990523242,485.1546780259635,199.54215852333712,234.17617028086326,123.15311075528616,60.710062057742405,118.04097669960308,395.6576574197822,276.172159058136,47.373340422235785,66.78875780562628,366.4219123236349,245.31618870521885,49.67224015635538,52.88341211038392,591.895914697517,266.40859657153027,56.08395422171571,183.52358261335232,40.46001847491448,67.04769476053387,38.961589673910105,398.7192068726423,55.448688146975506,60.15313238440021,2186.0709184191,2536.63897109822,35.13184583543598,432.18030266774946,83.193703682512,128.9079832499242,45.92809468066618,77.99409433968054,1903.5873501176447,1395.0290967701528,1292.7366325902815,164.19460737479264,120.6354222798797,66.04391265840333,70.66593735625081,83.10006726962949,119.48191687922882,52.683867231811334,157.49846753181,68.95090035528965,49.78987686440757,645.8397157751137,72.0333086490369,93.7497561036727,1602.801785278428,38.93608202322775,148.00227630634438,72.19927350191637,65.89883048401053,345.7431946555384,2623.608443530513,41.550479366616784,635.027331989191,40.078548935462976,260.5528646424858,149.45934868876546,46.42700698978652,82.73370705345917,37.483844445093176,1450.6738974866,83.50961997780665,126.51806618283487,74.35739313727336,463.68433146360087,33.624990016742835,36.0801375307873,99.7409030863343,2054.939263291536,118.74930613788251,560.0833370976616,106.57432528164587,78.13031123091821,100.74121241437658,478.5648016863608,877.6602538846707,130.39727210803986,1268.4315202819505,298.3842438085865,1109.0418907201113
None,37.16521910420568,828.0713895303967,1990.0899142297494,345.8555569949796,1391.5530474174218,72.4632107814729,1033.08839258045,161.268613833127,70.32785539188733,179.9607313943552,55.33834692527768,770.344458320122,65.13508808536142,75.21643609566469,624.857358636407,378.10790006264676,51.07781073132856,112.61007044816105,888.6413191500471,97.76254254537136,110.87011472168624,58.55730970412859,58.29718859061471,50.689040620452616,69.47899001391667,107.69478649575574,79.91682274360214,535.8254805466463,72.87372742085952,2360.717711478181,1842.6971829959646,140.9654716439815,73.53914469918298,39.20993548329289,433.6934033365145,74.82340702306553,860.0187343606333,509.77858424033616,1785.8388252822795,1467.811858765714,103.19476507941064,2289.7080095169044,173.61003928650777,705.1737641519683,70.43089220039646,51.76725061708353,685.3301447982479,181.4519554716268,609.4386635416076,1480.0046320563438,1128.1726551273428,75.12610824399086,41.806586715645864,140.16165809297487,134.14018537621928,70.77555922137742,60.35266034795336,84.42827357309928,52.20474971523425,45.44266040943136,64.30832069810694,204.94208818696183,100.76772925737306,285.0517324217017,786.4974957796849,159.24214256341475,351.32077624510526,993.5227976451836,144.85600098467864,247.82508613468926,945.335649180392,60.76337605386632,153.79946588677151,83.54900514996154,126.82829792958785,45.23287726431244,64.42099471563208,666.4604618694201,220.32460819408908,46.06712028003483,58.11830460284361,639.2712840382262,309.9127451385018,63.846002069197645,151.73947177317598,547.9840306075292,66.72723465827704,52.67395722476781,77.62883600683821,80.81503190824691,70.10887567347481,1739.3717860538184,1548.29596967676,34.657396565658104,529.8153328199801,960.1421813982944,74.54692394196698,37.69701364954774,84.15570233977492,2834.679548867686,1426.6927349944372,828.8570096838096,119.52521993760072,107.93083596070976,81.51158046361614,81.56771092258256,63.95396218185133,116.37883368421178,57.46637627535439,106.48374834347305,58.04622395633874,55.81778059237024,1294.8606724614176,51.111978397730276,846.6032904002036,1833.1219531250085,38.622655944520886,189.0589351226585,69.78573322959161,70.32063653741153,177.92017026710687,2058.3313277438565,37.40968801352889,231.84794995821582,43.140932918248176,185.6082305859794,126.82682777116405,46.70494579806207,81.21645100241747,37.44625536014652,807.663989437018,94.86684551098378,82.0288451008616,114.06110399745798,1273.2226106805867,32.924733693121226,36.052881650851404,68.3220616847258,1872.0701473994723,106.27904520253608,1620.8217167375146,409.56042916331336,68.84386506884789,57.21617539289367,1398.751638625004,295.75139644847354,191.1178476288583,1224.277166773885,366.0319137877812,2126.8692581660557
None,35.76092042768862,1232.5772316427467,1957.6503162722781,372.73449930847124,636.6221059097783,69.64620032416282,3039.984984132497,79.55241847612099,63.93389171666523,528.9571740327623,45.656687824168685,860.7889539031029,69.7553050069219,83.42319775896252,384.1317050255903,1530.4920953852418,48.044699417110046,81.12194056683731,90.24040253355336,95.98834790883731,86.1020059927262,63.70639344296648,58.202411274186055,40.61322281789842,67.90853216712557,84.62547547761004,80.07177636394451,532.21714890672,72.69143167596394,1764.9195123857721,448.27403466298375,146.58089235102918,70.41049249024671,39.17084908442532,540.5442647577822,66.94433850476837,428.294261129676,399.4299509910714,3590.6119334837317,1800.780400689622,109.11332289161813,2020.0172971965414,185.3569016811236,441.5184225945646,57.5284734655819,55.893888448011225,978.6974116441434,192.99048757261482,436.38955722611405,564.5913113618673,1181.4134123743013,79.08174566811725,44.136236570314864,647.1994026714952,112.90825333992358,70.95769827768461,170.12265804656857,316.61105335085085,112.19630330767708,45.99180057629414,41.37408665538399,191.94870527086783,123.91396352710746,239.4876066991461,394.915165924204,52.7670801453969,400.45541488059706,408.2085688370207,92.29729669515085,310.141865160267,1932.0488916230279,60.89831421095626,227.1309798853149,92.906303554807,140.9377176197266,43.86104314320928,51.704772443094186,1011.4487929986757,377.4946981792957,49.24698605324372,58.35889597229897,675.1917529446699,213.2225500086023,382.49776939871424,274.82695830186475,721.6593181901779,68.63156616043365,48.564220558339656,110.16231250916712,153.2726687855722,67.80255047267154,766.8543858399672,1875.1665501967789,34.64070974809061,677.7526072607292,771.4200794500415,342.8444134153316,36.51740799843368,124.39758597367177,4159.190315688476,1409.6407260082447,204.7087069358585,101.00190726851268,111.28292007915371,173.61050435676844,122.75513715627092,52.66992183746146,86.03856252772417,74.40150766719142,91.87190579728107,60.54881851732818,65.83960570027477,1734.2006020135696,43.3631128225502,1319.7426864940348,1222.339150154319,49.1722971291247,228.1844684461654,63.57512245551767,53.46688458008357,63.14066587320881,1045.0841794918963,35.10000308186585,83.33231776976265,44.25174480320069,177.7367648291896,272.28277775375744,49.978468344295976,565.7078080773522,40.131513819597934,141.01452077013874,126.14450232134159,66.34435473427556,80.75312669718656,1654.2225379595648,32.68652850578643,92.35546567452805,96.28103841082657,801.9880294893271,88.43185462156879,2448.479797242659,1385.0682984950038,58.833697312391685,43.838546740408,1753.1240600928986,155.65096177666737,128.63875893818246,1239.3568879238182,135.23479838055127,913.5290120646537
None,34.523297690695244,773.1426275643361,841.2142225476999,352.45472014506987,1670.7399434691197,72.70751238192561,1600.9307289675635,59.48061009563754,59.07289459612402,283.62612695310867,52.702863750640276,1146.1618755232014,76.9620293614622,77.99588025173581,273.71906883206367,1922.2421801356795,44.80595644298862,61.970159661189385,75.85257782958112,108.27805772165077,72.71800551694292,82.69157339471846,67.14589396121653,40.11125155352924,70.32227989060692,68.33516327011989,80.2323651042211,534.9021663763068,69.85681261393997,1630.2855471606185,2265.775404784154,137.91576985607972,72.17357419402687,38.83735848747739,526.2364095809015,59.749984942051064,101.18884463142484,160.51284252780215,1393.310763652123,1540.1534154848155,100.88786579208248,508.1357859879402,195.0282055060857,204.17044895121398,59.27713975285552,63.98207649779811,2727.059545016617,206.907935119258,658.3969632385613,58.93376463119797,1188.914736487776,65.17109673504963,44.25833157084691,492.60812336619034,144.31693670015332,73.70319839082512,597.4322215641398,481.78938377353285,70.49108940621238,46.89024493013803,46.2403346514552,190.11058141590655,250.40081373029582,184.93416694605457,133.570161252986,47.720307608849794,174.88443908798237,93.31837944165224,80.95478344692819,342.3995923351222,617.1763897437881,121.62396889831531,222.03138518459133,825.2199715177991,193.38071783659854,46.347857822995,52.86499194337475,598.4590828959342,559.1871379635112,180.9464455383733,61.136668382833726,714.668538881889,132.56039343079487,421.4933338323365,233.56266137738567,675.7312557029898,70.93719224617091,41.35179779916767,192.7451016983289,78.48410815654213,79.24709972602594,604.352919431772,2818.095100313328,34.64612552788005,591.857100974049,214.18392755512176,648.5708484740043,36.54512347029789,121.40786935020174,4200.382100089542,1374.074595963993,86.97990308378179,93.8898711818543,165.5023324030685,1120.0715882359614,120.88890647693846,536.8601937686727,68.24296616735978,81.934435614627,87.62904697086918,68.60482202991183,83.32264988738218,1604.4084573930875,42.10652139711684,1450.6289516215616,807.8742034848677,49.52489332015767,232.42981210396184,61.50557177306058,52.12962206195512,59.36010565730908,331.79904926746866,49.930442921961955,89.48927183186983,42.61387206070749,188.3593534718491,520.23633605114,56.232929262102616,1325.5099753818758,61.53179039086978,57.177894282677116,137.9749498430483,67.49287519454231,49.91822776353051,1726.0561398995746,32.66783251609735,183.1576297788219,78.89056971718594,431.2506823293254,77.62601358524924,1683.7682290203918,1207.4313823715495,455.6614468687015,41.43445050962379,966.1791077119923,149.33959297728398,80.65615362762121,1473.2724913654404,50.675171923377675,484.5659800926484
None,33.976986487084034,275.228107067642,210.61164687889743,319.2893672089612,1049.5132534329773,82.85587149291031,451.7420964331918,74.11160199339861,55.15400291024828,120.30814139269276,53.843368866890145,4262.429757402326,77.89948283177453,70.03536357976499,445.37100494830094,1733.1988593342014,46.23652144417217,55.98598411358511,82.11597074383882,340.437783779187,54.20123703370203,359.6935762934908,282.10494876149943,66.19932658582256,73.871974415026,58.87306681393185,80.36655823718877,534.501247934226,66.1746707629104,1654.689373211896,20279.713040782277,137.13477634767426,71.06728393980545,38.66822313764915,1580.584893389975,59.3779021307977,85.65313120106401,122.66220649032014,149.08193328265992,2421.3391325778703,104.09718238526442,103.72213545627199,196.33784007616367,105.82224989224615,904.6365733853554,68.53916006669981,3400.3025278627165,208.2442623172245,2177.7359344437987,51.833939974306915,1168.5791239058572,62.48246510659087,41.4608415255354,186.38544955452045,196.0873654030045,100.33829341625437,1239.9749226033334,288.63243985544887,91.50381454574848,44.45247673853919,57.45410140466486,222.83467787413278,129.18450359118248,369.17950193935576,181.30988334513194,54.63265713959743,69.24343869854883,83.93475579353733,89.61805805050354,331.21033770993625,88.78476658256416,321.7916266482556,158.63562828767076,791.2144632818597,268.7687076642284,49.13284885586695,75.1363867600476,405.7680473678518,1390.022713693962,89.5305683472847,64.27637755973552,1371.8623762107895,113.9063892553783,154.07355985009244,107.3023492257902,1014.8419186937782,83.95618278014193,42.513424628008366,239.4276528275836,37.12684283459671,69.58070568752743,347.51740901323683,1634.5837822279084,34.65113798527702,521.9952767529908,101.52347193995493,252.0831189578949,36.895284538469255,119.54447047822056,3235.222631347984,1331.2505661113707,83.24468381753614,91.20994079267984,228.87116717054298,1463.430138857034,98.25126708514372,615.7357816844042,65.97901580382813,95.40857003619988,88.82867135855297,79.83266996939014,81.08434143193078,1190.1009495645778,41.656352953795476,986.0487638897224,782.8602129722361,36.59478136989919,132.81296449468002,63.37502862779458,59.66733107076564,55.01186353817272,532.3270071437777,85.11992378127351,116.161709423885,41.51515039662201,196.71138159838185,275.26639546414003,60.81016535165771,563.178902398905,75.80352499964971,166.48828824435734,141.11471226088187,64.79706808011524,51.875906971929595,953.3895179384759,32.660304998658816,401.99956978026376,53.85319746348672,457.29237579662424,78.95240359763156,1323.4830121391235,314.02552898633564,729.2467381906763,39.45939446707408,611.5329811179439,147.29752969643567,81.00182689208282,1216.1756978768124,50.086914723441545,697.1365584593087
None,36.24772378195126,57.843159858510525,208.7831181973278,292.4328203063416,320.4412422009148,70.979036216427,520.4210091363808,77.37000229005916,49.18242827695557,105.27853026939535,50.88268872679385,10821.776874710928,82.53965928548581,75.56767856802625,469.4752499285746,839.5287848197171,50.94571772723445,55.138739459464034,78.42299023847795,205.99595323417358,51.96842854674451,236.36447902011452,177.95205418819089,72.51842741505355,69.07164757336196,52.92193312239986,80.46409964010651,526.4038431644594,65.61733496076047,1681.750772499476,12493.246384996277,117.46502399663756,69.93729563456913,38.701151619807774,3679.6986316070115,59.351876437823435,97.8683274999189,157.55940962935188,71.37799866189994,2324.718311832906,91.46151785261247,101.02841922973741,194.19423097560772,97.62189387248164,576.3479840870556,66.44661423028893,2271.7867986501888,178.5026628101241,12614.572501079849,541.7466188945165,1135.158012726538,65.64098836840375,319.1342529041873,126.97326774214784,237.2023424401412,190.6480857955655,1273.108018774566,133.86731415301242,222.50024468467174,49.84344674795918,56.0208209208248,300.9988693547303,78.47795181051494,199.0736090901057,130.46173445661682,78.59583676198922,78.36399252099703,85.02332546024105,103.7980178547337,320.40108748654586,66.22680107764081,380.29887716444705,291.8433312067917,222.61331207478042,279.42075152620566,60.90225599804392,56.28988290649373,424.3825831416965,1620.0300415333127,48.10097385626965,73.25705964258758,1080.6783061436943,129.6736343900124,56.62569134276353,60.38384841824666,1525.7017412393784,128.96999335603056,39.085501452882035,212.9580960504344,38.959094473730396,59.714439787934616,119.8900173838681,1219.3258852330894,34.655770372369176,203.42854100968282,131.00542588029694,75.14018946675338,38.40040560548986,121.64847483358885,2991.9182421996397,1280.3783197554915,103.152501539299,90.76679469209502,217.80336996598442,457.77798125987124,112.7517220668342,235.4872976466288,76.62947597006753,138.2105069704991,420.3108688744042,630.9696048578853,66.59736181907557,1126.0296429195046,46.90031111418654,315.3792269028463,794.1229419238136,34.920812940485185,94.02868040091906,64.9769307705368,66.97811553312181,228.35137824049409,1182.3995116400945,54.46398145066698,124.33856793595804,40.95439603630695,203.83843572188744,418.52360037881516,60.764638659563786,98.55786563211115,95.43723236104744,191.90237661127705,137.0818609662708,81.27186817407156,53.058898281231464,224.34684569464028,32.654448344648394,344.932834788675,63.41543981241847,464.9987027061477,84.77487080354283,2325.485881118345,88.95159321597956,283.2527846917996,38.768487875550704,398.1734916350121,168.7210378169294,86.22738130947046,1071.552369689111,55.07954080329002,509.7410556195603
None,36.11730824756597,48.953761167506215,288.8307047109949,274.4447420287971,162.6805535600777,75.19524526096492,1802.5647048319245,111.26405431540444,52.371114946257585,105.29685455001473,47.31738107682347,5399.1059732499625,252.51977052952648,86.22649113224483,352.7514832416216,163.91342340671378,51.29538663690526,60.37946814436443,69.37548281569309,147.2198549666814,58.03222362047997,97.13091123584844,109.87922896193965,84.39715864612769,81.91967536968748,57.60096034459278,81.05722935007103,506.66685919760414,66.0870920069821,1738.4934712871266,4297.5472801277665,89.78134305388815,69.68535572580902,39.007672508336746,8388.279293142667,59.46590656872854,84.96517444454726,205.31875965915197,70.97842740307698,1910.9299036197199,82.9841982641327,90.7678968102146,201.3904705176715,104.5330745099328,351.18426752555166,63.54667861936132,1840.2905505990252,702.7820603583036,6061.256343742719,227.03405618446567,1158.5715531047267,80.37911369010574,1536.4390289733838,148.31477931083055,278.8743224297242,268.5229317098029,1625.7232247860516,103.93044765340923,151.1757369178731,411.778997697698,46.376589816139656,329.48711509158056,72.48310834246605,637.3674199508993,77.86935908867653,104.22136369122342,446.8022206406292,91.34446284976651,102.85314835211777,313.4545591407511,58.72152912289215,351.17323852247404,369.4509158778538,76.39466081570842,203.02987193227463,62.18668405570199,48.864614308139885,431.92728889899854,1122.141396442433,57.59013179490598,74.9398030564174,859.1586219936016,124.99664649228764,48.39005722245732,637.5714627713921,569.381767554599,178.91503650455076,38.571580406195714,1113.8307161737323,47.07945094552485,221.0668769943921,152.57101020349648,1227.383403522345,34.65963264276685,138.89583962018702,154.92309588263313,82.35775405911394,40.48666715765,371.07411679699584,2523.52330351326,1243.6180651489808,103.37356754220815,836.1131345328461,200.70265156955773,468.0293437522126,121.83985351921228,59.257479480572464,106.59648736551485,154.37934953804722,219.10096202295628,429.95095224184416,62.85362218182075,1142.4687825886258,48.77812302468907,66.45544806195393,827.184584101664,35.16421717130637,388.98213795669955,66.7394094919948,77.92507166689806,141.68598706365339,703.8908713258127,56.20967387418838,109.18549152148523,41.465607899402045,233.3936000899984,958.2682415118044,58.3753347529502,53.05636020249149,58.646761061060296,79.47206269742695,131.51080655029585,100.94473076328951,56.70317713115171,57.05603064229985,32.64769414774402,186.83769440511688,66.91051034417414,468.31655267526514,94.05245859133434,2620.010149444949,106.9582457653025,90.34026608051028,41.32790182644741,135.84389635688538,198.2456953896231,77.84312407996714,1051.9807310752647,53.165029160550155,396.0187260563985
None,35.80957402438218,56.79676751595575,323.59984185249664,253.46537897095325,216.28250798545625,412.0993195752905,2253.1324780148643,166.54514901374694,56.34040165278552,439.2706067839442,45.43845700090085,2525.213084060108,526.3432343611312,81.61708138320708,201.45713090278463,56.14636461380227,459.3774922066838,113.81474739552742,67.8378719224424,134.51416282519898,86.53078198378822,58.91200755908434,107.92439421216909,64.51751675791301,257.3702311377184,65.27298548489702,81.03421309225023,584.2197949968225,85.62075693623885,1733.3084695474186,2934.3356103366154,90.51934115302895,68.4168715131792,39.63360895242069,4729.785056032889,183.80410047927083,385.64775945248175,258.668482613427,93.41203250444364,1834.5647580386358,83.69820784348323,78.22243158696881,205.69973716300493,113.19042541464106,3324.5990604235,64.39114804618069,1734.692254844952,2439.6598150592404,508.3146668203773,46.399009117792424,1106.942218282155,964.454526909295,2125.425973868634,145.2225495213111,285.04301895665503,2250.915863308177,2066.1707919710134,114.58787440971528,63.08206701663996,237.4344332618061,49.85615383096961,356.31036889675414,523.9270426213903,1255.293184633802,112.32990401606266,82.0362486840257,677.2793256352759,92.01809435107128,98.92092125175196,324.6016403161505,57.776067676397105,159.3968398078793,299.6118219061563,90.487744901139,201.7988062125549,52.484404767816656,291.6609866159509,434.95434986533456,1104.2817048886113,63.20202849343298,67.53890507111436,1089.7845688506688,103.43969726096572,55.22541859607953,258.925832879263,72.91696944620223,262.48096632264287,38.17163059522278,1429.2119051196705,55.41840565139356,197.5050201308199,271.46008146403665,1476.0835437501366,34.66258591655628,246.11974864082168,189.21395826664855,286.7897160222938,42.70771110774191,413.13896954082185,1874.800146209755,1253.3045512365145,102.7296493124134,1265.8609036618311,163.81025429219122,1157.7260021343127,107.48866125085192,98.51398155316528,143.4991963673113,125.04475273641891,73.59343133313449,201.0364461332307,62.117905268669254,1133.8772597536627,94.1412638420764,62.69211087797679,932.7738675540887,34.73047873090198,192.69709065084405,69.93340100784695,78.53972723591552,88.53612555081867,451.3041269825505,74.65157837008115,106.72068007806615,44.347552726497625,237.43664385484402,1179.895710064978,51.618059759780216,62.10074127817909,39.287958270238754,58.14724260407503,162.37654960990903,100.07715073061443,56.84869977725655,52.357493602142256,32.637998143410684,78.31511236277636,60.29131941359304,466.1815250573912,100.6802048991782,2002.5305566400657,258.17397021505434,227.99578494505883,44.93139331256986,51.41614660554257,224.67997844030998,80.42283376135855,1028.8389865245222,456.64335190898345,447.8432786628812
51.067222950436076,34.89128390909155,77.5652991276087,353.99215590181143,235.38879667316934,2554.0059382474624,207.13188156187158,1867.4927637714509,178.6350911283961,54.73882025454176,1343.3020413966713,46.465097678701035,2436.117075004257,578.3247651646096,65.6238217510946,144.40905824408281,142.52811004755006,428.95238091067046,502.649407153497,74.53882342553722,951.5787523868007,630.9377158643317,56.82564121183033,683.4340366238129,48.258797230654565,188.0687418478377,62.75861152874925,80.60222581680559,789.0560099996997,1007.6443232087323,1746.7267918011007,2517.318513627747,75.71207097818494,90.19663587811829,40.25282151458974,1110.7035390414233,551.9561145872377,278.6089222880333,441.98284684129976,137.17733192500444,1796.241415499389,776.1199438462227,70.5209734754398,441.867733205659,132.7515082868585,5790.245853865153,64.82995402815499,1524.1738844118481,3674.863949023264,414.6428657317714,434.42645188519583,1060.0639589308337,780.3850441342304,1794.1447553792832,134.03355515147058,230.91106973971802,1330.1659337856192,1617.0463431456305,113.19336229901432,47.03930938351032,72.4125630470231,62.966240953302965,1200.9633660172274,808.3555292129413,478.29898224653465,169.3622860302019,337.03557107032015,647.3052964124503,119.66269301505993,110.80524908205813,346.63334525360716,86.14104159394907,75.1899421317899,211.30181892744358,97.43172835782477,1311.5498233540627,57.30322580015915,157.11726526817162,436.61542971867783,830.6148131917835,108.2019081055926,67.63317535465957,1513.9712869625962,101.57177813688813,74.169733671522,151.202153852164,50.712659464260405,350.1930716120131,35.76821392184529,908.5159305096747,58.13385582937061,137.9949520270082,284.85333309688497,1476.4034732660152,34.664842275621616,343.2772449760053,251.55107698073692,586.1361141365079,38.564128637363936,150.76925654464668,1749.8578357852255,1305.541977042063,145.5922271730613,1414.6424439047967,115.48929049898778,830.8501394913089,103.91028440161881,71.63084392121307,144.45089037050047,103.65657637891043,139.93712228459012,261.1990452248175,101.67572916624594,1121.6797200397448,829.1136640700773,64.33316421877475,873.3594409750069,35.24117427809188,332.8731943041743,75.62854467062083,78.02859820843295,100.3393381790968,444.08762266667986,63.16773337077461,131.16629504568616,45.263671473123644,230.05620359663158,2408.261876692774,48.00712221635843,125.48642633458002,39.785535875273574,74.34266178394115,144.62979776480742,121.87017850031802,71.82707653110391,57.65007604860539,32.63037285756397,101.58587303699971,65.42398182753409,480.68129450416734,99.21920881207107,1681.4636591510746,249.834218752902,138.95128786632438,124.48121347959984,70.49523659992155,256.50421894494997,87.8432975018198,989.661303625254,300.57217126552274,None
65.98692100864913,34.131007126200515,360.03660676800627,316.11548977631514,228.8371866529618,6298.822540145736,68.6697010224313,1109.1677691347627,159.71689346566103,56.479007088963186,1375.3481975922907,45.55118317892077,2635.5088944781096,231.210538078443,459.70917339445987,151.0662581101499,280.73515194243356,147.21120403715742,2780.6308595323057,73.92897359650175,1263.8189737744694,1190.8636068495955,58.350870298094655,866.8660064118213,85.30463939179161,60.491804326527394,61.363742141699994,80.89072866628769,848.8385689313667,1870.9823602230256,1624.4464335179075,2579.771353760876,67.1583242183425,122.31085138968821,43.02914025419694,418.5935357483188,642.8777777503675,132.91158299826282,432.2309887288918,95.86670282468559,1757.1376937342948,519.3527005043246,63.717060544366475,337.7547228478078,150.73597540741972,3420.869620182582,57.814357740162016,1823.4899419937726,2488.8847102945915,493.9707694250861,452.32071386587234,1332.4567326294032,167.51701644870374,1128.4037202937213,132.93973758203254,156.82948759000192,196.94049043007217,409.7439009428042,106.99624146624744,44.554042563277825,47.127906688666066,63.861082362281685,2281.7777045615085,261.3742187040732,125.87210873121464,313.0895658419381,751.7218545078599,1179.8712493167675,636.4280147862147,98.05967178972172,377.5313557640638,100.98045108260376,74.18917406530129,121.5157999837515,84.02152312127066,2062.6560834601823,248.4674508427371,49.024449746633074,453.07564553594193,909.394082555234,189.15978350937738,59.06902922767395,1168.5001118867362,123.43297947044451,71.18582880727755,339.2735713497034,53.86105389779529,394.5972071126075,35.19811502578729,1390.5170213570948,63.000981308437005,79.5864393669964,287.6106800364685,1453.1856092338455,34.825396432111305,359.73008004723704,218.64675723299302,1236.0234412571185,38.059330925634384,64.99919986929879,2025.0837827405294,1338.8572162801077,154.04146345949732,2234.7786792867482,85.47334106238537,240.3879760217785,104.74746564942,49.728353854151045,123.22931083445036,74.06585190771881,84.4985082348859,539.7533169018866,68.5811451645349,1089.273243761626,409.16123465225405,74.1176049252315,781.6733812402903,35.29522758247954,483.65723464442056,181.79861278654855,121.65322394636965,120.08641510160187,467.54870571708125,55.91112600889717,119.83938227558815,44.02528104039028,343.2601193572456,4323.352821645076,46.96391311670089,155.80173446098206,37.90120286408251,103.32972428369156,102.9195299383787,136.41326285031388,81.71525559382394,61.87028622232157,32.62288969402557,411.0836848102262,67.61315844353842,504.3992835275266,82.09578364341606,1856.144200336892,235.15575527553943,87.42240204118046,229.82869857844943,122.01873416508538,283.235026177002,101.37553821258078,958.7824751701075,101.01499391111773,None
63.23587611146771,33.92575864816188,856.2886143952754,237.09109008683086,224.3033161279521,3351.8033288303473,67.37958897847018,778.9683403151117,119.00221446782636,149.7227280408776,562.3206146940986,56.80856816720888,2833.544235854755,130.98098732787147,461.67850915937635,315.28090609547064,130.42741952144698,90.35823716563522,6055.366297687986,75.5687398090194,3874.0154025155243,842.1408401018831,57.56915738703962,891.6112641031157,54.74360535315648,51.564561311826346,97.755487985786,81.59886174770081,661.7996128673255,5258.931338041454,1602.8633373989444,2418.401286349727,76.07824917358725,134.93786731941864,45.27122233249674,427.745762605055,589.9261896196182,822.3772461728403,225.59078025628787,70.03524031172145,1716.9719445604171,141.40645802240059,65.1113915626638,235.7731496957615,172.4007186804597,962.7232039542731,416.0042201111633,2427.419432966616,1999.8052128949635,803.9760218231278,146.82913660064605,1179.6898856589846,94.50928600017193,549.8703846029343,136.9694633205204,95.52696826875851,85.97207620325717,70.84407048497795,104.6116250834938,163.64042891884688,46.17143381457694,47.908391919497824,1330.5211818640068,292.5283308168169,125.63436208180971,434.23427504707263,1855.933026956974,412.2651877219558,383.3588847173232,91.06203041350918,394.85678180379097,75.1392563218526,77.96493321593117,85.9885277042896,106.82201350634027,847.1196081900514,776.2629427568663,47.781828459801076,476.81272130476646,990.0850928678713,231.547023782105,53.11937521430132,1025.0067629125956,154.63797609731515,99.2256056929578,146.91555120277732,53.2272389657671,452.5460435630143,35.576580069349426,1983.0503631397376,64.18919427038132,75.49421692997917,244.5433337435705,2945.6657946856785,35.6809269494036,333.97352772213554,142.71982122964212,2568.384737886301,38.469939543984225,60.910388334368925,2591.491640693506,1436.6083128079722,120.21379201423971,1375.3051284956025,90.33524423097491,94.65854333497705,80.83930031612273,51.717908715922135,104.53308144760156,60.986080309596424,63.64686497856079,1175.5369931105474,55.731257384448774,1040.834813104785,80.81790565545926,66.10854827956764,754.6253288373239,34.310767031052926,206.8667287136512,876.8733679247798,642.7882691719067,120.37276632117829,477.27183002252264,48.28923157566562,81.62681594921445,42.068695207134546,627.1395646006201,2972.439269700353,47.85498574916328,122.55582760742601,50.355500870044686,115.40749566881487,95.03307054070422,144.55129236207745,75.67864172229464,59.04346779848606,32.61540403908689,393.78857137253283,58.56557901687068,541.3527436394107,64.44069567247688,2873.947306070491,246.2885200561864,94.39545551223219,232.85276515623886,101.7169309613994,270.22718071427767,76.37024243045867,934.0323024908768,121.62405659640068,None
50.583568915662134,33.911923429752306,590.3859838432538,161.84625956527202,219.43129920763099,1202.5186779309615,78.54021033605459,745.2990293372643,84.92804049262581,377.86017665936964,226.2325729585669,55.53810923486302,2386.2432624742114,163.0747715402286,940.7973385936112,207.40885601191462,57.37896116108246,81.18772158574714,4149.1030879443215,76.42196810919916,10789.38099370369,326.70553182870464,57.02173540940034,1765.2832726868849,44.46788147124362,54.26386375368053,66.37268440249622,83.72197833569719,543.0210422406694,3340.1976533501675,1925.7057571472421,2275.1035670668484,71.1450755632002,103.23902939021923,45.23631307587251,439.91086799049936,1621.4198655528305,2022.6170236617086,148.70782385851368,70.09801333788714,1644.1297291119733,87.39908545254451,199.97998021049736,208.1059712442737,197.33780746843186,941.0912297280237,616.8043593096996,2098.0180555722573,2423.2161027873763,337.0240554806516,71.79338355727847,1079.9522597739117,70.2898926675206,245.68310097088693,145.5105419310925,57.95866375325922,79.86641944293198,69.08861317903973,105.88935314884635,345.1505551935058,47.09153555698041,40.50896679133561,676.3650746576071,806.3828478471216,113.99288854483402,438.63061711976263,4124.876654154872,75.76292945820639,119.11432793590171,68.28248690133789,370.7981271822735,63.291167936491156,77.56613373090667,86.54673640268099,158.18041422614843,406.1424158587185,300.9604327776069,50.43616560161593,623.5592834680627,700.3914995434882,187.51435592054798,53.96875172813734,1025.2169564798603,146.00453332690486,129.61756111015677,65.01409037492172,49.954285466492365,527.9612609833854,36.50382621588261,2377.414630911948,77.59215043299886,86.11806606270498,1376.9404554308244,7072.461662577034,38.928454836857135,306.87906731332384,122.46587972043264,1951.3660718283465,38.65588581017267,60.501709361805666,3176.741039679773,2680.193680277266,736.8330495869933,482.98974193010963,93.1353370273728,61.20300737128667,123.90312008967315,61.21872616642339,87.63276663632182,64.21439939019406,86.43167882132549,807.4727021274147,64.27171300278245,996.7392524747363,63.11974649528034,58.327287656421674,759.0085108293911,34.247524425899776,82.7580885791233,945.2871712994876,338.91538215216383,139.1130721366867,479.1917899586354,40.84805569334925,85.09806083958959,39.58849702822695,1296.60897324969,2068.3322722177304,50.46070948750253,89.56797044432612,47.082717103911655,153.1289417808707,91.55790970779505,166.9251448526917,87.5463755564609,91.44558501471556,32.60791807879527,259.9691048495194,53.53907021879369,568.5489726033911,62.938314216305464,4791.3146161167715,246.90766612387372,194.90157311912404,125.64005853849554,123.62724252092806,344.8935788090343,77.11376892666843,905.0237074335944,73.20224930611127,None
47.290584350089404,33.90673515707299,525.480138156785,117.896561221471,222.918435851126,1020.7583529332297,84.51653349005598,1170.3267604208904,159.67856754929934,177.95592472204797,215.8498303695549,54.650214832724295,2303.0821006559922,177.6880162628112,405.37957211102815,282.84787392187405,49.28059688915732,137.7673041282993,771.2854351427948,71.48836502574261,8545.746131246071,882.270347118874,58.823034798547276,1432.5019934524607,58.77442224063571,56.57048509158294,49.292045481434755,83.39161086842175,534.2140030419944,1935.5081647912632,2601.137298622652,2715.8986331312212,69.19429488090273,125.65037877636698,44.95939026006465,467.4069637076796,2912.515460289237,874.1215244871019,147.16341389088188,72.23903854843363,1542.6237652147436,77.11149697318072,158.52696588700599,204.42122843969253,223.49328455140304,620.9098150513157,215.43204180356383,2794.2493321009306,2554.857208561032,175.17253351311217,52.246219672375155,1044.101750457419,53.75563981301509,116.5642667306086,163.27115662937447,49.708451678092786,77.12049481802522,78.04649464963025,110.79139233248782,1166.748399949969,50.67839383892042,37.69893899162233,749.1371892592531,408.2418630681551,103.26248450167348,313.56064662842584,2490.626117122773,234.94014997681583,645.856646899718,67.66577361707229,364.17196838065115,61.10673692533766,72.93491769868115,85.60788349817757,217.7088789566737,399.82314820932856,85.7321170520231,65.82379680558363,488.03615116466005,638.1152409257209,166.10305271777352,54.24797009801897,1045.708808646172,121.48564086834887,122.12668758322263,74.7074862763709,45.277122877241474,491.01363571953726,38.13138830896672,1205.543649159399,67.52281118441147,97.24525949719973,2051.938118972871,5542.917775157544,36.64841288017009,819.2778005413599,143.11851383801238,1066.1154885169465,49.97625740609431,56.66029790592857,3380.10264074961,4775.672992635122,1615.886789628875,363.6733414450669,85.12169553023085,52.32944521257488,101.80655311517056,105.53001645100092,74.47185439295528,69.79652837865362,108.80311015807638,218.6770938499057,144.2817146543193,959.0094836119258,61.97893837955227,62.14598696398862,789.5861772093052,34.24268591037432,79.97965739687571,1032.8503113864563,377.851132289705,145.55335688235425,478.3659918947933,36.66985842453072,127.96943829883986,38.58372904220739,3359.999611183899,3082.621533836061,50.83239343881546,78.49793645985295,45.35900491475931,171.8542056595243,83.97104484004021,173.3586422672208,104.39233200491222,136.6359729324395,32.60043868620988,165.6619289145216,51.70852878011222,525.4148058691954,70.89552597331694,6300.141905075143,271.92761311040067,184.4211267861264,146.39898145202372,152.9180827928224,274.0454938770092,67.32579165528371,874.8670796820383,44.800679968725795,None
47.15663433362426,33.901474099165824,1554.8539627369453,104.06554740465558,255.2941465264243,1090.157888211587,83.65774803850441,1531.4517132723768,410.4925668080674,50.773370255647926,219.92997766186303,62.73653343217621,2262.0138963315962,229.0829015075721,68.3111214715807,468.9117719503653,50.045751451255896,117.27959289582736,88.0371745686916,65.21783757831743,3289.802321002525,862.211136995168,60.8518480466712,854.4780582973593,60.79304878251932,53.37667775805765,48.848179261755284,84.43592066246872,531.7114474837721,1583.5768805851892,2521.569464101344,5583.168609081968,72.84721796842975,93.36113218581956,45.53552480713103,465.44397593988197,907.5875919948655,242.21989057414945,140.86235384371616,74.70258407645295,1461.623433779895,79.3130647085179,101.22230650962312,209.1338333423299,357.8373064824419,299.02670793162565,98.86048768746738,5507.4000790126365,1255.9251767480534,355.11368585959536,59.764500461560274,1019.0494226082707,51.38411359745431,62.025344832131545,221.33793684419442,53.547654975556576,79.3975195959188,80.054722102713,108.96768448112795,1719.8397078357784,51.4561432782103,36.57078677463499,1414.119805998453,242.35738271318417,111.03990240016321,199.6891014308856,521.7476497286576,649.6437395347983,609.9439639080446,70.66099460913037,356.6174302554039,60.16670961637726,68.90373932277362,82.54378148659703,269.10785018526644,817.9242431405768,128.80347804977035,65.64487228785863,416.309749960082,682.634780260665,131.53130172710428,54.28894737267485,1076.6690141937067,107.23167311510132,120.33162970221613,64.32903819806143,47.00085388791639,901.7223371352753,41.80064531657137,591.4831284880938,46.65678149272989,94.33688528678562,923.2782849491578,3205.5584811786493,40.87694245296055,1440.916991200644,151.00232822530666,798.9989426478026,169.05454806119332,54.524391493590706,5054.50858793539,3804.4518403619513,975.4107369135954,424.3844074452524,84.38359189365876,53.60814954279296,76.92292843195028,133.04650389327517,71.33265124754392,70.28104934716903,110.6387405226886,71.36931096848215,318.9172097356623,920.5672732563958,76.2578632697853,60.04914850800373,968.295174759599,56.12993136497703,183.0544553380477,379.62471977641763,645.1753235612422,104.59862134878836,471.6404865890114,49.00365514837165,142.979633952786,247.15552378598642,6923.735574788016,3926.9670566990576,53.06546877165597,76.90508459000334,48.93366464389082,142.6128650713927,78.9223056515989,146.46931681836776,103.54499199572395,148.7150532490229,32.904597453287536,122.34218735037165,50.075654435869275,488.24721979324784,209.5843278530699,5450.133125597802,266.45227401317834,88.1473588318494,211.23655083927483,165.29744677389812,222.5515908908681,59.74715522012339,861.6233351223424,159.43273793865774,None
62.99855089733025,33.89609141858137,848.938464922594,132.6695427026265,271.69052788764805,1061.653682338016,83.90014869110124,1140.0146550046663,719.6173993607248,39.47521823571839,229.91734029187282,52.20125674812994,2238.832208049891,263.41851996537366,60.68585334142701,247.65365534117421,52.22686338782688,1405.2239207116947,67.89517101511393,62.2540802226647,1313.2697138902256,479.12034719793434,64.92205383218136,562.4470416129288,50.722755280149954,50.259435966507176,48.27823258491314,84.95086324057694,525.6868861843354,1023.7649018140596,2124.2578327831284,8076.574349064403,73.90196458883412,172.8353301617471,49.666056122982035,448.8685251172665,123.40290759305742,626.486979756948,142.50890995692572,102.58463218907356,1384.6848784372867,79.70919452107272,481.6620552369277,220.20513382562984,277.345992478382,445.54509866465173,90.85707104249907,7887.1264161555555,828.5342792528995,1406.2154364731955,103.42867880623275,998.1169596984382,53.593494413459425,56.561307250001605,331.14177617377993,64.8724484094906,92.07571869574828,83.3332653736252,108.1110739362274,624.9055343524984,53.80026168308381,215.90587376399142,1492.9184607587326,211.21105286460158,144.81904304527188,165.77425550178262,203.2480329629704,337.5246968815715,524.904310957569,72.33182717665693,363.05196355962715,61.879620470571076,68.48390211323914,80.63313691567964,261.5030364955388,762.1895572499698,193.1411896635361,51.4687702712439,407.8429752817862,709.758637553971,115.00170870647284,53.75444683813458,1006.2297826853463,111.72272326414037,110.68384807352652,50.49421007776965,156.0223282498813,1615.7385645587915,43.66553900960636,628.3943435684845,39.014616674601896,85.94371596473037,309.1145879578808,3375.130541077575,672.9986538367317,825.5311240869546,139.7812052325216,1007.791062775894,479.8052300793406,57.669653757225475,5216.7994052473205,2822.8186290429103,411.97224311377687,441.0839177029983,84.38079825384506,63.148586396590424,71.58230963482194,133.69373722105328,71.86530192605251,73.47093917598687,103.35081370174557,61.33803543807858,202.65123461800368,973.682866930835,75.21586980322903,52.86606761543157,842.115485827415,528.8509013527552,161.06182123379367,96.71467168030092,660.326579760122,68.91301550688362,461.75144422205057,51.80896918362433,121.07547356459177,1046.3500341528706,12842.542710022526,5499.9951369204,85.9216706010314,79.41322568317342,49.957271649927904,84.97174554653147,77.91937546620453,134.78268748079591,94.65917379960443,165.67269736794643,41.33939285234457,110.79958304042977,98.29179248278211,476.52907946850195,108.28215704630013,4618.78268694926,239.25157195005002,66.03117573809293,180.10485046355598,138.26488073870206,223.72006340218326,61.14797325633014,866.6813495536144,117.80383845501484,None
69.8991238287906,33.90023653824431,193.42433523569846,142.43913520258758,244.17077326900525,1055.2998900085347,98.45874299017626,1008.059692329003,256.5056830528408,37.89874054204097,228.5162301135511,44.53357689533392,2231.8988416977013,205.55909697672703,1548.1810709383715,374.4777492934298,51.904690575000714,1332.5009022726942,75.90757522502871,64.94607870092695,1303.3314119278098,144.49189385946562,62.51192158666624,659.7510647398104,131.4652049996713,48.191947843240655,47.73786345143653,86.1013032810842,520.3857190580854,946.2824899169921,2065.957390645966,5660.721687776482,75.38928345278084,150.15507166820788,62.50607255264413,453.61804880517633,87.8810176647776,707.84605726521,282.82079004503885,140.04813299835143,1321.7591457728552,75.10145902472671,1107.848104714613,227.2573257643916,193.78632681180284,589.590540575652,107.48352187395044,5286.771888593358,822.2264477878748,4167.0894839071525,89.45948889700857,985.5733108320686,57.54862908326879,60.81316341158168,548.2866963454438,78.0394261459216,95.08693528183215,83.2519030848029,116.52123883819564,376.7100424178575,54.59702208432675,204.32962791135662,1040.5113242071827,216.13421647484554,147.49160645296482,139.26074337753462,121.57197517246912,478.2281453327166,210.74547211635613,81.6124510516243,381.09025421793814,71.65764281167445,72.41415198351945,79.75570735112656,1679.1101295399344,513.0357191646825,168.1733662313845,53.754691009543954,403.54584995616096,718.7821494571124,118.34184368412977,52.111179739743854,955.2118727582132,112.85194670263651,88.35528773462343,341.09312703100653,291.3489479755321,810.9538681040184,41.64365528888425,571.6022933180056,41.00744409912462,99.73876986131552,572.456700158909,5679.312899497984,976.0276844782336,1090.9814181967163,131.75852364286374,346.64579148690285,254.02680756898846,66.39906833413508,4531.583714124344,2741.1058548882284,812.3672255386704,435.04626744274526,81.45333208996921,97.30993816376377,72.16515217589256,119.26802493684023,85.22883984358397,86.37859114686111,94.60392204284877,62.45228284738942,105.66584645448496,1094.4540742218942,72.53773998290781,207.3238485661175,1171.1399738131736,440.40953054910455,157.57887128466777,90.15861854459206,1261.3130038451136,72.17272626450206,453.00313982522965,43.127406077888295,123.56959437321659,2952.526743666507,16130.204612262876,4539.19600256014,63.41129803451077,72.51248493138229,53.885052506140845,83.86938295436889,93.2706051977592,115.9452697135598,78.44092401407586,173.26834236757338,42.534362791482,117.6174776429688,709.1315716001491,509.6470212885597,58.18579284855173,4284.224559778385,237.19917175030295,72.2198507998194,88.5714422681987,108.25353600022233,233.3259225527721,63.03092139998822,844.3550115103993,112.5443167203832,None
67.8197212257556,38.769985078421605,64.95983283441026,125.36594309955288,216.86085696961464,1038.7983861962591,70.48346206997036,1005.6261052879756,437.43571531748,37.463797592508286,221.29211770695733,45.767501105109936,2290.062760042563,196.5196510570932,1992.3029739420936,257.5770968347441,310.6708947544447,388.1774249942522,79.99843243727733,78.42430524826673,1198.0755182653986,73.32510648030872,56.016504122641145,879.9924386418219,84.60433973956772,44.76981891530553,49.16870129624216,92.91361510177202,514.4404970399158,743.5425986191858,2038.64721317422,5010.972930194716,73.41597386229017,101.9207456678368,63.962066836448784,456.3418378382193,84.43536161685839,388.60930716115695,185.97549027949825,164.51167233303582,1274.3787097712711,75.55119239072674,5084.636619060408,229.65144590207248,448.884465721773,446.288464628689,106.4943795094054,3861.0539388021534,807.8779191404608,2369.0039210560376,77.82681991746391,969.0194951367258,61.12498708410399,61.68586761766246,618.5108984511933,79.77921210633001,83.23210007510018,76.99690529989287,115.23862389349732,1071.025766148771,53.25942303978665,87.57249162138069,1358.6918194405243,379.46021158574746,128.84083820372723,540.5532044187642,95.06617267917973,541.0101466467089,93.80551113619823,79.05638373521656,383.5356939432605,83.04027093403097,69.77423565577364,81.89057281807278,4222.432680656437,911.2002408154634,134.393635671816,64.48323668088939,397.49067559932223,731.6563581252511,186.9862871182376,51.761374347597005,929.1486545986007,88.62778674541691,71.03977461553839,1109.1792316531414,363.6158155193409,413.3196766277815,54.26730739788417,564.5276401792695,42.54066874822534,72.67533374536514,292.79967375914896,5484.035392142349,306.88026165272527,598.5307894465476,130.16698087603578,117.7703057978149,60.98593557174675,75.02073814707978,3849.685614453756,2724.525047689942,966.0934054449904,444.76685698262787,83.947215764188,129.31558330012615,76.78368152421679,92.06823610371929,93.61457022778923,121.32297614833608,78.9442551105697,113.7685994604528,96.87062905568169,1177.332400582023,70.18620523024745,835.4346226568824,2257.493065164649,457.5410103184334,100.28922069103602,215.31251014484246,1612.620638197271,172.57751458215512,444.3628840382218,38.94140912703139,154.84549426640191,2375.61557987587,11657.675990954009,3208.6170565162365,49.089079090472005,63.58155040055521,58.699522661002256,118.70321975410171,348.70925307938904,1361.175646989002,56.21376525395132,120.66909120950376,36.056917439888366,359.65092189630167,438.72212163752016,795.2630431742102,50.92031800982053,3763.024717008746,197.6592650276174,84.34915690674019,64.86785806413074,93.12698539418705,238.17752360454625,68.41954931658346,984.736478012459,61.8526401799359,None
198.50816340927787,38.077436717534326,127.09709150945022,110.98634482374031,231.1528213183929,1770.1176074204693,60.67194815098448,1079.314333857759,289.3734379151273,71.94436404092633,229.2281372761761,51.18092681988905,2317.002107382704,207.37050786415105,963.3938511519034,116.00110891757664,505.85840629936683,102.43122421077513,77.8662089215355,178.4616411174099,1157.7709620595501,71.74106376751962,53.965910267139215,342.9381711520009,182.936781810458,42.12054089842378,49.643650241715896,103.67979379382624,509.89607524942267,416.19374611680735,2041.6356969609885,5203.603789379299,62.19315013984293,102.67685800271313,54.22047363186364,465.3361279381689,83.01520249383124,281.3980337208897,149.75738850108505,203.65381558020405,1248.2749626519635,76.35449254657965,18469.389458475773,226.8284539475557,388.2979180986247,362.50038372280585,95.67087644280485,3700.624712033471,2357.5871029064747,531.4562045177365,76.18679876246243,967.0529215384547,56.2232421435216,72.0736593318882,457.6654179108632,72.6936851311407,118.33019966272718,73.5124641053706,116.49472389347277,1923.895166419325,53.96087889666522,55.04563098800626,1544.457284176256,543.2215120421002,277.3015136979002,1805.9885846283591,87.15536190058876,841.568854830571,90.28387206275585,65.51805126017368,380.6230712977338,102.68137605803732,63.30486216625461,84.01831837558731,12727.485347150354,1247.4441564088174,107.36320673819998,537.3919853171757,390.6274558256806,744.4766223337649,96.6972220066622,51.850659333406746,901.4922102616682,523.4390068458739,56.78505884979269,1625.4156001090146,779.793840834405,411.1726776437398,127.61348662104331,642.5846870702604,42.21956795667603,62.85321711603427,155.19486134458333,3872.071025649947,71.8891424702624,1066.8331969533353,132.39145900693114,117.46648143037028,53.283342376625775,91.33763227254309,4258.397741067145,3400.1473759628584,481.2633433593492,493.1567535050692,128.91045532361278,162.19175583310172,99.62748499219342,75.05811412810809,92.02928693357599,275.9222979732483,68.59943819428517,234.86385763280487,83.68266105990337,1116.8504794727478,286.0839831319989,1781.9999595345816,1772.8682804728878,1608.608920889784,65.92257813995035,180.393345374942,999.7168763324396,98.98335908824335,487.924249603202,150.75431997511927,202.27394421626255,838.7971251387029,9849.251911224395,3027.237311759477,44.59776471602519,144.0540057704506,52.3221177658977,209.16474728762364,1976.4834035294282,2390.778352837508,45.974069466294345,116.18608527702192,32.8912344012993,1522.4771468478586,125.12310548889921,1356.9785597954362,83.6746162938207,3549.4703885614595,128.27703487219944,73.9440503333597,63.015069405683505,81.28244555234869,240.36486948093184,76.7423242988307,853.9842231063581,47.200900812920274,None
123.2374771219675,34.25572783539093,2693.788600640736,109.52285953621315,248.55674611812702,1841.7414804517111,60.432071283758134,992.4077442561346,131.20603889056326,133.78654937397613,253.00296768057254,56.5705334709635,2289.063412795058,218.13623108634155,322.3161903699145,120.54477444213128,194.7986432244144,351.61593113440944,81.08608045099825,841.3195097233956,1157.9154608038145,69.21291984161955,53.96976127237732,311.15303189578754,734.4607999381521,41.91140055443626,51.08594243638918,113.92145459763105,499.6107822462773,378.31147479634865,2028.416226153576,4316.986623009774,57.218227650741575,105.55311410059916,50.85680511484803,463.20616242442327,87.83136245875595,285.3636934239059,410.1122453524273,209.88034371275552,1242.915279457385,75.86847898562486,8450.631757709705,220.3478390084594,809.3548005863887,377.5695745226186,79.38114542940562,3751.045125632691,4840.844396780833,572.9371318678544,81.81722938668361,962.8045284725107,49.17713095627242,70.6889697408009,389.069242555992,61.76128967266776,104.59935561287436,88.30290548075972,124.18648476221041,609.7972271429235,54.087649973264895,50.95601348982682,1351.4484794742684,633.7840657885898,199.1136000727092,2068.1881229626597,70.7107868193358,1393.4438760527114,97.15247065030589,61.232181458765275,363.9763432729914,124.53086113516869,61.3970436130857,85.16767591770108,6467.5262301409375,785.6902055814733,501.69265960356176,905.4620745536884,409.238942953994,688.6630066184537,221.8353645140491,52.127952793035725,870.7642471117337,1874.4418132253527,49.68125449516501,1233.8425331614812,1394.4208107732488,423.19448713784857,79.52903483045274,870.3940860722447,48.76966551794956,61.3358851224511,162.47343872431378,3408.5588888074867,61.85153599251938,494.6240376897871,142.9854646188061,128.64856405716148,56.869365480585095,92.59379507455385,6992.510909342583,3254.1781699112457,368.9070767559716,541.6532202598822,179.23031786856782,181.94406111081867,120.72147182645749,73.35155432346716,80.28378664238481,467.35031697464217,62.3821494789964,353.45996477339867,91.61853280936052,916.8190041614694,625.7354968660765,6089.889819772034,1392.5576047180036,2192.838618521824,69.26401622098346,111.33453049604813,468.30595696689653,140.95710875188723,508.10540104276294,111.71025379529131,193.75281543094616,386.1322585061848,9015.56312150264,2999.05966146925,42.54005925783811,396.22186290072256,41.73203774204472,381.31644684221186,5143.4828572671395,1157.8172561733236,41.80546851855284,117.0682566478808,32.58859175020902,2873.278939637772,71.22600166094743,2412.366630081622,58.09943637360725,3432.569225773659,136.08782562194406,66.73221459284657,57.56967236332334,77.50279518534973,246.72244421050289,77.95784321977942,765.3204620467689,114.81161961125154,None
60.27019338633632,33.9001275829193,13605.61050999077,112.52152520728895,232.18681581573344,1564.9450428375735,59.61197418145813,952.5788286306944,322.1735755910542,77.7749275196841,304.0683647936524,67.25230494865902,2179.390169366316,232.49023822567798,119.93600906015024,663.0396485752186,80.4140628026525,474.9100556665777,85.99404415281465,1282.5362409521413,1182.308683125925,66.72903124519414,60.802017890409715,1211.4729046347775,312.61877489933187,43.63988139026533,53.57908546733234,109.96895897503668,485.06932760502855,386.65846530803566,2048.692889303119,4102.230819790539,59.17045015395001,234.12915339511287,56.15116687670222,478.0225266208556,100.52231390047072,296.1558080372011,567.7686294861649,169.824081761098,1270.4799236766507,78.68456233373388,1056.5382283385077,228.86056753187785,530.711971384502,387.15722981443633,73.03881586302408,3568.9499124810964,3992.3695045655977,288.72052306944215,108.63336930906141,941.0113793656838,48.36657300777372,60.40533743137989,426.6280605020034,52.304226781416475,457.40474103465584,82.6592726729139,137.5932460678747,92.28083275714737,59.80829810946224,48.857446604360284,1223.9611018981461,1063.083620231601,120.95352754316308,1960.192753234696,60.41673473238415,529.2345338084697,100.57156085811287,68.94926992026372,345.6135600980008,148.15118727521272,60.11230722166605,86.2548408227301,1163.6739225025915,652.9564504473357,253.68216501500714,308.5410903338293,1875.095005988625,663.9582306877851,686.1315417813013,51.396277959535595,835.8216661969677,6693.940747311168,51.31955270999832,1501.1626570128349,804.3397182176193,427.4281362681371,442.96904250812577,679.4512268919302,37.83905068367576,58.488017991918134,618.4267924744672,3451.0381361661302,74.10491023610184,137.8092284061531,493.04383560512036,148.1565929980811,305.6916824063704,82.88260106427533,5725.701945345976,3115.1810683008116,401.3193662751509,564.3316768014279,193.46341322431329,170.3432884134069,135.43534161840842,327.39595141348457,76.8631283511071,258.7945289579414,60.72845968016424,681.174360472342,94.11582365834877,865.2702777091574,1853.5103803136149,18547.96947340337,1414.766291457328,1043.8704338939872,77.24812333484566,77.7033779398293,841.3537655093672,118.37139124218314,485.7795258683616,39.604565695777225,167.01194910862532,182.9606927411828,5519.355675177231,2932.6577582935747,42.78281119688785,2797.6804705821132,38.75268393811855,410.7169162856705,10400.37508831972,1314.7527307046134,56.834576418029975,140.861418181729,126.8584505483674,1523.854302238604,76.39824379998757,3918.5621109957174,158.79762806758927,3281.022052874491,179.36551750101194,67.91241063135736,56.46604423888393,76.75200313118546,254.719675947501,86.3219143725146,728.9762236859438,476.03153022351967,None
630.1156856682703,33.867055413932164,8329.776738091514,119.7851136879582,240.82260819647828,2928.263743082168,60.33763632497666,1782.9845441137259,144.07017687342332,41.299810643212425,311.2500861102243,69.97549570051554,2095.6696015143125,264.11486737438497,89.46140242127899,1769.4184987316535,110.92488362281144,229.637059916579,82.7171101773392,998.5303814002626,1131.620694620938,68.80076452345115,69.13436893784285,1499.388458660224,77.22263581889196,49.5619652262081,59.09204450005427,153.60342508054785,472.7984308902788,396.8821858826991,2033.0396680564857,5092.908974417617,135.5974808722425,455.065205373937,53.07544402899821,436.3481593524687,124.7165194951686,298.3638672511524,461.4994843583775,165.9019488854973,1571.5854510542804,1167.9669708660506,481.3951774564917,256.69967559870366,352.80422402637504,396.2633067811872,68.61634569887013,3469.7403507361073,2664.336078548184,204.04800852883312,126.15232000340914,925.1198998840167,51.22521595642721,70.44233655562124,442.07681187502516,69.49674729519752,538.7337600915599,71.23139819410633,153.00889867961698,67.32139496266429,97.74875345333176,73.40373192445479,1187.5476540516515,977.7007030229213,132.44026913102851,1691.3494653074754,52.16212661966342,114.2560528022458,1088.9100575619832,72.75963844499898,342.98148314905745,164.91543477566003,59.846999916680524,85.8562906092066,774.6671138167459,706.7349621704158,430.13815405282264,79.61230490882629,16174.437330514593,1309.7618525115786,747.6977868942761,51.495597450221005,803.4021133815334,7741.857390108783,52.931682183314145,1808.7430079581964,273.43955915492813,428.6999485807601,452.2991061067697,607.9383465244402,33.744021950832604,57.15954907507511,2072.45936261751,3317.711753067879,121.57382108478892,111.30156663665323,405.95498679860435,194.4906900424289,166.9125580504726,74.77544538589349,7928.6361512117,2843.177751636136,617.9796287122173,619.1544169316106,237.25049397047772,158.19909989843663,136.26649439381427,154.29075781071518,76.8710307895128,97.99732033731928,141.6771123071515,516.0110959532947,107.61875466738474,1253.2998227290848,2161.060089515049,11135.848609712824,1483.3322036490254,694.10047390496,86.00563686740001,72.49160921209682,291.49809985506664,75.35789831917963,514.2372789236714,33.78639294852171,175.6199299661189,78.23276988904108,4529.481531838799,2785.1626824499626,43.41966986403948,16605.278781190333,37.90281830724093,355.9338056828714,4932.539121826924,859.7592022039177,60.76060728661323,729.2856970683748,619.9637047817424,265.1977791955389,78.42833581045362,3372.378261621057,290.9313689676024,3104.1698679244946,207.2883806126169,73.0630460998848,94.86657125426736,83.01027250996214,320.82352516289063,105.0299400968768,703.1125293667151,494.3413453562194,None
673.2776093720456,33.87470408411571,1124.3230149413737,125.63081269487968,472.7006150799903,5639.588059208683,64.58567908814169,4304.2804070644315,109.59067992109087,38.797553423363645,1263.4151617652053,65.81520008271495,2064.584730648505,266.5193664731958,98.67389731209187,1497.8328126442057,91.33752069473951,308.97738941652995,86.5754969503505,657.2897974148265,1129.5995376185062,84.62608351208495,163.81604367530502,1799.9358944962548,116.45684813044548,53.805613307082226,55.061109660378094,142.6913940613787,494.9350096648543,401.15361315404897,1918.6902094100824,6549.511918567798,96.5763933732877,1340.8375377523491,55.43717032648655,639.3984110539479,160.204825048667,309.8405144287574,4034.2678210071113,184.11570267176486,2429.941018416077,1166.9938315786007,223.6631019404741,294.31449490135066,607.7128437315263,400.68278992839936,1148.3607290736356,3355.6387387182035,2512.7583306483584,217.0752747598613,140.64598454601636,917.6087739179357,63.87689897476202,133.95353255998882,362.9911466387982,60.98006930385268,286.44345246191955,78.63256521288078,189.62812692393425,77.82938150427286,151.941154422268,64.67103865011624,1177.280326954296,612.4679830511045,701.0147579692202,1145.8388217059914,55.28286669218974,119.73435787537642,2354.1089358713093,70.63041764212453,357.92121318835416,159.91541995135083,60.103120634882345,86.66378693807819,796.2783693839175,757.9731936471582,435.3016616749926,73.68700231046294,7698.776296891165,1022.7214432436853,238.58588668224925,60.093401075480394,775.6021776416138,2329.2250681775936,52.63844723241298,777.9608549343211,108.34807651423606,494.6010773570002,414.5210399824622,615.3755291955541,33.809632433759376,57.142173309542706,4591.043642289042,3284.1789060595365,208.0117678852517,190.9393097855582,186.46246893380237,248.8511825799453,88.20078039926004,74.43551504427488,18041.13401033337,2831.112397843653,554.0090321099397,681.3098676619277,277.7904662007947,216.17582664807028,154.24630941945802,66.56737466587606,68.42850335615258,57.26062189331415,93.0354767741292,540.4892978086242,113.82725926267595,2060.8031201070694,687.9933382562665,1318.053136020895,1514.985811241779,2563.6137246017497,92.98535061478609,74.92302731930545,93.61981396054222,79.33735067567666,448.0185915038817,56.14869638644561,152.96167424449473,56.38791736517877,4463.171669502461,2601.717876363476,45.01316171995498,11052.547388587964,38.161743661966675,333.49411266944793,1107.6509636085814,240.74261327335486,72.2067740711468,1753.9110839384093,531.8569420584881,54.77198877946679,104.87910429459795,4627.035870210482,1877.41245009254,2928.126169669593,211.6863713925357,76.96721851378476,73.3748953907058,79.60304395181078,517.2678339037792,109.90643295183013,692.0077580695604,779.2335226198842,None
244.1542550899123,33.898761363619535,119.8926719061752,131.1496785493129,2355.742330362518,3971.9718709821996,69.47333775334259,3440.0067200752483,136.49283296046823,39.73790180552739,2806.812949745333,92.78054198094128,2074.4216785496437,248.61244439968564,385.61603211594064,596.1733722347346,83.7284836342114,105.76773179932606,109.52990210570609,1456.5182777120526,1194.2379258723015,109.77789533875999,166.53129550622083,1101.7095558035123,155.73667485793183,59.26651099488993,49.94217094370424,353.6603758162145,472.96659379541535,415.3104373120544,1871.913486296989,5159.364031743122,65.53818265471871,1241.159514605796,59.81996803809182,763.5872743625442,188.9202672588912,365.94430887332885,25827.236957338286,159.83631355688522,3165.7910291643284,738.5770720257037,151.12695558384792,273.5211944999826,622.5375799093537,398.9698147311528,2148.865533613652,3192.937932914694,2316.5921992700305,256.4234117308152,206.87462517569645,913.0694019229089,76.00417792975043,179.8989876297573,329.2564715916094,52.420616154437674,208.00273143423283,84.65712801054562,253.8330971764154,106.64610757638344,158.96409910094334,85.55565395324356,1149.5125069589267,499.68067073965034,1958.0585365969546,538.6327202251779,60.18270895423597,113.47513515182979,1637.0943424469085,64.29741659552761,373.00723842586035,163.63041168615322,60.32109814959483,83.93282041199132,815.0947151614959,801.755221694263,287.77766269484334,72.92809740740141,1947.4056281521866,759.739154713332,80.2384169058431,65.91801454338099,753.0756261570692,353.8344042236127,52.052893917848216,237.14373272415588,71.25258895844935,439.6369817432155,464.65551662928453,616.6731238216039,34.44959843786128,59.82299174811633,5662.7034677448855,3143.035266454328,214.71467863451568,252.5842355348851,143.59420335642756,355.38840323668353,90.2372504441538,77.01878787573514,45376.40870918634,2653.479054002046,460.19998572515783,683.1270239764516,263.7570248161658,967.316827262787,187.86952839481893,76.59614355456995,64.45682432177459,57.63989482842185,69.17646900047545,413.64764394006795,112.06481183887163,1642.900539861564,99.6824247701288,571.6988513397098,1519.9145553565563,9839.440903990459,107.33066721459545,81.8700148688879,134.6807735700392,112.8336976469115,425.1284574417516,79.90729037372225,218.9018982694601,55.65638124002648,4381.127546743958,2442.238974172771,50.86937284774995,1759.1624633780648,47.73526710064357,278.95765323719763,639.5848728008053,93.0444054773259,82.78528075514862,3285.4311299660462,281.566232315578,78.51051145306371,193.2750703570954,6967.564079753125,5801.7555692968945,2700.17891124542,224.0850427139596,74.0131416644289,51.483644036920936,77.73134415879576,373.55230237849486,258.21899457434415,679.5654374045519,2294.736725562719,None
161.31626412449313,33.875294261476874,88.95123968356597,134.1314792146583,4769.210616982954,2870.1605132172213,70.30175072059902,2786.229615041529,164.31300340838018,39.64018709088673,1271.0087586921734,83.51641835890446,2123.523482422463,271.79103389170507,179.09083865845088,243.43903404433132,84.86599930209977,63.470422472454146,126.64843704250687,1891.1080143495362,1280.4325639732901,124.65016843181571,98.53183420189728,483.7718968080653,119.06119555272413,50.8690109731849,49.47822575924857,1036.1348073689153,444.6953328404521,419.2770468212322,1794.2616778819324,4217.153076629722,84.27818061351812,1308.8512068332504,59.91753866923769,1489.6629099966692,165.7162268170623,435.4571194245825,36142.539490355426,117.21155771754628,3412.745649578877,289.96905803731687,160.5288252142147,248.6414977238377,445.09913524765886,385.0438075463742,1740.3569001220694,2991.269269308636,2226.2196327209554,390.50742005751067,117.19331736814578,898.7767421858113,68.45060801125011,116.84143135563545,361.21579602288847,47.55985794230778,163.32179530850559,79.36596650401059,321.9409121488302,127.41170322462902,127.61572959274928,112.73174224593404,1129.6473824376171,637.7489549593307,2127.5032208470734,306.1003756449274,58.64936551105394,102.32710440936184,516.6004832534145,127.10081184893444,359.98210013022134,154.08578877744964,61.008444362621205,113.69929442953828,819.8308750942954,826.9865912999876,223.67345684072063,80.70732500975194,1812.7275927271905,754.6224878309422,86.56375143357779,61.96242703149518,739.2680136926614,179.6560348329187,52.74383650606536,171.64236508027506,106.41384564141953,585.3083445919543,605.4796832753777,632.5456289345491,34.98055594334105,66.42095828900068,2954.1315490324378,3068.558900701137,188.26155111179418,189.86125841772082,141.61915128474078,491.2986328671411,107.17042859523431,90.96804925253288,90606.22397300632,2492.591515372652,464.8345556214535,621.7776042554517,239.1476128278393,2000.0864451401487,155.55562449956395,92.9296373845774,65.47502001584226,54.478831168225575,75.71155066573787,190.96851407949765,138.71655621821643,1499.9692185719846,79.01394045782466,3575.126398286711,1474.7602539786953,15204.2020022116,110.7702789936525,366.70287827665777,224.73590684641064,172.48650003170738,402.9247970800783,71.30574158528951,780.8272781740318,65.87010771068428,4253.380679068769,2320.9503398956376,53.548112275673844,502.54719879383134,43.835660563514985,214.16134522838112,345.53648451296266,97.15218011141468,76.31626936487405,5225.680713339764,81.99113382605356,89.33916219926684,100.46315135103056,10300.853611634826,19593.60939547865,2504.5141615725283,215.56230119906547,68.83742104117707,48.098861057108095,72.27264921956215,273.7451785742093,481.0934337694493,670.4920127572717,2349.550680630335,None
953.8486158355183,33.84465149402825,105.70541953694284,137.82303264779074,3317.6846950685817,2773.652637650314,63.87953173212115,3350.2653248735387,157.7554874676829,55.58509028843376,560.3199788555713,69.14136046989996,2386.8361453677867,277.7490844552516,113.0473366454147,155.48910960761592,75.28095421510754,77.0449935113422,96.21591249767735,1626.7628666913683,1336.9006795048788,143.7211812426423,55.4244979815333,293.65397663271244,80.61612148881566,45.01817346994999,50.39890347785119,780.601495462187,430.05986697599985,444.82474405104495,1741.8840754929838,4621.503184162369,127.7676702425236,2129.0020805986346,178.77921258936001,2258.561847970477,120.8857345360288,504.41603223468064,15455.284716347505,142.73260522439168,5391.485799954127,136.04261733819348,176.91560701165517,245.85380953921168,385.2806083867706,384.1499141588165,919.0890746391203,2792.898409700565,2202.836178127208,401.65683665199026,76.64992516313649,890.0372647890582,57.142255206253566,81.90046368381924,432.2330707161072,45.45900897854026,102.54767699542104,103.2779227731285,342.56106891211505,160.5655973391281,90.00420285033802,93.82024138672548,1109.7928561925003,457.3348540772496,1166.8896977267434,262.1770028387745,56.03453627189274,714.9653994555357,161.19255753226588,100.995875439525,348.14887298885526,116.87945336847868,60.71682650526458,98.11479936670437,828.1181791748351,806.6092905649446,891.7025490860854,90.8882748771428,2306.2976515668456,792.4457788259239,279.1490267449934,57.97919965248771,726.3657145547404,161.37190514124788,54.5189323735411,176.77196297888185,113.4395820698618,534.6553023741809,369.41306907695053,652.4327470113103,35.46545067035417,78.71086458817116,3416.745926279743,3048.700087767301,543.6801057037868,384.5660016458376,141.82528433139134,572.3463057190972,102.73559167507419,102.77810252833464,75837.80654612741,2376.532461291573,471.9335070373825,621.3465804037688,176.29020658013715,2140.4613768076174,109.63134076172987,99.6086449139694,65.60435789701708,50.65813143736232,81.57384253880082,129.35531944990163,103.93713991503252,1594.736852592045,133.39429117391867,5615.1826541314185,1467.8993088568038,6515.3636340406065,122.38701881834128,504.6767243837297,240.13908617647357,231.75848208452962,390.870753316371,52.61264614634399,1869.7119770243426,64.52264340299142,4068.942104153361,2160.466437013343,90.66211125333899,232.50764833420357,42.940710545980274,177.36204077814406,148.75675647400288,97.94297592949928,69.60936821652776,4192.262379233303,56.961799983595725,64.33962849846954,53.1460775792553,13400.826947372769,11910.719391249366,2467.693737226744,180.68093796473642,72.84961060082591,52.09579381000329,58.654190460902264,457.2114715881362,313.4208140247466,669.9176772483772,1740.629266994719,None
574.1204851897493,35.37259213334376,126.44743578640164,144.36338500984502,1962.0004978627624,2929.1638064886747,71.31057600273914,3780.8632031040333,141.33622185969918,55.66051679145021,572.9796986833272,50.40740860267003,2511.813450124199,321.9784729695378,96.54319442658594,159.91295613787926,69.29949743141603,108.31696724059128,76.92891852445466,1168.7358718455444,1361.7080028155576,110.5185899678182,117.65565736281245,292.98674211503584,62.842075175454205,45.01892225721622,52.043041996136225,666.1702309456141,417.93101833068084,491.88318007963545,1841.689087882125,5224.147827209333,87.59693280905823,723.0705618313809,90.45345526973236,1715.4750295981225,110.78724575242857,560.0937514127327,5025.708133664178,168.240693640054,7667.048220486329,145.93590070847773,211.23244509468464,240.5316567103176,415.9804356300392,398.5175329507348,869.9023728019383,2690.3539731798114,2072.1987919254725,351.7692302316776,85.6355630729404,911.9385220028591,54.14934387220912,117.39223237044504,510.806131934045,46.57002873301415,85.59852584285399,372.83147942135,653.7775854274265,207.88153542780137,76.1581916591104,71.92970569946263,1089.926203582521,422.77537715213913,638.0155340720816,264.31881610880384,56.90879012265175,1083.9129162678887,113.14715637834665,61.05129279817951,338.6073470677,101.74204681609928,60.365036471064265,87.25659750218256,827.5739495243498,778.8287358037778,1382.4661561437008,93.35360974135857,1898.2218615171425,823.8897847815456,968.5450770016594,65.48820752775822,714.5392136664751,176.6019042542712,53.8837742845495,331.65635249353903,125.19634348904916,437.95094028536715,304.9392870110861,689.347779825244,34.55193500598453,101.68847109150197,6897.10351256085,2883.9593612152507,1652.7672433566458,240.78901855977546,148.811193144342,667.8830351275923,73.60168521054949,400.3154232213071,28306.218839206602,2261.342551013198,465.8203143711998,701.0913798820874,1042.930390961144,1651.4306588999852,85.8723413554174,104.06924044491652,67.54918883012641,66.71200576110454,85.02430423873113,105.77014050088192,94.07787177675682,1664.7076268536262,92.49091845472431,2558.203753254306,1488.579286346383,659.2117184536081,129.70754633527264,222.09289988105712,237.3757919137651,234.41223638534038,385.36210112180913,43.92936083224741,2516.616322217852,54.393778378139025,3830.9541411266223,1998.8063052602888,87.56995975623433,149.91485552402682,43.67284528867505,186.3587663744297,93.29363537469843,92.97333729180336,73.52981156822122,1122.9157751673467,114.27038939541842,48.286121837314006,51.990684744070045,16132.282798863025,3512.120765960492,2533.4835649787506,191.12864366346162,77.79455552376245,64.6838407283886,60.293247276249936,619.9733964464015,98.15431785062356,678.5465882551216,863.7039103710309,None
144.78115818122498,223.1475196105603,126.53120325918769,124.26371651138622,5728.094115862607,2836.525384788713,63.015427127061436,4252.452869121214,137.97824955912463,49.22242746461186,753.3854634768651,2074.8323718282973,3381.4824093562456,362.4386120574277,71.15658867830619,177.46831292567848,75.8555912121062,157.31280765842826,70.70340696007925,1563.0991160871188,1372.7654038603462,115.92401625428171,913.5172881554117,339.42882817846106,50.84433292574049,108.49298934162964,71.52323124468532,315.8869955139043,402.2983505890204,533.2899663282176,1818.8029625141494,4269.3144147072335,168.55374173089885,200.3422203173999,48.016129836734926,1123.895125785388,120.58524436344912,543.0550166515744,7092.049204073968,147.85851040849298,7911.190655957828,147.30016671322747,301.7344452177221,225.3700986596212,462.4138286835916,1210.8937348175202,1835.7379258295032,2602.4140599457,2051.6541269138706,343.24463283581366,62.581372196869964,956.0645931407072,51.02233978436357,85.96507065321678,576.8812118235028,47.896235563022344,81.64279035684433,210.84446288663682,748.4792416853238,233.12043687099515,181.72217454628247,143.98491008898017,1059.8497802100314,442.83237012459097,530.1909917317862,267.5236441541524,60.96554239272229,732.1372210677009,538.2724222687915,59.742969771352946,337.8260473642958,105.50331195181131,60.40069828494082,192.2014339722849,757.7821866125897,738.0754121842008,768.6826045642723,92.66683558843941,1876.0203076116736,826.5549579919739,977.9289036056336,71.11693060277351,1005.2532416953436,209.75048047142232,47.880037474737165,283.10502341314555,87.39456055943329,416.78677935918,198.6842251715667,743.0620118359976,34.895858660612234,103.40396601391014,6504.912671841297,3041.0514588182355,1224.464605918374,104.45946868531038,154.24695349228682,406.5986531940584,55.01347410367377,223.51708945219966,12912.129170125032,2127.2112616449976,686.7992535369633,824.9014522695929,853.7400267089599,1471.2328195610446,77.970299570651,100.6041109141478,70.57609302806608,66.75803419825843,90.8841759568329,130.53148624751594,116.91041004435205,1984.2921596539152,56.19911076930502,824.8719937804656,1500.468473704602,120.58265153313828,194.10549546848,782.8742899784828,274.7471870788582,196.8471078477454,377.8449903177726,47.30910038633661,4545.954791513156,54.05621376698823,3594.204942234481,1873.8256890420585,66.80785439637876,165.2649335354649,42.62762921990487,169.5228042362266,119.65940912680979,99.17408224334551,82.13107174416615,174.7710166280274,232.11601154408177,67.45549430850647,482.62867700684717,16692.355645642416,2870.693622055047,2566.9835523919282,196.9842054729443,104.40081042609334,76.55418564609158,62.81371495684251,418.16506669199237,84.07618648906652,721.9174969754966,199.32476225564116,None
103.13366918544388,828.868262299211,737.1880325453642,118.4801456189222,16683.680505231725,2547.653682838214,75.39308125209018,3959.6339977131374,122.50880857626544,49.863977877613756,738.1973437024375,4204.513631155699,5101.731563042188,325.5076277846035,62.94385074245763,222.62675519340897,91.21386364674902,173.67710432447342,75.25472034746312,3798.19300434479,1564.9252829937873,227.72997718205932,816.5936203206993,375.4790410958381,46.95084199629228,405.77508906334765,696.3947265824768,149.81521675752816,387.51494600555395,539.2615988045395,1680.642039935762,3977.974487242626,120.81685487949366,252.92849294779788,43.67005353028472,1022.6141822187692,109.38604866398927,515.8860676873722,14955.197630424022,124.80547780976202,4985.038001308331,365.86636774007445,398.2651140619156,367.4469947976505,654.1668627318687,1031.0070022582809,2319.8313935927345,2505.601384070286,2149.139411896504,400.797950810432,51.623181122366745,1006.3895168971252,52.489466497483384,57.28993035783471,599.5060016037238,52.73917582749097,79.57787168122614,80.274757397912,341.85362161271166,203.334759326492,131.9424191648906,98.95944142554843,1038.4374573491589,479.35541307962967,502.16172704635886,265.75669799786914,743.3433364016659,904.5547348942264,1592.382509751306,62.888091608458325,336.9449486718372,100.42066677533577,60.183740139484975,153.64309960515948,723.1142917509449,702.9157154396313,190.8489083528664,89.745324135309,2505.5443900098653,840.7464909933655,247.37402687843647,57.771353735550385,2205.0645469673927,2035.2110495728466,46.365191211973574,170.02817942425165,73.47824411023203,449.42656479630426,159.03413924354294,795.5376282882283,38.181672376673546,98.77019767015548,3867.227815986762,2665.2825794217747,292.7024769204102,89.27990384344497,162.21387059824016,286.30747632752605,51.23019818026478,88.38029966890949,13484.330509639678,1998.4616057681806,602.5532399764635,950.1707427799057,263.2418787397142,551.4406484044366,81.41597317008295,104.48207246908063,71.62143381573526,53.55242897631061,91.20488274428864,82.73103479716603,89.53292621625452,2725.464144426525,53.024120875377506,804.5641580641229,2806.106864840833,88.84726951507788,850.8542882656633,1082.485150103973,271.5985529588881,182.97417330204053,370.83251141698634,251.67913459748988,2824.3559095124724,60.91333593854858,3359.308147797881,1772.4784871520126,68.14891473518121,256.8164780843915,437.0359182663863,1461.4736038882922,110.55054088317291,130.37481386977294,87.56243967420109,110.88338479432927,285.8487424180086,56.78544052944978,1140.5049575996507,8645.956031789983,1649.281020757831,3902.8611224641295,158.61600181410498,120.45811635541162,74.86462595826424,62.465384709241526,306.75620328032534,108.28401135337285,780.187262411037,181.03033473162515,None
107.34980625772378,382.5272829480134,926.9934260290953,117.40934258928655,10165.617189745666,2422.6838873559605,600.3014632164227,3571.607012377862,128.5687400395908,66.01413672615992,641.1151319225595,2307.5752540351527,4359.482581848229,306.823494432444,127.68714972168213,265.5260963616779,112.00902593439615,241.90805777286167,76.26715185374336,3081.7534675295924,2214.7787436304925,186.75906941821896,277.482863237626,372.996668993989,44.74317416703517,297.8756241296223,1164.335085429866,162.9356110258839,374.6350962021106,766.4246468310896,1646.0707687037525,3897.0224744115712,81.29566710126666,308.8780793724168,44.416354556778536,1037.2784506468613,100.08808363674204,472.53535421621115,22432.499207198198,145.4209549516703,4824.029964795017,249.3239388394577,457.03320101161523,1224.7845193035664,905.1356464624794,862.7663528816441,898.9270639170226,3265.7389159084314,2144.4302991010454,438.5809524466311,56.544042565927754,1001.9246231598472,52.112224874215784,54.13086815918474,663.0456915489644,52.87690484822051,81.74949658146252,56.26973406715764,216.68929051181468,160.68196224931563,1004.2128188746301,143.0233286132229,1000.1642485147548,474.0084893461685,623.3585245197556,262.0686649113456,792.0483674671553,745.6592449987513,1231.5669785088971,63.36180518109812,348.8388259241248,106.17344273132505,60.903781203377676,94.05831560838492,708.7378434521369,694.1255490824177,102.31906121264879,86.58065215425766,2198.483874083753,866.673642562841,69.32685090309474,52.12092600760331,2371.8753748480813,15883.551314792241,46.28341578004464,187.94762764236918,72.36862670787907,561.4090937748526,215.11268990550812,807.265715925848,57.405772327333096,115.67114724800007,3161.8436435230406,2455.0162094411717,73.16608507659312,94.37361018348088,158.3051507227619,660.1375598585013,115.84761163334886,111.1375860429698,7993.668499458112,1901.8691370763158,493.73124581805,1030.9400574652727,136.49061980991993,161.62905564320343,116.95694767922821,117.69185484703993,75.21714174429599,50.00323074587632,99.47386629540743,82.84523154665294,103.3944870039504,3164.388437782933,54.266710615802964,946.6963507879243,2255.309224830753,81.6133767285209,2126.366175473276,420.0188869149911,245.83755380007275,103.96139049322092,379.59882509204584,141.72600200225338,1087.8281889975947,127.99658680174538,3158.4921260638844,1669.644691641702,64.84747913626626,356.6751583281668,408.2770337213263,1626.538599476548,100.42713489575056,182.9997366038173,103.35734260019855,128.53610183907975,264.3718007544838,50.2722048675935,1034.3354335149772,4885.5546179427065,447.57766858010535,6879.2405575924095,170.4188159897542,134.71553867168166,67.00640024512627,111.43956711261336,300.23353504404787,120.20411766824938,821.3655117514971,162.7070698135821,None
124.82991651167656,78.65696518458459,2612.4461101289003,137.30589805892865,4681.892405284473,2332.347917073015,3268.547308778074,3574.531743701669,138.63078368540715,60.21461483358655,603.9702066261611,964.3004513612112,3472.8833994222573,329.119306512651,84.36077365335821,270.77512617691775,121.67302866838999,341.96851546793096,88.40251618507462,1398.2529735684836,1954.1575969074906,184.667047807483,90.31034193671728,352.6425414611835,43.013779878095434,100.71127244098149,440.33906524458223,168.89484854196346,364.9253576303139,1650.9030102750808,1610.381304674772,3746.1630898872163,113.31807908744085,347.73635905501436,46.40758950681512,1066.2523066565443,93.5786205600738,445.1459092877249,23606.094553239258,128.7965531111279,4310.953675403179,730.1698312915859,504.0989585171392,1949.5736384306165,638.1178693475822,1414.2234332677924,172.1059611330201,5552.850075400081,2155.059535003932,444.79097909324884,82.2123818965185,1015.8419245463117,51.31992440576185,50.04472996200504,740.8723330173495,52.66912523759284,87.47503421246581,57.86645402150158,264.50195677799326,140.1076545954993,926.3416180664816,82.13234796770736,1329.8104744696864,494.57321293952265,547.4714191197901,260.58430561271683,502.90407267915305,614.8945594228222,413.9735952785488,61.19103599441622,336.49911012089353,162.13272750574018,75.30481938817125,241.32574622928416,692.8933029837312,723.7122808568355,110.7091220184318,94.13677038421274,1940.310056549473,869.0025375866687,78.52077169981628,54.17986943313149,1527.8803163313805,8372.073688572373,48.31646977859286,111.01085502441832,94.05228708412442,702.9334934428286,216.90422938769038,729.7625312174209,70.02173666193059,118.72232056290902,3119.494574759757,2539.0573997845945,124.7148530403756,97.58904097405228,158.63516654737163,507.76348554284937,150.4373514015789,89.1514374308268,5867.627245798709,1834.312841779198,475.13339519798177,1086.2701091580964,167.76581674660645,188.00513942577822,165.15339983879474,129.46956098075628,76.84714915884955,64.78354130835169,117.20474134073686,80.11714757050333,78.10235148451972,2403.5777695300753,55.646442655239284,844.355017792038,1711.4303540995907,91.8597114399583,2739.9698106420083,116.14264384720995,225.6465895262574,93.26054046168206,426.8372838008177,46.47184720853068,2281.7699767511444,96.99549187081409,3080.0242636132957,1577.5504886496024,53.75762657669655,444.46368203948504,145.3130279445307,477.66610857380175,114.28791492720528,205.4820778481925,125.23476188490436,227.25491443592102,191.97161031184453,70.3896889561206,410.7231178102826,4547.777889260216,237.9968973504983,6152.7996735328625,467.8550972747181,447.711694733921,83.21955189264071,333.84516632979813,819.8865164654474,519.6543001104932,865.2089231386865,145.5979882153753,None
192.81111436637488,79.40329488448464,2427.6613781800083,138.93359452081052,4064.3278767547504,2256.4739147650853,6952.2923738545105,3287.4135110085567,102.2634549582713,118.05609379272717,599.9994058858367,1902.6378696830727,3333.5630021320057,341.9714057179428,73.75414825275557,341.4855354991563,115.41809650366275,332.71585408989534,98.11255179773838,1154.6271163202518,1920.022733007216,271.31207066569,82.94686024662704,348.1428699359744,49.28295430460103,74.57410766912723,106.7270086120494,164.1662907062888,356.4769177550251,4575.642561972167,1656.1063682987551,3570.972106843208,98.49956881548704,430.1215451063257,47.21305797136447,1191.3122815626145,96.27039922005328,459.16090069419306,16277.020265538642,617.4753685604854,4112.153565549438,362.76750786756133,449.8907143596388,1372.5741063071264,566.9178887797419,2657.74100452778,150.30765743951574,5027.071561786656,2166.9488871828485,487.0094538315168,94.3854794352482,1017.5857885014841,1040.610024827743,55.66866719085212,755.8691060374017,55.31440122874751,93.87322932210657,57.15155262784121,303.92707262225946,110.48015933903372,262.7328543141221,565.1318001813107,1562.3767235369369,494.60897567468203,524.5741374108771,259.8544304031961,241.63750534654946,1752.998094934261,190.7976384406601,146.5764827441839,307.44673232545387,224.60096942486754,74.32234028318814,776.9703248200169,678.2252384642143,752.8507706813525,125.773410577607,92.0381165357049,1950.8947858736763,814.0003591257297,233.43625064841203,58.6639085428197,1312.0606478135635,2004.8208751720172,51.07980604504678,109.6425431571892,105.4327986911894,1180.5867649393574,141.5491359920401,662.7165871328726,77.46588556836831,115.65137499929094,3039.7081854687567,2877.9127248025147,110.1053040221788,100.18759122253842,162.46991624214164,443.99803690919816,78.95452812287023,89.2330075071241,5795.289024551207,1807.6714047150085,493.810299905648,826.8380852009285,424.5509755307472,315.6483978021172,145.06357905307596,116.6391330269302,72.34411101942584,69.40291409308874,124.8831310137388,162.68974448979188,68.7877921868006,2166.9045141549154,55.862898351872865,802.1108120184363,1707.281933690796,91.225537543981,1078.1695647127378,93.72227650868756,195.4525580593481,190.2544106147133,462.3363436990584,64.69004452564384,3140.59733416184,83.43169875307116,3120.3415119496635,1501.9299999051307,46.96835628335376,576.8267119071123,70.77410051554895,378.5148371105424,159.6050859439186,231.5831845901667,127.07539929172763,346.54335116400983,132.6181767470814,159.22015739551287,358.4307355191612,4499.417293967103,1069.8879353912785,4747.4397995782065,252.13753000155984,1536.1469520874955,763.2038356168857,598.5038328829149,1327.9121225462038,302.92266281678883,1079.6284697229933,79.89808791814697,None
205.5356563233889,224.84044206947559,908.4234896875688,173.5619610113541,4737.940828579048,2197.9522712905245,10223.058038096142,3144.369990304221,99.99370624835576,303.77764875948213,627.1698014371358,1000.4116150664696,3256.6091951481562,340.7297572600856,74.83933417369262,362.18964936019114,233.27869859910686,278.25386419701226,81.2629418676041,1302.9526531612933,3498.586633120897,145.27414922733576,94.39092197575377,404.9854011754977,52.33108471175911,84.82969922308536,78.64635441161226,137.02941158612825,347.4766694982665,5838.357976469588,1709.4990156487534,3360.5541509423533,95.49067914445935,738.6196066479273,48.97673990931658,1105.8593042877847,422.6166049441209,488.60014100061363,6918.3873345155125,3007.3904297443705,4068.381305789361,156.83210720424606,346.2789498323346,2027.1564988586315,1277.2964423596209,1654.1699931191708,93.15039128434844,5237.06627309437,2064.8661382944847,521.0775287670788,71.5552960427264,1039.9766778573432,1933.8961948270535,62.738590112954704,762.7586290653177,56.16121598859596,112.63951808595614,54.994886298584355,310.57483738410286,75.50496242120067,80.9580583501387,1770.942158377671,1107.9174636839043,468.84029274146627,529.780323368538,255.7581297518669,841.7080319518706,11146.073688141247,191.63116807877682,139.14511401528316,293.4603443820476,405.5198484511103,65.95650610443732,1850.063509294408,666.6341633734588,746.6481382905282,141.57601350721902,117.51540738224398,2076.36669611891,773.6683286428334,428.0841219310365,396.6072586104933,1494.0157455130316,1497.993796058798,46.69183546577376,166.63746745360348,102.02497962598036,1041.683063112561,89.0757265208662,631.7999767102035,79.90157160426305,120.93160413071207,2905.7134002750045,7285.64015386883,78.6461263774308,102.93647602668301,146.4641079078694,512.6763566441514,51.7250939225861,167.25344509909215,5930.615367566714,1718.9717506107568,541.9275684043388,691.0592902082851,571.3365831725771,364.8370762889419,101.84382434863052,137.30241576039623,69.72363249466285,64.19905010791786,679.2487473442504,103.51304147619223,123.06455061225714,2170.175560561156,55.40056824738574,796.1093136054835,1673.8519476220454,75.78199548329455,540.8018894057437,112.78755185578794,195.58857899406928,2207.2103080349607,440.19657127300593,58.24108193619711,1637.4585058614218,1395.4995672764076,3207.9583574311937,1423.9344043247738,60.62563065711195,651.8460282578809,49.74401802458181,1711.665873115447,185.3113124816505,279.91979936091394,125.56143848812357,375.9371240976946,111.66315841432363,302.09224539565145,169.8388720872218,4445.755958539255,1010.1021424610426,4672.238203862688,100.31133338415847,605.9584568847213,689.3038299887822,353.2488644820018,758.9713521207884,140.9582694282585,1368.3073188781254,68.04720715981873,None
165.04234938051158,317.1111975725895,338.50298918498083,737.9523408241153,4875.239672008697,2100.6051725847587,4675.856267866685,3055.862295790877,96.3462891133105,1291.9753694167948,656.7093007448069,188.26426494778144,3235.720897186356,1075.4335104059314,74.50544849229611,469.55049825960776,166.8843761457689,250.6722704002661,71.51393399568771,1328.786693013013,3805.7817797133466,131.6009540620552,194.92754643641175,697.8807970303208,56.527798004795656,72.96514264687353,70.06257828067854,132.03300292496922,337.71983427551424,4818.753232117317,1774.8297821229212,3134.700155701269,94.08515417377848,1808.751064436437,45.214203626847016,1041.2026363927505,238.88620490279092,532.9371772537792,4700.484821226758,5627.561878545241,4297.112326036041,163.30031989998017,320.78811167576,3981.848454276777,1250.625087324312,1198.2552235582066,67.01113678070965,4965.889276798806,1984.4813600047275,636.1546442584053,63.76567805046947,1054.4369664970332,2532.8544344000275,84.97119202129007,791.9377587445429,66.95659844422963,107.9937880040024,55.837352990954145,861.0657881340397,68.45770371609743,80.29093437400223,720.6967703170587,993.9122847343336,440.2238589007085,519.38891868347,257.65854283144796,3080.253651836261,16882.40865921959,207.2671254629467,74.37990855670355,397.3876714524299,741.9534428737338,226.67326923386605,1936.9101547128355,657.9772709845828,751.5322755021684,224.07410227252342,108.19529125029044,1854.835777203352,760.6208316455666,377.8048007344184,2128.258645640968,2152.415482495102,1425.733672218807,44.5175501111831,270.93624208565024,104.2947936732436,612.0297539041575,80.44019857182086,655.5598176176459,61.63578907731603,113.86635015908541,2892.153173638706,13505.346137762976,94.57514613290732,104.22424694948731,157.59401536670597,577.7240736370645,52.532115755684785,234.6769081719596,5710.179021164298,1613.0961926662576,543.7316736784503,645.8034832999557,341.3436825483411,374.03570559812033,112.68367109405052,107.82275305317378,68.50059277017853,67.50389695008364,1899.4170740402408,71.32669882815354,88.88258157655748,2119.645276037138,369.2914010661864,785.933178781458,1620.4261795022026,67.44777627265599,672.7388647499229,263.44292843381845,174.54170834692852,3614.7846774096474,390.0198672645403,40.44949221281009,537.0318226077025,3913.686978928573,3304.3252460814083,1325.0469211894015,59.75139095439702,649.9401037898522,76.8588587994286,664.3719248432574,186.40724362419303,304.5606663031966,232.96447388155946,288.7344809146496,133.19612864642534,390.66618749935503,127.91834813069964,4376.5770449929305,547.3747647631786,6746.375701059538,114.17583417571358,114.28061540485928,737.5301318945026,142.39883243078336,532.6767575897148,1917.235841776294,2577.055608460112,84.2903726156045,None
162.31003703266228,376.9170547321818,312.2679697064271,2213.7811364307186,3950.000496726043,2043.481085318316,1263.5027693355455,2978.840147079308,98.1446941782703,2427.965638349123,680.1472104579341,88.18458107451269,2966.476066847488,693.6821800724318,853.9114934558095,620.8764221008896,95.77955407188796,210.61401361717412,77.12221280334518,1310.9925105021352,2750.692272564076,849.5931432676501,274.849881486402,1229.6310274602533,47.918504251952584,60.08194248475184,63.311534243050225,143.4682108397805,415.2032721173845,3052.15844891507,1918.911872620211,2909.9726306351745,81.7652818194735,1576.1474659716255,42.759665406574605,1102.074547384377,135.36456939216734,507.7823945062498,4653.850165122193,1809.1107426350384,4834.023169850804,180.0035362467723,335.2437211746447,2349.446683398082,804.0034825045054,1244.3977358916127,70.61908778903661,4264.331309469617,2031.2628382003265,732.0205466481917,66.68436698070619,1032.8767678754236,787.5351255492957,114.47627277056164,852.3848825110863,119.99807776057399,92.98626625389906,57.15014129890014,2573.2926723502364,69.06404257825206,405.8299362049425,149.35305646116777,1021.1693955137131,428.7716469620154,546.3372166320536,636.2692687227193,1852.0446791145398,5761.604438607069,217.02899748955318,95.03968905501357,693.8272198659092,473.081697869525,1108.0317193631017,656.5179578146033,647.2274750189538,815.1086235969949,228.68241534881253,97.11641113973276,1764.2604976013306,756.0337964105597,252.8654369625182,1260.5283291597405,2160.148188226316,1387.833255125776,46.88142442421925,152.57830139456047,100.18000056577593,878.8422659522867,91.00630413711151,642.3593160386564,352.59763380771597,93.53536983026932,3005.62664991332,8634.566341041525,148.43827702393978,106.20497053466968,760.702838820748,586.3830628561143,62.54275422831254,218.4927531429863,5503.925396701111,1510.2114642104584,504.1607393294692,1607.362549306893,195.70748535129363,318.15413940767917,118.04024199538384,86.38032801699127,66.72539753350334,74.58510940770934,1038.2539005879412,79.54353072458024,67.57382358492967,2032.6002545069632,5303.455527671046,770.7118519638625,1555.7967309547062,69.52288156540628,556.0659415328665,312.04423255631457,446.87862026416434,2268.633397698985,369.825698311093,59.737846677890616,352.86907060260046,2832.805186460279,3396.5505920142205,1241.821847368385,47.8160765775831,607.7732741624758,72.84933531323223,248.17801318892924,196.57044288199927,356.03577698834846,705.2992036329703,294.85741557305545,183.1274467096421,311.7269968538301,167.41551640189655,4232.261717891195,447.4148556137085,9862.171626173267,155.38716621219126,126.76560719757441,435.87564231382964,1051.3234735790795,561.0376983758332,6402.626788966615,5395.765078595038,126.16735851552716,None
151.38015873391345,5220.50711638836,340.643296127117,1026.457801269584,4470.070915580333,1982.6871176957345,673.3838921863179,2937.3724062987453,98.2649163332118,2115.5601811094016,739.9840474806563,532.3179131864943,2747.468929410191,400.95349361267694,363.0777787143232,779.8749358468683,56.80394620636985,206.4501483233643,107.7550260246538,1342.6996078474344,2450.3889987443577,353.3062543900883,190.8063191797009,1460.0105970640554,46.85813710423098,57.36770101667819,56.22707438814167,152.8557086880593,417.22429052168025,2738.638460514884,2036.1736519907583,2771.3846904407646,75.24451115324554,1107.319871415006,44.08231244991203,1167.4309394119525,853.9379324637546,434.83261551471327,4764.759857739389,269.03599428652564,4679.03761275731,232.71188288183416,346.7306301948148,1695.2214892924512,707.3474540141417,1273.9218700689455,80.22739619693705,4080.079044467087,2024.5250380470166,794.6326496536203,86.98743561819019,1019.88208414475,157.7796419960371,89.17251084803881,841.3712227663431,87.29864702686025,395.7726428143195,58.75406283071762,1483.2326718936151,69.81216329783953,935.433049990314,96.03594194050069,1046.247829225073,452.86006634530816,547.5373494259743,711.3904082323149,763.2767102493711,2172.693318999576,228.0603193257089,1084.281191735508,668.8385246528862,165.26404655534438,2514.5972869845136,190.72805498920064,653.1809051364503,861.0625308594895,254.20812524976998,86.14052553712483,1706.1781214652478,774.2391420052354,942.7658414649336,280.46598108012716,2675.25075189272,1434.7755685001134,50.19176233794672,66.85792208829031,91.28154778246352,2254.689016369294,109.32794531221336,784.7018049295298,269.5708628776519,97.88146209494178,2852.585081914916,4974.460306020337,250.05916044944698,122.35605554891787,1103.1070338282789,508.36289006480376,78.80946686557266,191.747836537526,5266.119418462499,1440.9258330591956,548.5316077563937,2598.185299978095,232.96817226836646,393.27242050397837,100.01822731162727,89.54663120962181,68.22195940279357,80.19244570501778,282.04136796093013,94.43466705900455,67.55684289582844,2127.1660027982343,32483.973579800462,761.2213378140473,1651.1907147078864,82.65626841926175,1239.4779961127801,336.62262197564235,2012.999211451892,595.7552792649308,375.2937523742401,52.98048007024344,346.5806380327473,607.8935474129223,3428.617853573037,1262.7469157526982,50.25160563849172,3333.6337738897028,67.6255434800642,348.8634323337649,215.13306543865602,268.41833854456763,1775.4406262323273,612.0135513915278,417.9549787757402,141.44123889952175,2174.8818772954733,4018.8086497311133,514.8796803914237,8434.994386247656,167.26378175062518,151.33129814060783,904.9575788539979,1141.0185201397016,606.7493096614912,5200.716792042089,5452.259227506802,349.20466476913737,None
110.63812922763641,4300.706292861441,385.32439052117513,270.4066539260392,7575.552356922523,1936.27561764316,636.4102696067741,2803.9694491667797,84.9968475168736,690.5648755104293,795.3323441482738,2036.5158558632531,2797.784156779125,387.7063790589602,78.19502418719112,919.2659413250208,52.14157167082034,193.20190771058319,541.1309205107983,1368.0958719410944,2716.066667748991,110.00871246940271,129.78823013210362,2301.651069696339,51.81116787617773,61.396152894578584,53.729569511263364,179.78762728472938,409.8129700649746,3791.2999832121636,2032.6043671092373,2706.4867445689997,70.90212544021406,1149.8527695699374,49.99872719054635,1229.7494777476484,1667.5838163088958,387.44085290217805,4704.862760726828,279.21855557552846,7706.7284886324705,347.56053036134597,346.98564076721954,1698.0336172721654,730.9331299572438,1614.4403270171658,151.65960782912026,3976.945334719048,2011.8661478638671,872.4534638390884,161.1374691939292,1087.9749558825476,120.71237323916165,416.32215711079414,1163.2504759916828,251.4942398334996,477.2553297595464,57.250386960836465,722.7124696700902,458.9062305272605,612.0384058016379,148.76366587807658,1028.1022907394597,476.0949809575359,781.3199682886985,1268.4970173995914,1358.4520449430831,3029.06296757717,220.24311810072558,2182.844353917652,422.8338729182476,127.17948670642932,1569.6769292590213,222.84666141630845,708.2271275821304,867.1629578096457,249.17226618900932,63.2278891446253,1637.5581646578012,854.95130352615,503.302565750528,128.17038029434644,3912.732887063301,1494.616413588066,57.4319180971233,382.8614524814304,83.61427840598925,1697.636931116657,127.9490459496128,913.0184964374533,105.99122944571144,152.1151011167404,3691.9939460018327,4630.594925497618,270.11182607627086,167.38143176089633,846.3024288576582,443.2749509183258,78.143737422541,519.5438666471849,4929.001673542148,1392.6966435784036,647.1630661911421,2384.99148784629,314.21641864679765,457.0902322448447,90.15702440386795,104.212858000042,67.83272147378514,73.81611316209536,99.68945669819229,115.79348065844091,83.75955215323592,1954.442894959396,16504.165748593303,739.2163337077578,3004.987069124959,101.80176894579165,4003.842357782526,422.58109381337084,2669.573083018197,132.62637496431722,391.07643392954435,58.45150931444044,312.08609040319317,124.75603000680695,3354.387256763791,1212.8233705153575,54.26843414455337,7955.098522903687,82.64177944975297,472.1942387269647,227.7124628917073,222.25066753378445,3225.1108056860744,2186.2978088830787,1398.7683269022366,892.3211586642237,4997.888776777324,3862.932745825426,616.6876485148107,8665.734287436124,139.5211430657808,259.4302428031009,1025.402217083078,340.5910702746781,677.910623496476,11657.026657325901,3641.944204912094,593.9874655715201,None
100.29997376686394,695.7807390292904,396.33049882689437,260.7419472738323,5469.989912674034,2095.623319004369,650.1391154269165,2595.657076315733,145.29555649971658,156.31740482268978,793.9198077014471,2630.257022639076,2549.3314896650145,389.2743678781373,69.51849135511361,1054.7897552181605,50.25382423154328,167.29265000620669,624.0716033487756,1490.531632187665,2534.0559758089607,115.21687795312651,116.65746504768259,1330.9110755374518,46.94806222794613,113.68446064693171,297.7591833560444,202.84565000868957,454.2925678723764,4607.943311281188,1929.807425505366,2758.5705342018,67.19932503342443,1458.7439379780958,78.74969634586706,1239.3062517133646,672.7019482334048,377.4269211890489,4604.721805143694,317.8436875426503,5268.132118455842,433.2538873357456,344.420784986222,1648.2649079884193,842.837276581868,2789.290395462753,896.355479542278,3818.896721226753,1969.427653989001,918.0374166734586,187.2228722999804,1213.6860436601426,181.3059270246321,194.27894902750882,938.5875948997686,1249.7509143199773,391.62382271981807,54.749378794191344,783.9994043953533,1788.0155251861654,185.61778675691625,258.5039812636388,1002.612717883472,468.0872081017287,1970.282304205017,8423.97241313815,980.2892709584577,2911.6789057655433,223.13047374022443,2836.9255652490297,455.44186556877133,156.83301549858064,419.818716257551,658.0147681552672,661.2091551429537,886.8793078945018,187.19748741195357,55.397704025164344,1573.9297876130179,889.725870993907,181.51637813123875,100.28923078798536,3378.455837146956,1587.6354244150837,51.81022061290932,203.5110029272289,75.25458386357407,1101.5694514812365,126.1982530844639,860.8409386783093,112.34576671161577,203.80380893547039,4918.704090368192,4541.1159720418345,253.31540315545615,220.9711785099799,1314.3127896624505,414.1715440819431,62.107899865704745,2789.16951700672,4590.332364218199,1669.2505413685067,700.0305538263542,1544.6543875851144,183.008261743214,441.8887098541394,832.172500873571,92.1606699528574,67.34705862297388,62.59045420756043,81.88941698903582,152.15069748383502,341.05497101410344,1777.7133568692138,1831.538008757105,706.6352563934577,11411.928580622456,139.00705289862222,2900.5048025958727,456.57134013027525,4855.970300368723,83.9503527409802,399.5718054111386,63.1142185575132,253.85596170687054,161.50935328865367,3347.3967296179576,1230.8017216385656,51.119804750236604,3967.858496089903,116.1276610230395,519.4542632130577,208.878610001116,191.8172542404645,3181.5023511480645,2321.9504292856313,2685.5717612593435,818.582936364827,3453.481432336329,3698.353642245191,686.7973848971368,10043.061126642826,367.4742697271993,201.30139981994887,494.17715578203405,811.2585085512047,700.9831452090013,13128.076728552163,2915.8539579626568,670.2811294954831,None
117.80779270282079,125.40472932975449,378.9114829154649,282.73237972357066,4002.553193971504,3083.27309580518,688.694443314016,2411.003915574733,394.7783246134517,1693.2080341735057,813.7065539056982,1477.5615415494724,2344.047743542041,421.89348233297926,85.4976733548576,950.054763236384,51.359801969931915,158.12512765062309,2495.475806996999,1360.6074999493558,2344.7274282663698,133.61904811816495,111.32343426721128,1132.185454599843,46.44189129575191,124.9982979242446,1551.212038834363,1645.4629440997992,588.9959924884746,6582.560781463633,1946.241182808757,2803.4083857081737,73.82870200244506,1283.5589404214245,208.5939547389314,1226.1061469192196,244.52482058028409,371.0836224743245,4387.061231454307,383.7339315240609,4164.0163083161,338.43458096479907,380.92714332342734,1567.2501201502896,859.0256156402852,5027.765811878192,2882.4567473449224,3566.0682328725647,1888.5463058697585,971.8929356454416,161.92643413396394,1285.8511809959473,270.59094199809584,107.6877993833424,751.8700857664842,1652.6635404800616,182.6915290003446,52.16861103657532,1259.6137908151152,6195.495511260006,98.779829457188,480.6410647745095,1009.1866620907583,486.1034250925245,4764.60262502058,8992.122484471607,701.1049547838568,2449.4453061076088,247.61224870737286,6157.5106211979355,499.91791872804885,202.44518376601582,1087.7566515666838,2541.5175791575493,618.8374609220715,893.8693687593122,103.66271704804085,51.38592736348383,1514.9357177923557,836.6090585354901,169.35144922415012,81.98276686338066,3236.659634311957,1624.7229223686356,45.91053192509889,183.36184213603508,86.75559522860813,1077.1619633028492,115.1372477297549,764.5965661724222,140.6106264225028,268.483426041421,3748.4366471074627,4546.038469022002,261.30029183266066,179.0550584286144,5065.612095621404,457.1023908235112,50.45690924284904,4167.512463020493,4323.003701725152,1402.5576000585957,726.8098832138382,2858.3092910326727,129.1655621709032,422.77449573147913,616.5435747603307,62.37176204934548,69.56603971054386,54.90992674528821,195.04154197236596,224.3087059926244,214.70954656599457,1687.8967481748361,682.9520079029172,680.2716510324609,15498.349513319963,241.32215327096318,816.9040837611577,399.1034654976588,2679.40627776492,124.70795065787544,415.5582008749285,45.251556640578535,211.9395917974994,257.4518002128658,3380.288033051032,2324.7800074028532,46.09351705739872,2083.493456705358,135.47926637412843,444.7264226084069,551.3980066368812,184.984880843242,2054.962048651667,1684.0386364086014,2991.449114533194,243.3918821339652,1120.2619779726667,3611.160003202068,685.4211223278933,6473.2596595287805,245.6006959694446,129.08312959372915,160.73549813849596,4129.7601885308695,711.459061218425,4163.050905420838,2827.0746259672746,580.605698122171,None
115.47517451461651,142.37878163832656,690.5359263326759,302.43363492108926,4380.327774035305,5807.057068333597,645.720554918273,2287.082320874007,1572.5561716215445,3449.9873538192073,807.8129284917765,369.7307837008432,2483.6299459142238,467.5681377981892,67.63702637104244,798.5628271556053,71.91213972649233,142.35612788609632,2706.504751020434,1254.230027755249,2225.2369243271028,126.52576308758137,100.99291935345684,1855.777370804223,48.576071937630225,60.161556573088426,4022.0873927970783,1707.1596257043984,417.29739823863747,17350.750707011637,2675.333250619936,2796.6624093250903,90.97920548657032,1132.8964014734315,462.30802230059714,1150.7368890897187,451.70102718987664,358.6180921562692,4099.6247160367875,442.6795401319426,4155.113966098048,291.1174800808448,444.9353225295334,1482.1037548060235,929.6820494412503,10473.431054254945,2466.903518231087,3308.210735479758,1773.2000517601984,1001.5488726463716,130.2864915043327,1249.75641513331,293.57170958670747,304.58536736812226,941.8543723216376,1034.6090608433008,112.619833609705,51.38861061619465,1169.0136077715088,5908.858056618718,110.97243618979714,282.19122504482897,993.9960804617352,536.7280870536356,3408.570870440319,3791.180485680275,792.494003699055,2686.5503955040745,272.6986800319903,16295.510264783037,472.07386512829896,274.1585682165498,1316.2351529471107,2729.715330544625,600.9201433580503,896.9069155053506,63.15866307208477,49.469606304053755,1457.837748771813,773.4296456686062,240.2451392792781,65.39801554590305,4099.425436103834,2569.509784647822,46.59052488644927,215.4892256861524,64.66899190554628,1065.3540990102647,82.07177684496496,679.4971227143037,143.89478446092303,281.71566186908336,3951.769106583234,5223.795571880077,254.67280434427218,511.66107348639764,18557.782114855883,548.6132669337168,44.49342717568774,1464.2507930749082,4105.075384330634,1235.145782802292,876.4570617082704,10484.018488755755,483.0664173361728,439.8719506441712,188.35570582968026,61.65141947644928,69.73027664284035,66.6421919024806,153.38624563219489,340.55460392307486,69.02448838206324,1611.677122047979,775.2807540589511,657.5813735532229,7904.1589894096805,317.0905802112983,552.1067666892742,280.27869926094667,816.0792564327247,163.78368167064494,438.8772886801797,37.14318911608848,243.80579070140985,348.3265772720445,3257.8723219045473,7889.787943383338,44.32825815908685,11910.867202733274,106.76582963103144,441.47174888200925,338.0254528381907,231.55416157430642,3984.045864745187,904.4172088766956,1153.8922474647545,80.272303500674,412.15944243508386,4623.7462302859285,695.4215049017005,4769.478426109281,110.22925871313488,612.196256692302,86.85686456045823,5875.139931527468,719.4618746416929,449.7680307773354,2734.9668239904213,439.39944890839274,None
139.1782379226753,310.8725289516778,938.8643326459337,316.33211610088136,6210.530892281368,8210.744332139486,618.5769716277516,2112.92284923508,1927.6343113489565,2825.249815468146,794.7272957900769,138.2778132688203,2783.6416112050506,510.4678585897362,59.57273450129589,776.1979816263063,95.11764969203465,117.77009365618956,1017.7395570778152,1217.0817575769686,2115.7781328183983,92.62382197649309,103.5693930198812,1588.7390676800164,51.42038668495582,45.877009906510885,15392.388519643371,629.4519164512944,335.34594139861827,22511.36808628419,3269.933196322311,2823.221105917116,72.62107419474937,1081.3232668076537,253.01257282088451,1139.595879946022,330.65634439452543,349.17721208602234,3797.446461991853,644.952728913625,5218.245694556073,321.4095300369209,542.6136410877299,1401.4788600997506,1632.220097352971,9797.45356601948,2996.636903806945,3073.0112505458565,1685.0695841550305,1043.2044443249831,1742.7319210018445,1275.9670522216236,1187.2686915862955,500.9699061389565,1157.5844034498325,296.7220211473342,118.4647649807307,74.78974674401991,918.528168334666,1675.9414887470944,156.48146890520812,138.6548941388816,968.0054847523456,596.877875780028,2456.2676527953713,1973.1567328882688,456.83581636050206,2545.636101249754,296.68449565835175,9078.956792380717,417.30221321363,378.0344442497372,826.6791492743048,2879.2841503812897,601.5643838558289,874.3076768165015,75.31981391855533,57.455940092693226,1393.8951081766668,737.662793136757,223.5828919812793,64.93340549629704,4054.614886150086,3923.6956968526347,54.449158691492464,173.66322935395405,60.127826000594595,1047.2216123084977,58.197361238447655,669.408097691076,98.38853470807352,254.0300053220568,5979.138891957261,6211.349240234151,243.77227728676797,323.67730421671484,19283.78208309328,623.9408921322729,148.2351312543343,174.219374404393,3861.760821110559,1189.1034216257353,726.5286211168865,12354.945503602055,1202.968614052841,397.0453339126092,171.6712108292151,274.560035894929,65.72802448866621,59.26378528818552,91.29910263282835,388.2777138687026,61.610057228812494,1532.5391807748294,455.5238057832338,637.5677209243624,4534.8900699975875,320.4775177117441,615.979366585036,209.37952930767509,1181.1173296236373,218.0889460845351,477.4078495812355,35.893956497522026,657.7979911082678,283.91821381352844,2948.4578383252724,8219.454353361542,43.286776161923505,13605.917264492351,79.0686594205408,1058.1374031349462,149.3783689966429,316.5639706448886,8428.062036846424,543.7176580824673,443.09955336332087,82.61008194251934,552.7539071994361,6748.164312689725,654.7715668443209,4652.3731071163265,102.20778169553093,352.67187292624703,96.42207462913507,10733.491958877321,698.2316139386867,392.3989802747634,2639.7196597437296,354.0789597594506,None
177.72187398825898,348.5693613183708,1593.5606428412548,323.5768971512585,12976.304976002693,9743.625691738282,755.5440108916645,1987.5344092989426,760.9311583880211,3020.2551223180158,826.8584591359474,340.79680130729577,2483.0134302320744,548.728220740571,58.803463654720275,849.1998412217488,104.12063565028782,108.46644616915337,265.27053460216223,1171.8690704126336,2005.1765204101646,67.05787564709253,112.18592876876781,1422.108167796384,57.63525318992077,50.89124936797866,11140.17445568807,393.93835958787054,339.3137641884617,11074.474450673013,2758.785875269033,2815.443608663717,63.179509964751006,1080.944668636763,95.2617197503623,1186.7154790955406,286.5047001698264,340.75756129138216,3510.8627047747027,837.1393670015669,4958.891449590534,341.41648061891016,868.8988462752936,1331.0514211097486,2285.7916914083594,5100.487312336858,7764.514263735963,2865.234751417997,2800.953468477656,1136.41234502377,1743.322995388992,1526.963092539073,906.3706558647923,183.55447680516014,1290.7133777484705,71.4550583237054,94.25135036015708,114.31865079639735,932.8720404624222,230.39665147210738,278.3783213567541,1436.4830409826957,942.5363315943688,673.8282383638151,1998.3814614034625,1853.4136197966723,805.3543288954019,2332.940782413824,355.9832055314393,1795.9057545025116,393.37615597433614,474.05008590628137,732.2316889170328,1674.0770700626224,600.7737787424826,781.2659407343187,96.6275018918162,76.9541856421183,1352.543459623828,1304.970834950015,195.79366456805963,67.64188825510946,3498.826294756073,2998.727778316061,66.02552505557814,110.13258136405504,544.7570149854446,1080.8153526974002,51.61442970684308,769.5174606810697,48.678202340468644,254.48548943293426,4662.985369157064,8740.144085619124,211.48898260828705,141.8701888648802,26427.604413722216,694.0210975763356,344.37503541536415,126.76132609342676,4249.383245502884,1166.6066744579707,979.421670515812,12302.174003646023,1420.7275388622936,2560.7460192425665,227.12274632372745,157.76436182483758,63.09589365936441,59.01192444600169,73.46262177640808,271.60849668081056,72.07150937681725,1465.8180867526355,392.7461180650174,1075.946812973095,4137.755438522329,314.9194261745937,1235.5307757521464,170.89106773180887,787.7420019337646,279.42937739472933,1012.9152484106343,34.834973195338286,2886.0318660675325,158.522978760986,2712.3762565055986,7849.205426086137,91.31878869512278,6223.757122595273,76.41549477598332,1475.0928671486256,102.51031906282422,393.7280413882251,3655.1933329111266,498.69045613303064,300.3505073821005,112.27940865931916,1563.799883945135,6271.274073609362,609.0175651073075,4584.02405225846,108.53180047719684,376.05276395797205,517.7156148404914,22346.85091835108,659.1361047220042,397.7075456911219,2580.179899150022,426.1913265332674,None
157.3394254048788,575.3328245951467,841.8610204480976,323.52140227547886,16835.6422297771,7008.262091109863,778.19894112098,1879.764034033024,170.64498542590232,4125.750034221526,843.8993303145717,988.2504020624199,2319.187574489183,606.0306653043313,62.10840297598868,889.9443763636482,117.46633909453709,164.9504963990446,251.73180006748075,1124.4174844632678,1899.7950961819688,72.516464808807,128.86441713243832,1818.7891580920943,67.47714285411371,58.08408105386454,2045.0311494063806,441.3210626409308,337.467964994141,4946.372650712381,2189.4740200330552,2752.9923137498354,303.7048024522948,2443.532743116199,67.94125590002368,1203.1191530235847,295.89373537497124,329.04287746701726,3554.5338784530945,760.0362343435414,4254.185737376984,359.7161496264228,1298.886897621591,1259.9120088206794,2755.9349661899105,3626.3086689686384,4159.169974922972,2675.024511857013,3150.534711007767,1094.7043945969444,2534.890190442224,1409.5502602990866,243.0764444078516,497.1366350451357,1301.3727352292801,54.92342520826434,91.37489239688324,443.64003575924164,989.4205652764753,136.3502040892112,357.5628624366406,2011.210364500686,941.1777340317856,725.1433128447583,1802.3691982181601,1804.988669643601,444.36274400922457,4674.745920553884,409.28627221957964,3439.326272562792,410.12297588814135,438.743057894845,536.1002897128352,1207.0477734763547,632.5219698557624,764.4895364934233,122.5303545349044,91.84500892713922,1992.880362291469,4003.4016206172937,303.8700610277785,65.97917873614644,3383.381957363096,3600.571962985815,73.28655012235254,144.95900655476984,1778.439386068498,1745.562813268692,53.545807070767616,878.0500269540214,34.8140455964698,179.58689143848957,3765.165464704245,6154.630189888876,208.22152974892919,109.80886799127475,25686.870527513263,622.8290163926845,173.5025073807855,137.67610849516538,3884.958332097199,1168.1160329751972,891.2474531573257,13009.425778495695,596.7288427742908,5006.3499946743295,269.2737224955013,67.80949383015022,63.33093056243081,73.54118997187256,78.19418157926513,185.52599269492103,72.28859482774642,1529.5646958541656,540.8770995526146,1438.3889825838387,3994.652030635885,325.7237579490807,4272.772008239616,1914.521959193366,560.7796478288823,304.7203336997228,1287.6289252989955,34.93782613917189,7348.711470471419,107.39218318571741,2601.705224048288,6873.587842866667,87.87276395946823,3131.2271057144317,78.04643021008306,859.8405065317755,477.913701686816,393.0646632835088,450.35867728078637,1094.297290561348,206.93426549278576,159.86552945424987,978.173675168369,4830.769013473242,609.3680666949274,4503.146794356399,132.21362301397593,355.064014921843,294.1527832014544,11549.737333450305,629.6444698087363,682.6410942681127,2510.261315135801,193.85941137359768,None
106.69166886660965,661.9470210400474,1001.9163647343164,333.34715730186235,16825.961033068786,5559.795870009008,736.3484223468629,1760.9636223640696,93.86278565315789,1229.5646461425115,805.7428060326688,605.9402626055847,2301.778310003408,665.0624765369919,86.31147926234112,852.6984659068629,115.17186974031307,142.6923914649984,1686.0261996339555,1078.6745762046291,1798.2669596372934,67.97484203378896,128.27252630430146,1872.6648788346656,78.5061968828884,52.784563683789386,350.67284225288023,432.39918198610565,364.3135452499996,4662.609628626596,2545.178394378819,3811.7652744369643,1024.9692905680813,2431.083542256908,872.0920811155795,1198.2824751287724,316.555466327835,375.4224770320622,4132.719912533912,686.9126204402024,4143.618301102442,458.98335253251685,846.7126690039197,1180.0500008431125,2398.914412995073,4008.0372763603277,2341.8138061342293,2492.0667930056948,3444.3367507444627,1042.4780448102322,1241.1876432115585,1379.7842484373252,2329.4299935448985,1228.3688774059387,950.5561413122133,107.88832406888196,88.979577137981,1654.3590781797602,1048.3158567548078,158.69881535378715,832.7903460491864,1119.9783573611132,947.3760216052383,874.4965190322532,1773.5197918611286,1737.060491759523,270.4464739176728,4704.470387177583,442.7845453272165,5638.209154501693,425.09897790850863,416.72802926615947,535.6795034887085,1215.5453816497948,662.3124502126421,887.2902202956778,128.40212060525877,107.7459199112021,1643.3555293983727,6805.265571544583,362.9030635432375,70.09971199984338,3285.561604047404,4082.029267741736,78.19582070099605,170.26524917934069,2680.237956272392,3078.255543451509,57.03275722073906,825.3763086644686,37.87273586215171,87.67221556370797,3644.7400939928166,4748.377021336696,245.5309298126852,114.33710045177004,17475.638751608785,511.57329568475694,90.01177785979586,134.2547784429445,3408.8578619382984,1194.5975299395568,687.14309510604,10379.201951321855,264.4248845246515,6623.1478193388575,290.1606086346784,47.698508044934556,63.693334157177254,90.78258574719769,85.80804468743482,550.1534012233645,80.14121065495969,1794.0245119037374,710.3431790517494,1123.1324646874918,3821.6374545467047,231.32061423601414,3078.1710992993385,2296.633706662586,596.3525523887665,261.2808712882127,778.1534567972009,35.69741865858975,5378.292317282743,629.1178288705704,2544.711522676424,4982.063772979855,45.5974409228193,2817.2563859386305,70.84160503259254,557.4037334156952,423.42611416510977,344.93933516959726,202.93859499810344,828.4799913283432,234.83720462761792,239.71926016237416,1428.2268225368591,4361.9155399020065,645.1720794624728,4371.198395859198,149.5788323233251,236.01471950203543,79.63762918943362,1656.1168100344305,621.9355159751024,493.92306594129445,2432.5034406047444,117.05091665512968,None
1350.6137541168014,313.0713208812073,4662.190993207312,355.20406069359495,15655.976265823265,4705.209141183459,998.4311504625932,1649.7556230192658,87.80437540830374,137.7669716973655,793.4860819085154,193.1836328032057,2273.2082906742357,733.5903476649303,93.39151950029728,774.9782160359622,107.07625338376788,318.7230626858584,1850.9917789030496,1043.1580380119108,1689.8083278114193,61.29992648493108,124.10871264191685,2233.0638720628695,76.17763111584367,51.695341679937705,331.03404056036516,419.13140476819717,1544.5890609947544,4612.802231432545,2338.1793944979568,3449.058248796521,2382.0426618042293,1640.98780063984,634.2054127237416,1178.6935793192438,320.20878552374353,334.8666024932708,4050.68835210677,647.624549732334,3954.694379146801,521.2220525152189,574.9080555138712,1122.425623506785,2189.8308416876253,4510.818322257925,1642.0396719915964,2460.553156704834,3214.6980997190362,1010.9762426547427,507.2780151138121,1301.7694539554952,2436.046868195454,525.0641522452894,867.3982070510167,296.1764207762656,85.65824157335473,661.5106420057141,1127.2866497948385,329.9990457358762,768.8570264701997,941.2415831747003,1000.5376996992752,955.0676816006926,2004.7477529868088,1678.943904039771,765.3674321119357,3428.533841211259,412.5223601368779,3172.1264687187245,442.55971364188986,458.3970451984906,620.7562598224442,1215.5073710561378,691.1948192808612,3047.160540812027,1432.9248125773104,117.91766848390144,1458.7232956331268,4905.66148337613,395.22083801037104,73.02285511335428,3178.531349730103,3239.6477361929224,77.97846582809183,124.70860828062014,3700.990284028299,2924.604764912423,455.2504659596817,750.8190209747768,47.26266487712703,76.65108328421302,3479.029943503565,4508.260654436386,262.7794483396389,115.10039995029537,8497.562827435082,501.94506947449014,188.8327081662167,668.1206499455603,3229.6208556211395,1131.7678951136124,648.550623467183,10665.1236802656,251.0869376492202,3011.821962032329,295.19336574174105,53.56802544511827,63.98811077618227,84.99066843517886,84.91844303987452,1645.2053853715222,74.64511543746463,1695.7112467708994,779.457231019687,836.5562283371208,3606.3913390333705,99.00040928522976,1554.960739059238,731.8764319324608,1666.6556395322848,205.56502553602047,669.3757305954167,35.55855018424648,4233.312950329027,466.5785228754712,2668.86983393952,4703.499898395816,42.09409476391846,2809.1462355450208,59.80715377709443,630.3408648655909,724.1888955231477,289.94445366270764,468.053878839674,631.8926070262016,1492.7093795690332,301.2051636510074,3275.6028304182123,4662.396507735055,677.8134773800434,4174.1533699164365,152.86978004539137,195.77592305973747,62.58076469017222,600.8108861766093,611.1795214781805,402.9971321868344,2378.7587116292884,210.11547559224263,None
825.174847700836,199.90209774718326,15814.257353948282,380.9052298314529,16531.515776892094,5009.7372007303275,1249.8874956304635,1562.3485483672491,158.83494499324345,133.80087023588888,822.2449794975882,121.7735073332212,2234.131104221632,759.8979390768076,143.2212600033214,744.1798161899081,102.4464808345402,792.5254401069639,1362.0448348835132,1040.3230630713658,1975.6711289800385,656.3267193755878,116.41039689014849,3806.252047903535,647.8862073658776,60.79349916005161,353.6962495553581,421.6316894728632,1913.1117862907402,4531.909107240481,2181.0905447168348,3144.182282066416,1991.8081085517072,1465.928289846389,197.27137558444463,1116.0170083517708,312.2905218489077,299.8202309958686,3467.2549793500566,640.9365331863961,3775.34600098268,413.0176427250499,566.243835380653,1058.2611532109656,2359.982931413515,7828.270940670453,1454.9452810784464,2296.513541973643,2725.390305411937,1001.5704550900107,2355.077893246399,1246.9381229738567,532.0795332843838,412.93902084904386,888.3104538761827,326.38690842677795,94.17336400911468,114.22536908031749,1171.679754224459,536.1162784359569,315.41121520074614,328.2097867150264,1098.5298234494596,1101.8148447233727,2870.5251756754797,1579.5266696111805,625.2299746727481,3142.107158182453,1029.2105669260432,1797.8789511068355,487.3400500569029,398.20952450160513,674.6210420847219,1256.8267631496587,714.8813444846264,2320.258698003488,627.2646662353427,98.45719249081344,1452.118114084204,3058.6619994330395,454.54854003846253,76.5717939767216,3145.127657202442,3024.650661005341,74.71116789302451,130.0069322398178,2516.630430668985,2631.369096244528,608.9865304997578,734.4456694372614,62.254753385561244,474.25537849645264,3302.4541531870677,4357.4600881447805,207.9843857541288,148.95536482640117,8112.841228256255,518.7467827540529,131.91593937938455,792.5234253340411,3076.6152395458776,1532.7007915479144,645.3888364803743,6785.323523697614,305.84868410939106,2117.513432098775,318.6539755450088,70.91905276628556,66.81164496677212,66.77832670701007,89.1476883986161,2239.6018749620407,58.84239812055498,1502.4523987735868,625.2176309149595,821.2011097845717,4102.5914264297935,90.84694026051659,1436.7025794848107,397.117988869271,1651.484556181708,205.07451146797317,1256.1776281259324,35.23382702612851,7467.2297153192385,209.2106104650321,3806.3409857790666,8004.294828744231,46.9382591184059,2730.4031583446204,55.56858654710815,917.4825451159943,3409.6000662699407,282.75541133707804,892.5994098628822,812.5406622198026,924.5702273131044,273.1193817887591,11853.465242342676,7394.479878737873,659.7309989926274,3954.755549418119,150.00621047704848,209.42141745187652,71.83940274767377,622.7202840043972,599.5743895762308,410.90297882927183,2307.0542459058233,331.928611199529,None
204.6191911494074,234.1745000623505,55973.41852314039,381.65769440711637,13920.324740703334,5081.371770806165,891.5125017608642,1476.9369289226956,338.4366256214596,147.70544272468447,854.5731775441442,134.16979419313083,2218.3638095704046,773.455576607293,97.15302498427664,791.4319363001804,97.99335766664585,576.5110526163688,819.8037703185719,1086.7442346144549,3501.3651781902836,1188.7817027914998,114.04558123907532,4361.16956862565,412.1768758411985,71.39165433409231,351.7356690799905,420.1599134991756,1095.6539331906774,4393.894639467342,2124.1068652506697,3007.712119264721,825.6268784852949,1877.54914661379,120.79954873969986,1075.7999435735626,313.01146409309507,284.36785896295515,3327.9327329422645,690.2542791940974,3643.81691595734,365.41687050045766,575.1389414168146,999.1694851689003,2533.42409368119,12894.04679039896,1806.1203135764208,2310.244678068564,2625.593390303673,1004.2838550832678,11250.451722009275,1267.9540757208854,94.04912249145869,672.3159427004846,955.0849502670833,167.7841015122691,127.04039700541566,276.16703295721754,1121.4189844263094,296.62156015682905,95.79483903294431,93.6205314198135,1237.6577810319088,1303.6776930245105,2263.58519539102,1474.9003962857464,542.6032084361499,3280.3059755162085,1804.7160348837049,2845.726681048969,580.9523912680265,220.36650289965303,621.5394830134447,1744.7733010110355,817.4328090596119,1422.8325542352136,121.0584348896286,179.40292090424305,1404.0798396381394,4526.73839951817,874.8045416864209,80.91906443219831,3046.5807454934284,3432.281045470309,79.23742239636178,185.6512702236936,2404.943916117424,2471.803750873237,862.2027656727071,776.5065901418793,73.85136356393616,1633.6580731965244,3119.580700915729,5151.2182358118125,119.8413231949914,197.09688279535422,10520.1987296153,557.9104733629085,59.60140150346794,376.5633717151484,2909.480999764325,1641.8562740051325,639.1522011177611,4719.510896694758,313.7971243902564,3359.509825167387,284.50008328730524,87.28088354322739,69.68655606039451,68.84932148830612,258.3254944909658,1514.1764989801934,60.04288617085143,1392.0746890350747,673.2587655274182,863.7207495811426,3928.433258303239,106.83434411546763,1433.6061891039483,532.8414265521598,1144.7137044901285,593.1560372944426,1332.097056984067,35.719899974200494,12933.713367219954,127.22970197871912,6940.9602018027,15086.074023289053,49.72547686877957,2591.087135940368,49.6639692155896,2234.3565485895583,6723.8363536193,292.72156911205434,653.8453787286145,733.0943900130542,320.02887182514166,196.05121089286945,30364.34128606093,15253.921241664975,637.4299355034275,3743.925160150956,143.37216134127962,232.32127868449368,90.1216469619491,671.8974021344371,615.0460958036455,425.2581705013401,2226.6120407468206,408.237617141855,None
114.34080096236653,203.83482966669715,49345.85107268753,369.0127113056283,20108.304526401764,4531.925463223613,761.5069080400674,1412.6985428305518,233.72256441935158,496.057477657705,865.0923772382109,139.62655236665344,2219.6904670782,805.9631824463513,75.25271845488517,903.5197119665384,102.68229984090964,920.6101706582353,668.7570692577891,1060.3935434850823,3698.3223904336073,623.0353782654972,120.87069366946236,3237.5353592073834,91.28757349568312,70.46227648615407,359.1546521082908,412.9902906415328,1172.5317025943255,4139.862602372402,2116.8516859942592,3355.7682052042346,452.6444820532714,1680.5036330487885,143.13062563791848,1015.3013801322252,318.0164036483714,278.3289808533291,3186.2174257999673,666.9915782061616,3488.741760303933,387.08511958698233,595.3658041523862,944.2591006908452,2279.1409148997323,7296.975291579576,1755.9085147667001,2092.664173415897,3009.415536843869,1035.5346381378101,8231.77026775476,1251.6511134470966,139.0649985618085,734.0964015827417,984.2840314975329,552.6024012883022,140.40678279480795,202.69488001623864,1122.168600736859,183.70261695023788,62.8533312703663,86.70426608023406,1358.2555312267555,1746.7810999112198,2005.4902190481405,1419.1942143134693,5493.084516226682,4515.599754384062,1143.08614055078,2900.744421944883,628.3898601278974,146.4541938711768,576.4809419667123,1918.1104501767002,951.3404011288368,1270.2787697732178,107.93362568503751,114.78976756851515,1366.1097121176035,5756.047134482953,1169.2150273058196,75.13808572727554,2905.9099131454022,3748.79071412531,82.82100638282269,230.0916605163744,2229.305447472339,2477.6644125083703,703.8031104609033,852.7203384182436,66.6004669661466,1040.306384233604,2924.1292691155945,7856.46982975025,68.56170823926789,384.2073090773012,7391.4383946621165,566.4154368057464,56.70939614603663,246.15550992369785,2739.436728561315,1763.6526658339728,624.473377025508,4807.477436876702,293.04457973853727,4088.2957166782617,215.20502585807708,113.41315012947427,75.26142910447753,377.9305005529216,166.0875640268282,662.9316267249835,64.90562011115276,2126.494497579141,845.2775961990413,861.3173837984932,3450.6768705319487,110.71921066973458,1391.9527959482366,543.0876294992205,912.2676128516694,958.1630981338304,1231.1998667290065,35.932855252986776,7910.095224404987,92.89684486403108,10767.576990192209,10522.635792289222,46.16295441316008,2458.0650547713585,468.04587213218116,3805.632566551828,3481.7863178938665,272.903545325702,311.783218189901,665.1973887297562,631.4986086285601,2230.114062694839,20045.25551107015,34436.4206528896,635.7189497546942,3517.3866697027843,145.76257720746318,248.4499146566272,123.04755829298222,725.5092684456567,620.7616624201011,439.6397439436629,2154.262471229259,418.91440597566026,None
147.30080878476255,170.73746388744547,14587.5272038051,368.664475301155,25640.46856419381,4236.346103811622,766.2621115779181,1325.1486390876473,112.4693236888429,315.76619114789827,854.2694365624982,170.73155103856774,2256.573678131809,964.2183280876362,82.27345721406289,1053.8987315254524,115.50471989001112,373.29580361626023,1330.8228505075706,934.6252961587646,2731.4446310972808,529.2140843881979,145.2427502254705,2801.867757959488,56.43707653531249,59.474878928784044,363.5088776944895,406.67686232166193,1549.3700207168329,3839.1977382644136,2504.5604414136833,3561.6530619512396,185.45966804023385,1474.652879344001,114.96676546808122,960.6857769835224,326.66455291631894,280.901023519598,2989.745309155048,678.9317926903223,3316.9258598181486,394.23063328843057,577.5757718609877,901.979463930662,2146.3588689021294,4324.843646415925,1586.7680224521914,1928.5739583588854,2876.370358691174,1414.941427454324,3965.4336059953353,1177.134309056885,236.65993988803186,720.5212772209745,1105.9280657280183,1891.3648451240008,138.10763862859667,117.0988275464222,1157.5274000432769,304.30364582251775,66.84267490387369,363.0446520615464,1360.4661182701586,1941.453551770936,2027.2500100800253,1463.3114476039407,4776.681579166938,15703.259406634836,738.6397799697817,2255.401368263585,638.4748051816148,159.0300543442251,631.9987516161607,1469.1292872043937,864.8344590978547,1297.6532455065822,144.38958784204988,71.41201254119105,1346.4245527183161,4462.902672464679,506.80419047352086,74.32683370885377,2845.437906236773,4965.033524576245,76.92617616153758,312.58554928195,3107.041991220636,2434.3259383137233,509.20497842416535,969.2636699865112,54.24909154224584,257.15361764950524,2972.056679806115,12269.804032630715,69.42281822881549,534.1301989164334,5211.213327535353,549.9368216804191,80.42126088181355,279.6801727723251,2585.446816055491,1663.9481677712845,606.9185998343901,4838.4737844858455,256.36088489159323,3268.5993214584028,234.93559347630452,82.16085661023428,94.7133502634092,300.1693517703768,84.01717543026783,222.4605293023081,64.25015577292858,6648.544158749743,942.4318380552527,848.3575595661356,3304.3604281253365,107.15732440946311,1344.8385785030666,453.41488502425835,911.1889991487664,1897.454982462608,1241.6210472972,35.86535618822906,4631.2661358323685,97.33332785400135,8474.910647810324,5824.395755111199,45.123209238780575,2323.737145346547,2355.936226912701,3372.8547574397953,973.0179804333028,277.85129643171007,233.78341285620118,658.6689466228291,617.6919750290542,2407.3858158578523,8336.260262135267,55528.159308197566,654.3303792942081,3298.5155518393267,162.08719411991996,235.27658433957126,124.91484652697966,798.9272550687665,630.2469714928362,448.133498219088,2107.4488647182047,419.60716556279846,None
201.84142213495483,186.15695132447263,4508.24985197862,393.40278877569017,16716.91535227062,4104.355428678741,762.2583517863029,1515.034239154586,101.31849695839662,175.39467548110082,868.9835623783744,260.5612871280125,2226.656367829989,1069.0898425110172,89.56714677252634,1151.9858201030802,122.59350190499755,127.9778111589486,2029.3176984099075,853.8103013574886,2535.3643970970784,1320.6258678904355,211.99034842410504,2782.034342986793,53.42689296864262,91.54718492810356,370.63433754010714,405.88823108780855,1185.5093181646018,3553.570982962974,2793.1500588427,3220.4156985235277,76.26264206421337,1429.4082271383988,256.60899783854387,910.9458482593228,341.35308467241885,268.6511425790734,2798.963776462964,765.6490215157743,3070.753809856167,397.1124510966087,558.4499570371155,872.9633499356586,2055.116070170961,4151.7040869247385,1564.3234985830136,1827.002890705213,2637.2587420018717,1897.3761530864585,1327.6042046445452,1132.9324983476395,395.01068409528386,575.1359592161325,1042.3717276525801,1304.1207055284065,128.86425964673086,159.944809150065,1087.6049652040233,550.3112733399001,73.8121141567323,816.0967632036653,1064.3148044571703,1963.3243415505765,1995.975576500963,1686.3457872296842,1986.5787843901207,49901.861896549366,993.3865910650596,2094.8147192188844,646.5143216570602,164.41153348299287,670.253238072062,1344.2957837835545,701.8238360335392,1294.7679110100605,131.74333756480792,60.671778111990825,1334.3721255944001,3800.100132554107,294.56439051000166,83.8323129112907,2988.8417173489665,4097.710302038829,68.54349134120497,352.85360613883256,1858.6468682373068,3209.970775649704,197.75945291102872,1003.386149752382,45.48613826007777,89.25145212968368,3934.224328003105,10829.869666055218,104.47421357835418,492.71314966855033,4810.026523120976,1303.054768623629,128.64707801583745,302.82246580049275,2425.610210028417,1488.3078801842905,937.0407764001793,4853.395045506714,302.76450022239885,3748.8871433028007,218.88099317781524,73.45417507060533,95.07437930938977,97.46589550479094,72.4517104505535,346.66599292577035,67.4399848971537,7847.525276414376,2480.0868121532944,848.266186905109,3407.8096813499915,108.55682239506888,1298.0997291782796,452.7530623434963,929.5211460554763,1924.3836777288018,1365.4774539568953,35.8443087927625,4265.535900352059,105.03859252644966,6423.671351469064,5075.444045207042,47.064770210144616,2187.373988655916,5727.275853965754,2097.2880318607567,1140.7747275071981,315.519805964799,226.91247469783426,652.4814185621915,252.89389177608845,1201.0014618075945,10211.711314085125,46532.18122944008,674.8263614912946,3232.691491319742,278.92293648293094,218.95778792874046,852.4129230167143,874.8392628941392,665.6383187379442,463.74451549149427,2053.041837458924,409.69882463950097,None
226.11368374106172,193.96259784326736,4242.134653218567,367.08740435165237,10692.982500810347,3951.0251905035607,748.4572142466466,1283.728794567343,85.23070647460555,172.2955758141584,827.0881666934779,353.8308461697928,2210.549800107456,1074.852211230619,80.43905483685904,1041.843133397329,114.4461313997082,115.27748439407455,1287.5818672518546,822.3309514157961,2510.5876853397685,677.8892833800487,173.75348754002644,2739.285588571352,50.08155019928022,226.07405976095933,370.0409973956917,412.32862001574796,1119.8233392655952,3286.473431313402,2584.007933289219,3253.239516851377,70.86056729855576,1393.7954599524014,583.9805216277821,866.3706017580238,342.73730515275173,249.10224924865688,2630.3675207981923,850.5007502826293,2876.3745298863537,406.362918483723,542.7136581992131,815.8446452217792,1947.5107972975893,4074.7234598776,1540.4885461607032,1742.6263403455607,2613.4955900804866,1725.658639944993,461.27615326067263,1111.2003219960734,361.7333120537304,236.96885363527454,910.465834497712,636.4196347478528,117.13778428493912,160.6589966745547,1089.4208884887616,787.5737819350658,89.32396281538227,659.3376478220944,921.2868411682992,1674.4249608865784,1884.6361302524488,1357.4165361572232,1089.2479871995533,53623.485288038544,1942.6487819648278,2061.2057452264416,642.2021892354139,173.79734777972783,538.4314596206939,1337.0465001626305,715.7347949984427,1272.7446497230185,126.91774900022189,71.61796558528516,1377.5136951003274,3680.0772987796736,330.10387280582216,90.19968116837792,5134.315656996076,3982.4814619073168,71.98428838784828,991.6899272598984,934.5268603090947,3897.006048929216,117.87883003760668,1318.2237971921588,35.39119214337735,124.05697958642712,3288.2860185299846,7578.955968091214,91.86030349747587,1174.606426969111,4760.979211800684,3521.6666908527172,161.4115568422502,324.7646138518708,2272.3820567475746,1480.8462920074717,2416.0057241673544,4777.546229807716,409.2336804956543,6485.618895797023,188.32185176344743,169.55791904983428,70.76387897155988,104.19308381889854,71.66647171939074,340.4003027694643,69.55226300326548,5435.270547301949,5132.125313586723,900.2322687627078,3546.785124962789,96.1290390941117,1275.0602658753014,517.5584694692129,906.8785927157152,645.1422969363234,1451.2488626405454,37.31590393839756,4070.1698789148713,126.15589723802113,5605.152997036402,4985.927287673276,49.8437341427301,2046.7451488140312,7086.491621241096,1799.0204458412534,2126.186236530654,1202.7414135355893,240.73490520002704,654.0917517788749,135.32403164212323,330.7498951825886,9789.573507455169,25796.828820698858,755.7107888188934,3023.739799226198,275.57771184523364,216.9309772864696,6930.915266937642,939.4392921774248,638.5012402720454,475.41564343920777,1986.4300761854904,279.48932410204856,None
230.70032668196396,159.8936457830205,4338.595620109713,313.1822017709287,8242.134655059055,4222.678010016723,727.7950803939463,1162.2274334007284,79.63597712989973,222.2985414634633,771.6528242205796,336.0463593250812,2225.0394509855428,1059.300985075995,77.41505729249602,948.2493571507033,283.71977475413496,558.5608267346722,1105.376238870288,1074.0658128884327,3121.9816531784068,247.0917577955636,117.68682671246629,2707.083408507851,46.876406191176685,190.81217163483424,379.3834366612755,643.3391229465966,1191.1123238200591,3045.347560927633,2291.264964548171,5179.277389537412,71.51991723288319,1353.458287508334,495.8642635858183,868.0279689314093,359.2407869496293,237.5606633850877,2497.955409472655,949.5912775733921,2730.353499993363,459.86184449377794,889.4340920029159,1078.6011007113937,2739.458432682153,3983.6910547560883,1605.6934278745734,1659.8989347007068,2996.115575486274,1347.0609971300453,403.9583377590522,1128.2226726800345,232.08539594374585,88.68776379781667,885.2659727847687,832.1622414065131,128.25992815464846,125.9148861695772,995.0323155779088,917.3086054556187,98.00154167251851,515.1484013701012,895.2203121625245,1624.4472177593302,2693.860979518512,1763.7870997424932,1017.2654783441741,19840.980880961888,5127.565147203985,2005.8913630959353,638.2196131162115,193.0544625744331,1024.4544784583436,1311.073028628992,1116.1595966740317,1259.882947213272,138.2906137866441,85.08757286690322,1546.784193439628,3558.707973518711,309.82368109208903,108.93122124053805,6493.987388955979,4649.772389976069,56.989321171199045,1969.118786277995,696.847519484415,3108.3718529393536,156.15609516964753,2437.4653742380733,34.2366924104523,96.30884932343096,2943.2817800763332,6319.603561355091,104.07796965532259,1951.8220663133504,4645.573168585119,6606.272994770035,130.42857686216541,1860.060819705632,2232.8521451594147,1525.8686721667902,3878.994472645371,4647.320169533515,488.7295353590792,5860.069543119873,184.69560033200423,1633.5226191831368,70.56425773076964,147.32830491899608,72.42602830595877,206.84096399085377,80.12879969249231,4183.685332078761,4303.305408328823,946.6599575158316,4317.443337547467,75.11189021971914,1249.9108354075845,601.106484671237,880.2540096995763,287.15843366309844,1384.4257476978885,43.151852494052505,3883.0108828449656,147.71247896796396,5207.333755109189,4901.139980369766,54.28480710861143,1922.1792408773126,2952.023901204223,1798.1513232200016,2488.4232639467696,2473.861757321149,303.4607566555979,662.7044965448254,149.14765259455706,156.37890479357156,5225.725106988511,12668.523576655669,886.8212087306564,2764.1361060754075,518.4060490591023,219.6366424222486,4832.544226235573,950.1468087613623,595.0727398023909,494.74954469607917,1933.7255632626363,161.738502591959,None
248.470017397871,91.88056046675592,4424.629936986902,305.90946800840715,6935.153399811714,4604.068651637086,714.0509940163124,1174.23053230126,89.54019005548737,201.17995297534424,718.9914187236034,328.244616879503,2097.581850300216,1033.8093156853631,93.03143326192895,2383.237536681933,225.3595759814772,2176.322523035878,1440.061197993537,1300.3141429455538,3871.8900002000623,166.14287704649857,78.85704133183405,2632.4270187629177,54.94428465015554,80.84618661916865,418.0780461638524,635.2820564261189,1232.9923539330546,2828.635328624126,2304.128980688581,4927.179990018961,81.00292642753655,1342.1811869797239,1365.514094594723,924.1603425133603,384.01716608137747,256.813420396989,2339.5020109720344,1012.1908986452324,2583.428396523053,704.7059200888021,2281.168913418266,915.448620273123,4496.013055227094,3931.986132994763,2062.520112140688,2288.1749339009602,4579.727818518601,1242.7799678157,494.6021665203737,1122.090705974909,191.94044576089308,91.55636362234458,904.4250174194617,574.2782691526063,102.96925479803656,403.1591551315875,928.7198926569138,898.4178144650493,122.05495999504996,1211.0864786092286,881.7065543830865,1798.8694685140272,5308.3726666931125,2820.5162240395116,1024.972185489084,5886.851117941082,11062.687246264082,1975.0649750756727,602.8170734749616,239.20087689202225,1895.6654458575463,1297.710432658938,862.0641953071453,1246.9454090650645,152.71117173687526,97.2047071941326,1732.6888425135392,3386.7271346333278,252.70996356304298,138.9715829246002,6672.449060727814,5901.053140512738,61.273947075756276,1176.9854577546519,669.001929650918,2797.4707247137376,190.40686109546826,3937.8866516090266,34.56309019641452,80.12643240522806,2904.2592355841675,7729.6879596900635,156.74466595100353,1906.2007431506574,4499.2145768213295,3672.766189008853,77.89341723003537,1790.1628225650602,2861.0823581073187,1526.3767813423956,2042.3244033389526,4386.071016958632,409.0574323833182,6867.056821364848,189.88303622091613,3039.817609980313,89.76976976535508,153.00726897052098,71.2158554893149,174.6755159366819,95.08377955899263,4007.068697418684,4063.745813635705,969.212839174908,5305.682146526145,66.05482381572531,1200.0730031864753,697.8638226019682,865.3242386495111,268.9456757731065,1427.7678155504418,44.53375025299301,3739.2855560777916,165.0712661843703,5059.419275619332,4801.468632016991,55.09758515019652,1825.8891586260986,460.5126303443576,1764.814337218134,4069.604200991611,1318.3866730675236,450.94887022173515,675.4119872717857,177.868784386325,336.36497423707686,3764.7401266508423,7478.1037719948645,1041.3380328587732,2603.3059421400885,1070.1305962108552,227.76462847727845,751.0364685581649,1010.9407467506783,611.1991161392618,532.9724003479594,1892.505167060156,500.2091245887788,None
316.40071378017063,63.20657604885221,4348.476585740828,319.9767299756989,6540.586317477609,3954.274680169629,716.4407775451327,1200.106815385469,220.32181493941098,206.88957251636745,667.8279246817738,402.944829151807,1896.6453715429086,949.9458852785243,270.3761058463357,1786.3072813990696,91.64579108410452,6702.460383128565,1646.5318941274122,976.6152893439087,3249.3675792000977,245.44348372182574,62.47680608300684,2483.448868142465,82.60256072916579,67.88499631889746,476.2000893614329,753.6035789375111,1222.9532177439005,2666.588496774014,2790.1429346372693,3790.4351721045928,105.52979042517231,1308.5680715255785,2265.068834086332,933.1871933177694,397.4930613482528,248.17538426017674,2191.78940619313,990.9748989686232,2463.983997954037,974.7709355355568,5758.237070240804,1062.0962720818547,6655.678711695648,3896.8145083762643,2387.334880226047,4798.045152649572,4420.1958408341525,1465.029912720243,642.6417824335791,1051.211352912072,238.06468576326446,98.58832333236435,939.4030756007892,201.78581959447268,83.02798743394831,206.01870006590642,934.0074868974523,816.3607391756578,153.87242244511395,1132.6632102886133,900.7263857712883,1803.0227926193186,4626.652199146971,2297.062797793425,1208.7786326005564,5156.745391648229,12832.913668944819,1955.1989974932676,631.7703265908966,596.8582783445937,1354.159630486808,1327.4128956321001,688.3035819658522,1837.7298071995301,173.60451532745998,113.07172836157193,1867.8427200867725,3189.8485160515143,268.5808918797898,162.0837113781052,6573.834890246862,5350.579229770319,50.62573298158758,358.95987122564554,1507.03940246345,2796.396144868475,190.4944136021249,3774.184492150965,37.58024373465317,111.36733564167903,2924.1571801298924,11981.655797959167,219.78983795762082,711.2131510993239,4309.201803431918,2065.418940404918,58.07902433360479,837.5656439557417,4281.328471311564,1535.5029077548295,1423.6875483000958,4168.083319996447,434.9663755316549,7139.07546047028,201.844559619494,4360.888212542921,119.11649742819223,111.80759032235237,72.9705799616594,209.38196935585518,105.3605521172448,3889.835023467457,5201.970053842636,950.446196756338,4445.565069817661,64.42607226570405,1164.5617923648622,826.3091979513672,848.6579937346718,377.0710752067771,1497.240404167159,39.027512716360405,3609.266550204533,482.81973123928026,4978.343619634641,4633.531169839754,56.19283988418828,1723.9158094498637,277.92440223259894,1679.4770930969642,10244.179380999884,592.1773121466234,566.5217393650247,776.3096575482539,178.65930413430766,547.8455354418451,3755.683975382884,7373.721490279109,1200.9906092230488,2425.817240715572,713.9524873751732,224.70406096515993,430.9718789831757,922.9674567639951,584.7060389036967,512.5503153775672,1929.8451027550282,993.867473094812,None
416.39035402706185,78.56819316523458,4165.984423395639,362.7716823831557,6818.457676437832,3595.062328744646,706.0301301419023,1163.9854606257911,261.923574999047,229.5767022367477,696.7859213132405,489.78053076622797,1797.7667587317326,760.7181569860401,159.22920615080415,1125.2375875201587,135.77843778392258,8705.49778590568,3093.9475191116608,1245.3371001776027,2897.6576571417872,229.9156507895836,63.590740608251565,2319.748346611181,121.54102883426178,70.09461315612799,523.4782845843108,649.6072856144533,1200.9197914966226,2542.8878074712106,4781.281947572807,3459.7869463356433,136.53790838279528,1193.4225657453173,1935.1591293033966,917.5506593482636,412.43610498058194,224.54566750917093,2104.904582350601,986.3595996309192,2372.560983764197,1519.7476828328574,7901.056896339543,1308.9125079100925,5178.093922834949,3801.162420898816,2429.599399115104,8662.399992978242,3781.4873949158473,2035.331948335252,558.1616283604077,993.8366195150411,286.35814961920363,76.41839875171263,939.3630083539217,480.33248759584257,82.06690375521725,900.7396004831394,927.6070805905267,731.3526343679015,201.11343645195424,618.4561799256412,908.4859711410758,1826.4243822996975,3791.758658234176,2387.748050936521,1059.4960018095703,5061.729630896126,8081.558147327312,1860.0296976264028,658.9464485155459,428.5698559309164,736.6206765228142,1378.714569790354,682.5861731022243,4461.147043335526,1134.9580050388224,109.84745633954495,2106.404948262768,2981.124725601526,262.1722600281469,170.53658861879214,5886.064623645824,5575.816923242384,44.772127895528456,259.0248189587225,1095.3303420583018,2769.207651612652,161.6460797996287,4660.697450308122,48.56708272880912,149.24210732169252,2676.3061050556626,7425.813679926678,372.488714212996,317.76747912067015,4050.0109276255375,1992.6566986708265,61.24973142719163,645.6891720798764,9909.96580368498,1434.9663758615304,1495.9929021348798,4016.0120599342213,579.8808753978598,4910.87238738862,228.8048853116601,3129.621747821618,115.09728644276166,73.36502291993409,845.5179511027292,179.47583127236527,124.45529915710596,3681.5001058448024,5576.7124535505245,874.6988181159822,4340.3039393336485,130.7454033777988,1186.0428172896402,968.8389896622944,831.2828074936364,372.30765146752503,1505.8942221277532,40.32262804550178,3783.3582320524,403.57003302664964,4677.170144890428,4401.453444528259,80.59033409445148,1619.4979386261896,224.32977346405082,1631.481655285332,7034.7191311969655,586.5752456850411,593.1066143270423,794.4501562478945,204.33779799491413,2008.7510847400479,4760.1705589645835,6957.751829248937,1254.5431828228325,2268.3229449821492,261.495294556491,368.52770063584364,571.3621319908875,884.8412775806961,637.7725474389405,468.85867021820997,2195.8955612359327,1811.9501492410504,None
468.38568516392127,99.80691758051461,3957.251756915415,302.56928886613116,7257.345332627751,3456.9520580322737,710.3537184703264,1068.6727077701273,162.09029313967244,237.23120733972138,719.1999201646993,520.7483174402387,1710.4679968985556,737.2277751242668,313.88492779021806,1065.8059168558507,100.50904346987207,4891.895600835652,2724.2664529476833,955.7525762137108,2845.26262658495,204.9061846762157,71.28248390028523,2193.87622981408,140.60417905362766,83.33712209715895,1592.4728332354289,545.2450894204903,1214.1291526820812,2484.884117955577,5882.191183782147,3455.3116564949755,176.14768779308775,1097.7050569784585,1192.460762831087,975.0588494259247,430.76619686388716,229.3471211377169,2037.662292632891,1008.874621122409,2276.9428501317057,2116.095787280318,5264.557253338072,1452.2577059199677,3816.3612562350645,3647.353504030089,2107.972346323773,7473.749713731497,4446.023482423499,1734.22939995245,550.2092137433525,957.185077173542,328.0853452068817,74.51468581306241,946.4462009149713,1079.768239942428,82.76560785879283,1962.2103904897283,915.1981003773944,795.4299248710065,228.00376119151332,195.36222849689662,856.3017946433113,3632.02636795166,3311.1836578901784,4337.503325997313,1026.2676904551288,5159.634117317335,4293.080977804664,2388.088350017913,846.9097158065331,135.12158130118706,624.5545390406642,1448.3098575413342,669.6613038860464,4438.075966685825,727.466101208786,121.46216817187616,2283.232398531465,2786.523642046809,280.1388965687148,128.70294366094552,5829.794155682624,6316.241706079162,44.64396804259328,532.2565779302762,676.3601624181923,3132.9200431300765,789.7893113886853,3844.4578202269213,59.48974063969573,188.69621906125943,2504.806834055644,5368.588278587661,1159.0933410899854,335.53860859941267,3800.7133981013408,1985.6744372089765,88.29584166167118,654.5336643194968,16221.144792678877,1368.406257942772,1558.3550777072187,3852.8968264840973,403.14681684329054,4112.879367662409,260.8744463237077,740.1974236624948,77.40269105123411,62.99731720218367,756.0083941794002,218.36813636242974,132.59975429516584,3441.655178380189,3884.0798565103332,812.3152157677498,5060.533780927388,109.72839908402659,1135.4952152270005,1096.0910617168297,875.1862036715121,367.66078211676046,1516.9902973103156,116.11357897813463,3419.748692149932,183.5617312370357,4480.640862359232,4153.29049710365,75.82273721101829,1522.4915868715868,187.51215885449105,1659.2735345500503,3888.7675098404547,752.3535535479198,595.8368774620815,627.4071177454081,252.21052282641682,831.3818070555461,4694.055219756302,6557.970465775471,1339.2225572365269,2131.2323761323764,153.77132969466058,282.5420824818516,230.64489586131583,1327.7205802961646,521.1280694338021,456.3556680702425,2200.6650926862767,2385.319420314933,None
621.1105164915647,111.69936245818157,3729.580885018506,280.17434805407385,6895.971800934645,3267.983800672031,685.0475161076425,1056.5995653403013,365.526641297717,764.9443547611244,731.5568408679175,464.0837505006233,1624.2022116589026,783.2143349854667,783.0311641534471,1127.231441912245,59.81465705629646,3050.8053719779823,2057.53340296349,859.2169304012723,2860.9542938595073,250.10110488870671,94.70369066756544,2108.273512973955,185.52448932512004,97.16260438754227,2552.6661712837367,460.9649996989624,1147.5958830740974,2440.3221364509955,4572.770444291549,3580.3845573056324,216.407521543886,1046.7476342759846,408.64850026473925,1063.7322115264283,469.77655017722634,216.46215401837105,1918.8715153671806,1037.1817710357138,2191.3688695803853,1183.8991388074685,3365.659784961463,1109.5957683654897,3558.565102189751,3530.069396661087,2172.5044590387947,8948.171989217592,3988.3080611621867,1597.9337581499842,759.944741946785,992.765493107789,338.909391917238,82.42640361390356,971.2912846997867,1412.8839075542692,87.48864467194333,1617.6832696593078,928.9659104080476,1710.1411690496734,209.15657192373337,91.78992862492449,855.6647004986456,3232.6384570122495,3078.4606806108723,5973.0424318035975,1015.7708737217254,5694.601312904979,3507.5355601124897,3945.128509943919,670.441010546241,138.4897323270612,681.3040947924154,1474.610858678503,652.7108639187877,2833.782203821831,218.46712884954204,110.87283931322027,2466.923977898305,2626.149092922817,280.5724567612622,109.76950549346878,6502.602004249287,5064.70204040873,46.710193252107885,850.1373243064426,682.6961246025874,2767.62021503606,808.1939949522853,3035.933492744249,183.7767905522903,205.9887814477813,2385.045935230737,5859.05182762349,2157.6187512035744,360.2750190433651,3551.652405611957,1944.6723097161666,122.71325267929144,656.5561609410902,12746.751083229632,1336.3428530672047,1604.9063041617947,4495.65711197271,316.3811130480325,4038.7721060126282,269.3465404048364,170.66714370054086,64.06064841453906,62.07972392600664,241.88901800366662,211.18130738699242,104.67272534134639,3206.3156660058376,3264.3942656650433,794.6468546980295,4707.688560983233,649.4718729133658,1172.8784298634446,1418.2174803063824,1211.4659076489932,426.92245567472537,1621.5647896646865,228.40786391917598,3396.4201476845788,132.67068364998406,5054.460195580273,4084.2792281863867,49.041956602154805,1430.5255889749606,187.4907869335528,2205.943249705528,3589.7132939245867,706.9634526592876,594.4082780141215,556.7751727898091,242.09091192350638,295.3969433699021,3996.694466270914,6029.2102500682,1063.69872256887,1999.2950755184293,162.65825607614244,241.22895793603092,127.41697242846031,1300.7064155794667,456.60120672729516,464.99461027558334,2165.757847125017,3045.533542779081,None
568.5444635941136,140.25388244534906,3514.761960647521,274.4217491917032,7955.592759600817,3049.6986969634595,639.5352178729013,1142.4164278596907,804.0657610832209,1183.8562686713087,727.6176994693277,584.6138932321415,1539.4028759768673,1382.2354519422713,842.1867864295232,1398.026092992079,62.190631546464274,2200.888899886917,1959.175581622508,887.6022756348344,3342.7766103170097,408.5116119882292,142.64410626544444,2026.8450850426395,250.17058334700363,112.24077106919624,1379.6093553542541,438.56304597787084,1107.0095501480175,2423.3920304993085,3626.442650811932,3703.4049470815503,203.6487643967912,1049.7873310877221,785.9288906092484,1029.225578574656,506.53028146530295,210.22480032461948,1778.375663350054,1641.1482024228858,2134.6259837835655,959.3949305221727,3063.835461260705,1008.9712600200638,3514.8868419587798,3383.0747657510888,2231.895332911083,7655.102408838457,3601.711573263001,1615.5340216244315,1043.6478250935145,1026.6392101735964,303.4710821698717,70.29967087657684,992.8774620090963,1597.0865364881918,87.09483570319472,723.0565885418492,973.7849077220484,2642.53693901415,138.13179933425658,73.11811722251026,1105.2433764138755,2432.7739563487235,3317.0718567741005,6022.362046651589,1391.3414762863274,5559.196312922353,3460.7641111142934,3533.007986235913,585.6059000950942,176.74858328595909,733.0384467630518,1465.789900078048,636.463700364689,2530.169660486188,136.93981635307279,66.80153475171672,2624.685067496888,2447.7063726012025,257.94927088963885,84.76787449558006,5778.5111140635145,5256.822321489647,52.38311653398678,993.3876978459473,704.9908210194764,2572.298391400718,499.44978279834504,2908.4732656224605,178.2348153367716,221.67500846918213,2291.806394565421,9086.206417227308,1618.7580812020633,792.0901296773075,3798.284012149045,1900.599824063271,128.01882860930596,669.8132815462895,7987.250651249503,1297.094449518598,1668.8726337175185,5500.809875371447,339.3692358949185,3990.4453026894826,319.26926599024034,101.54053367961966,64.0776883614351,61.270144571521385,129.5807655401299,176.76228489454067,98.23087699318646,2976.8602721155803,3196.9573470890755,775.1031841110578,4194.369403852037,2027.7751594635968,1167.2147949709286,1862.3841681055605,2095.3579560318776,550.6279043356125,3162.859720265774,220.928657531122,3707.570244797257,127.62520729785028,4689.692120021852,3917.140451659106,47.951933276871884,1347.0876122217192,212.2959731423381,2793.871852444233,3547.1667786899766,1079.2900558319009,568.5058706123573,551.0651181254348,226.30365083118363,794.3684486979403,3802.539933291123,5767.959858010667,956.737497106794,2136.08113381159,196.82175958028444,282.063650090073,236.823417494192,1104.639114801523,435.8901696523428,476.32473572383833,2010.1377212629013,2008.0561453064574,None
521.6706841729907,199.8595173864582,3328.275608016944,267.8578101452932,6797.552417094115,2844.672864375564,624.5900055623573,1256.7245251163233,1118.6970515772373,1206.468441072153,704.3836786740791,670.7319705584539,1614.7882496930115,1097.7395751662134,856.9192207113882,1358.9766842465565,61.042647809499684,1801.5782063525335,1940.8397824973208,942.763100918983,2886.259469177285,683.062403056063,186.76141612803391,1962.606304838971,273.34169091539934,99.45823862520979,718.8666211806948,446.4818554719265,1142.0183933034646,2492.2492280283864,3416.5153453766607,3671.136673668328,167.57840694373473,1001.4805566213776,2004.1629947805386,1031.4121045291593,554.7454415526852,203.7972627862596,1693.1139924698487,1551.627256832356,2516.58590389391,1106.6144135588954,3002.8086650075875,1048.022658495955,3468.524758666041,3238.630876686643,2236.834225890349,5225.305016322363,3764.9676338140525,1793.5668828272928,1060.9151173729347,945.88900194135,293.1360525532179,59.32015633563418,954.4573599804257,1835.1087537862848,84.45223486789752,248.27916366261212,998.0883722207153,2418.3051284727303,411.12468136723663,103.42682314135322,851.1250418407589,2327.6527524951643,3594.0944772531684,7692.051664613097,1343.5212361185265,5733.8607215537,3573.218240043866,2746.873826292413,673.0400134703948,238.9091536663617,734.1568990678194,1508.0130408770394,624.01803601747,2496.2381776157786,194.52039749383223,51.3418700132619,2743.1402903861285,2279.0409746916253,269.10489587909166,115.2929473325288,4880.9714469987985,5736.182834661743,102.00000456882736,734.7277494656759,749.1549559289067,2475.2363680196568,546.3108294736452,2891.929957909662,75.30046332456892,207.2232329016321,2222.4803519536035,7267.575306888702,1129.8136243756264,1651.9001274028603,4058.780213022659,1858.4355628842536,120.36500546960218,1046.8055447561408,6175.387580497979,1256.242074552377,1797.5475457116095,4909.859044947255,432.2367604511366,3925.424047850807,885.5978351383447,85.48199749397972,118.12882650145596,54.58125085528061,343.2229643048002,179.735300621355,72.2643197098038,2761.1592629588067,3091.5098032374267,740.8284390994683,4012.4770850625655,1302.2370977570467,1267.0885123714909,2787.01063567799,2205.1111806596077,542.5812755712215,2767.360363622525,504.3019203150506,5285.039004970401,1050.4353581270261,4129.837267513255,3569.1589052126733,47.32759215264113,1272.645462198736,396.8334494237823,2674.574300921201,3438.6806341129072,2225.098498069005,518.7441439885847,545.0522596746862,265.3012894291699,403.5031563965765,3798.497847397445,5643.914295778816,1054.826401602115,1900.775488724481,244.79544424351963,345.50800988520643,440.5989069596238,1143.6411330209432,423.28337929274704,497.64076247365233,1941.2723869386175,926.2600698078287,None
235.2677669842567,270.5639056306834,3362.429239331624,280.5568761594268,5403.436459824927,2663.070061097613,616.2495758251774,1381.6462274034452,566.7929206337349,679.6141857214399,683.0971908031062,482.4921124740471,2410.085148561484,793.767398289385,318.589840166952,1147.9114088153501,59.33249677162674,2504.084462449533,1975.89944991596,1049.7205377035127,2613.622194161736,1098.6937174744237,146.44130417203752,1892.020558917453,267.79793138470933,94.35732318138058,676.8867762902644,438.2458669472071,1111.378778118755,2497.5389608314945,3384.727229047797,4880.298152241649,125.09315393829408,943.9469992091516,888.4846751785224,932.1277155499793,519.9184877726566,268.00715709953096,1686.9884610271697,1140.4206758829303,3782.8665944698582,1256.523342406492,2898.7282574247834,1111.339273911526,3500.786984821481,3205.1089117001748,2260.328875176865,4617.463375049527,3453.267525986924,1696.7958772643601,1102.6000323686492,846.0647327683255,295.34462170365003,62.55250195927717,893.6972651258536,2006.5841475031768,91.5227547305837,183.65622066509042,1029.9191091033802,2445.0112642962586,677.8326585091743,287.09339450259984,722.6134362851276,2303.23682164999,3179.490594552932,6613.188238162442,1300.6898972325034,5433.944717279964,3464.566350576391,2641.6246937279448,1241.0051326841115,477.2080778538657,698.9148112487344,1437.264689035021,608.9030571472726,2396.551004182229,266.8591850121906,51.902564464626636,2994.315163429239,2184.254207940821,328.5199009202791,89.15153141932865,5080.082880489309,5006.65692920233,275.85955726898186,605.0520465333689,761.2904384518254,2650.342040229233,1215.4188165449605,2754.9076419245116,52.63031900153125,206.362644701326,2019.8865716723287,5433.674190500637,1608.6018831510999,1483.0122210890272,5631.0577944810575,1825.533191037263,136.55850993645106,1275.8930738821084,5912.69138062001,1239.0904565809974,1894.2946306402791,4328.6899061869235,538.8819539044005,3836.5735033257483,679.1019107420045,87.81584585733131,177.5178019929315,50.49148431052792,379.99335158036905,415.33865683163305,339.412703227638,2563.745842999681,3003.6052280277254,710.3309611853474,3802.3026996684703,509.4951142850307,1087.8194196141562,2247.097747412052,1708.8213050454438,555.5466425376931,1811.1214922186264,877.800747145028,4989.993073525611,2625.2750206009205,3923.137633107654,3987.701056839013,50.16462392034417,1201.4303741794815,1066.4795326885344,2233.2357206120605,3278.782754555841,2227.964007073474,1223.5802702022752,555.4345935147337,708.6145769189245,133.74786903734966,4408.780948201896,5504.791580684224,1192.23127437667,1699.5726394730575,251.7281625442299,585.9601813543552,617.8591745301367,1260.222690238163,415.51176215240713,562.0904345477726,1997.8221484672158,977.1803322488311,None
188.88295951147438,360.02113240319625,3016.495156950885,312.5152329750905,5034.371984849746,2539.848742620396,625.9596682396152,1414.5849527632504,301.0394698667531,744.77265348127,642.460386913323,366.8067395733266,3413.951614929175,953.8596644084531,224.2115079163472,1088.5327873311876,67.81925843040948,2744.585813625059,2027.3220164642319,1176.0464141086964,2852.968688510581,1748.8989041509415,84.76293021607344,1794.3073545825268,262.5852664386422,308.46486173758007,662.3265095153664,738.6105029757556,1165.0772009954487,2279.008336009357,3310.1313255504747,8766.42284232964,105.61463704887743,1386.9511942786621,122.138493721312,1031.3171727531717,424.19577356785055,402.54869548684263,1668.0639071427029,1293.7127248570462,3578.5908728433515,1869.381040794446,2741.0572259482965,1170.642460385271,3348.175785421641,3192.4883165064043,2257.210391004593,4525.06065821393,3314.098043287432,1566.1779332792578,1456.8466292464261,807.5179036678467,298.88299346986196,88.84528253668978,869.5709347897812,1222.9121284938499,105.7499369634242,225.21901651755218,1090.4608180948037,3574.034303146217,905.2190883561163,442.3790560390027,749.2806241473323,2284.1395426534978,3110.950871460167,4878.366293461511,1153.5000209393386,4891.53735126621,3296.8438469571975,2571.0801445745387,1552.0233388498239,268.3060895559122,648.8097868940872,1407.2519801062876,983.1366021984458,2269.1530051896343,292.7700582554138,54.05079875868533,3239.7807295052808,2080.744816170236,390.8473209012479,69.91670190552576,4730.539785343886,7730.541777413227,852.7659158842778,749.1665728992984,746.7755123534944,3509.4782385962963,3056.954306764976,2595.154580671922,47.70344417978389,244.8481975349216,1872.0325787590734,5095.339177910114,552.3044021461412,1743.5955526418188,7096.151431172574,1811.88068902031,149.92969567917766,883.8121547685167,5766.650436958757,1211.5088795244576,1831.5697947693359,4062.0242865769023,612.0637814474301,3751.8076961405177,417.4795079449398,88.84047703922613,138.08302310680386,54.23285197884231,248.42079350228283,613.6037143459781,423.99335765281313,2379.1976044724192,2933.980942900001,1360.815326202588,3546.446634252199,1855.6903253996247,976.1947907918164,2146.818766090422,1417.4644942594339,666.6134317819733,1605.6478876856954,1389.439950981075,4195.036374743972,1396.4781240414366,3757.6380563034472,4068.1198010914927,49.48904846087874,1135.376701759492,487.52461357670165,2104.576237323733,3072.467241753673,1403.5100454142512,1948.30635468568,620.9401052647391,1806.0523915592748,166.43131360834397,4302.665428557359,5284.839325271112,1172.4490521939947,1626.9703590834174,198.12493833748147,510.10156614634616,687.0562690563918,1382.2701631885886,397.3600318040167,676.0538526967787,2236.3425853010444,1701.9066616920684,None
256.9426396093349,448.36862740829145,2716.905916519996,399.3094068521337,4874.365129322234,2467.287228313402,662.6243466982465,1569.7420386344504,273.1236651426341,772.3870301307456,550.3119873747406,359.34213726068526,2883.473988656681,968.749333524625,233.81737804367472,1080.2155626109995,79.48015587596626,2717.089637777029,2055.3119097559174,1244.9254282105098,3190.505920514087,1919.187829697732,68.52737005214665,1684.394068333082,301.6688544063298,308.05956593239324,720.3419956367158,1219.4469502639308,1324.3142096150054,2082.7561801382576,3281.480296641465,8452.502067132033,238.95818177513496,1572.4231320338292,96.08680881717994,925.423114153091,432.6239892081458,458.65117988013253,1662.3398204535656,1221.5672344231484,2877.7771045135114,3206.1217028070923,2619.155537600373,1105.7132474507002,3162.675741945733,2982.048768071705,2197.4269667920385,4439.607568917164,3089.413843012763,1575.718569610779,2008.7845731027649,791.869051172396,318.13667289142535,93.77614482219454,847.1778874898199,856.5418036668361,137.09765959806816,225.52850949766238,1162.9164493336025,4962.35351673928,1207.5290091973955,673.4749951400925,723.5602563697447,2613.7875412104972,3299.176754611277,4109.549902356161,1321.8768552538716,5375.3856967090915,3144.010874652073,2450.9022591088587,927.6847984074994,128.04271679844823,621.6230909924902,1353.7665310603584,1920.4762928862915,2140.3225245273675,913.2305692318796,61.58959289668949,3379.4299469006123,1920.939777995609,388.08511116293363,70.1146392606591,4452.519134070739,6790.8353698563305,1986.2300734882424,634.2322884416664,745.5814995186594,3441.6262599532374,2632.586059196729,3128.3145133395233,38.233241627591724,244.4371234076164,1761.2302331564947,5054.858793348254,109.27979192065222,2542.158046489393,6999.8969935419545,1817.0810034775147,137.6325772293369,686.9740535786461,5547.7877772579295,1166.2290622247706,1677.1468562320676,3847.5025549340016,668.2772665579025,3622.8889110821997,289.24980143538085,86.50123813031662,105.38016406654651,67.69120771511342,137.54782557615957,381.02945271352735,338.3653598140818,2212.1616650038973,2859.8255287457105,1936.45487982655,3293.6573870356856,3164.949527966134,995.3834912156616,3839.471591791615,1358.9493239234873,846.4720695040694,1646.9631266124036,1248.9917737138653,4061.010700612623,477.4971202593684,3622.0205186835524,3617.681302821899,159.8685205826604,1853.778359776497,88.94420670934406,2866.25805956501,2860.4706860093797,1203.8911660917852,2283.492373494825,940.2014201478496,1174.8654864877553,259.2175309315918,3916.01159495927,5222.281506344288,1245.337690787657,1599.655823517848,177.44836069672246,307.7794006358065,701.9500960853046,1374.8216177104084,381.2492572233,839.3851600097553,2122.816145601574,1297.3193951053345,None
272.6172102026141,427.84563126572885,2542.106881751568,482.5411266598177,5239.714769599746,2349.1091908919902,721.8822460962967,1584.242416167984,258.96155697131417,927.6790360980356,534.4913990085901,367.1022948281025,4100.344174554835,834.5170407646202,214.2555693119401,1093.2135609728155,117.94519923620363,2559.852817012987,2088.643332537391,1280.0156936741555,3182.529244847163,1098.6341254661113,68.86094104376602,1576.5193503303014,348.3803651292568,158.70232054409692,671.4266604681512,2121.954626191504,1330.0004191835833,1981.9047534018894,3304.933288043921,7302.055116080024,981.7812806172167,1121.6542898471528,94.94884495703613,843.2909462790955,486.54996087601273,286.91610364851937,1612.4535809276124,1194.087613625224,2754.529869451872,2362.069055753026,2509.535213638937,976.5677217562503,2945.9913142768537,2993.864555155732,2180.7132108559313,4307.3880987678795,3007.186114949749,1582.5088292405594,2230.457681539504,780.2731106586882,332.17359982857107,69.71882728481026,833.922120436701,992.9106592660663,196.28089607798,237.87695911230804,1258.269705860284,6987.920838440205,2160.0796258193936,326.0636768275773,680.726366512086,2707.947413461452,3371.178803254435,4135.777925461218,1424.3544293415832,5198.632318465067,3100.0797380824433,2363.331173882356,662.9658896556158,123.64134346746395,845.1924471451812,1314.5094291964372,2321.3555009243205,2020.6412885341895,456.05442542324585,74.79456453794471,3493.2855178484133,1773.4618692367196,282.49784531852436,71.55429653557813,4390.642423138421,4712.889251283154,1025.6109459120821,720.7473884360069,1547.6441427764794,3144.6086437984404,758.1485588444448,2892.882763508253,38.68661401694922,236.38858146874318,1674.3027905157016,4976.931755812226,108.49980943573618,2077.9508501149216,6373.256749996114,1736.6156850046887,104.75179120059995,670.6189756605656,5262.469546676987,1109.0200361365166,1992.8451748292389,3715.502970101881,727.1885608958725,3447.2907047131152,253.22240801979302,98.32349593888976,119.90728830818479,75.93286793563807,90.74949014575644,718.0659035753024,229.09208242702675,2064.334857197735,2781.31323961658,1457.695203051598,3080.3758657051826,1318.7914012377055,1104.6161521912186,6017.532051585164,1460.4674895311166,977.693871597104,1620.612822466792,481.3143955742276,4227.8426328491105,1089.879222701156,3376.206133852622,3844.493296050986,164.75903678446258,1789.6186147699414,89.76431251611713,2795.739049197708,2715.8685955731407,1203.344598184582,3072.050107727185,887.4173590632263,394.8790323355578,272.5164264279396,3654.6099797494176,4786.115342794361,1173.65969893373,1660.7137826808096,176.7035331528784,331.2404893944434,623.076662049487,1264.4344927109241,372.1707368447911,964.5813574594605,2142.354061279508,2340.0164758942346,None
285.00139837348075,335.7819146658586,2428.6815907994887,651.3476113164147,5616.781472927817,2225.774023943652,812.9180152875517,1937.7555757787347,1120.7031049933873,1832.5903746283896,837.447052703264,429.75232576134766,9836.920565826747,861.8549033081304,139.8677058008952,1173.2101920659684,323.22727163016845,2447.5933859038573,2079.583554052412,1258.3193924101845,3717.2414540389696,1004.2687670903998,80.43610223147745,1496.6268151483966,268.5713247444735,68.29170263158605,832.5887432422511,2076.2513121810957,1211.7073791590662,1948.8377060019488,3071.4465681317542,7396.640328600576,1202.3878063734735,1181.4923962381156,96.80855236652552,797.1805077916487,533.902780458747,252.88105914049027,2009.258682189931,1718.324697881668,2665.023835147882,1859.9987206503436,2360.364386105846,931.194498761986,2915.6355760675715,2864.914571708579,2525.613092500717,4132.5029924653,2895.1361853793464,1575.400571893803,2392.537181955184,782.9866287826696,354.5648617579425,61.962139439437564,804.9482929865852,1352.2512325667235,343.1544017909536,237.06625402230068,1180.7286445025024,5426.873844347584,3118.0390144100097,121.86321368474199,924.2225249978824,2386.723325679772,3382.2122852619004,5807.155233880592,1262.3081337048902,4653.590246015197,3114.833562085031,2428.685247605112,674.0617521341121,139.04116764540194,802.2471293149935,1351.5247577213186,1389.94791040917,1895.8547195608976,183.30715974421943,86.34539219838496,3446.6984865049944,2359.610953349114,235.7452925956167,792.976220539758,4414.26224636153,4215.688885691995,218.84851162698982,611.7396308153616,1129.9248268884296,3402.031332292405,175.45673958010684,2489.902460071203,44.3438378975097,186.77659963725878,1584.379842449592,4840.864132600359,167.021550631648,1531.2773032949508,5416.931863839151,2666.834014782191,83.30458166617291,683.0139284327092,4929.143601979535,1364.2158732058713,2640.011254612085,3559.8212468268785,801.4552100502078,3116.866906026228,304.31607417885897,110.1279719314607,146.2586552310967,130.6634739078981,106.68632493973988,964.5092550765404,155.00510424447134,1951.6751185161927,2816.3760374652306,1111.4689302322802,2885.2388777512383,435.4636424541459,1123.1691167436632,4604.215942582261,1628.9766473668508,950.8290400536174,1548.6643363053836,461.92000042953276,3830.6001218648144,889.6185526836929,3140.722851841861,4088.0941467773405,214.5137662417962,1368.0367743625393,131.36593635002114,2397.302570713068,2589.5674644695982,1170.7956673164033,3195.7507632133197,645.2183262598453,196.66681570797138,257.69285874237625,3591.842920737594,4330.863595391309,1074.7366971153835,1748.0224732191834,196.0600484188401,440.280857427023,618.8541692159355,1152.1938858338553,355.19827172088725,998.0045379485956,1899.3656874044696,3538.1477726346307,None
475.3581333735325,830.3747979900207,2322.7704460934733,388.66230623124716,6198.749551938024,2450.768929763196,926.3738657847456,3375.7982708029554,2601.845415335755,1887.5665856777105,1234.4708751214039,503.0635532106953,9526.250572336116,1238.742949021311,115.58947536594843,1286.6324562767807,938.1518233913574,3323.1735759821995,1956.1144953370776,1318.4385253378555,3587.342999778947,1816.9207443496111,90.66841904347638,1396.2061819029582,117.59345873186741,59.1980860908448,716.0652122576564,1267.4649895487225,1251.4466053225772,1907.3553751747952,2807.304966533516,6520.8197291055285,496.21019088276637,1292.433575196438,94.84153019471191,745.8456346542861,437.9909709001198,301.315892646624,2237.4617024881004,2068.9880724663917,2903.1451036283893,1942.0951346902134,2180.0425581642585,922.7702441795917,3609.582259748529,3084.778107854123,2511.5634801747965,4203.05051468977,2660.5220782778088,1494.9628760878284,2622.081194417995,821.8150128691561,324.9667886022852,65.34620482591892,771.7054018382536,1731.990034683479,463.43355686375395,369.7862093559479,1192.1869041174275,3366.617141167723,1097.716852017928,316.28785119953363,846.1857321343372,2244.5539232806627,3410.7748895329737,8359.515484877202,1509.4211162877884,4660.163982229476,3403.558388240054,2580.3315755109297,664.1828443286038,167.13366331406428,762.9751586474396,1775.7599624790914,1176.3120577163822,1773.5717977034114,188.28417293059812,100.30530106074221,3570.37112048397,2037.47596276252,309.967503071627,1536.6906876220971,6078.3267905132,4233.3188806342605,115.62146897668012,570.8860304170473,856.4627656775275,3339.010903609835,202.52270008160545,2357.883203036296,44.32490481911175,119.84203811191486,1513.4133769676798,4679.445515592204,245.086012524134,1511.518505950511,5096.624500106872,2900.520080890965,102.37571652309784,663.0116693064966,4569.329890575173,2498.941964905899,2327.252617919633,3442.0403991916264,868.3662984666538,2816.325096432125,752.3159694478076,125.81953121729015,199.0175774436594,158.94043085860702,119.19333504818796,648.495478794566,144.27508375470006,1847.4489336938877,2859.3213043564515,1119.958852244755,2700.125359897137,1428.8357848476942,1035.1310613603075,3134.6997859467424,1770.4560162838125,917.3862925276376,1527.4615865092044,1018.569406158652,3554.9014264088237,537.0515824470571,2972.338658831793,4118.069196910272,394.0092262179945,1205.409423787246,178.42448261322608,2521.497944584372,2461.414591720165,1135.2124429874025,2278.854189431398,903.0798954611228,257.2707289811617,255.72678545341344,3511.224115472782,3994.880526837313,1020.9221931153633,1815.168853626254,199.93751343838002,1030.8204120292553,555.5360473088534,1107.8854301511901,342.23099658600415,971.1850806629822,1809.6479547067554,3312.781718320728,None
698.3960286304622,491.1717566513369,2244.2068094612146,278.43721543915973,7429.3679815100595,2314.5971504733193,843.4053745555008,2682.537254006293,2137.1476317373204,1487.792998959396,1423.9545296072877,613.8279673940208,6370.567344568985,1222.9611025632241,119.05285140830914,1330.0321790126336,790.1389900513041,3804.5109087540727,1801.8510560799607,1417.9915014189846,3360.039144478289,1532.8777104581127,85.65495295516969,1304.249010830295,74.05831929090344,49.303911273113776,641.1982633716982,1017.5488423989233,1206.3223882537645,1848.9892720841208,2916.8137314472506,6927.31953172609,177.86090916990693,1300.6245907156579,82.0074570517741,720.4805949173635,290.3350857285157,298.00685614520944,1767.735714285831,2217.67373988498,3171.2638975168347,2021.3968753787713,2023.80536349702,886.8620063072984,3545.561679171764,2939.6419618021773,2073.891329962063,3892.908324574352,2497.740009501841,1384.891549858085,2691.759773999897,771.7879081458689,209.531810326448,72.42113299781816,747.1695802867778,2040.450046712712,364.93253412767257,716.3951769839298,1138.1219967381614,2893.649925849665,196.1468531246027,170.81136304007285,698.9597768909828,2142.923371937821,3292.351479128541,5748.033360876573,1354.9728594868934,4898.133003777908,4253.553734199167,2652.0506163413447,682.8120387077331,227.4421207009419,646.5691542305028,1422.2265747873057,1215.0481140936768,2147.202429293258,208.1647973203476,120.21210473322006,3830.6515045758742,1743.4073981472852,426.8194640488496,1612.2376730844219,7633.294842555893,4265.1210917678745,164.29139675990126,564.1907357716985,837.2444794628806,3434.413384782158,402.5036589892703,2273.1566149180107,38.28455126184193,95.83035389488307,1453.8523756236093,4722.006649970808,321.7970117969555,1622.6010744076252,4726.071605748964,2359.4155538334658,85.24983036232305,658.4949508479203,4221.064952847799,2050.7732043021037,2210.2762572403585,3311.4694219597964,781.6617398116592,2637.3421993175243,1009.7919910057227,142.33393963951357,270.3067075793801,90.10150575217742,628.0336425938416,360.6558926080692,130.87035659024414,1713.7442402176864,2700.2377614040893,1183.0316239424044,2530.243889198893,2187.801844374998,1026.114120922632,2941.680473932651,1791.354874853884,1010.2920163429202,1581.0434081830615,880.1358614778667,3565.2148735123487,725.2366221218318,2840.540544830893,3785.291855873212,308.07157612403313,1177.7346662623277,182.97346914067253,2415.8741914258208,2363.49569402538,1097.786533223286,1715.5811180102114,1028.7708555673405,389.98582767301315,208.99325348871517,3715.097793374424,3713.0936076042967,986.7602777179601,1821.346807201445,313.8546723564317,2284.547440456521,281.068394078251,1344.2817553668633,337.6466609692997,935.0218610162312,1744.4839931809909,4691.815299235174,None
337.0913060182575,119.93185655693372,2175.3735023078784,1696.9626793424372,6834.169842079045,2099.2512678213347,675.0661311223154,1977.6340355448026,821.861211201132,1522.556866699355,1443.6235511720142,637.4806588050408,4952.834410197873,1198.919244863246,117.34779036798037,1346.1692727503446,316.5814751714387,3128.2497297791865,1703.3241360268948,1373.0543530934112,3535.5772391414757,1193.5793650911075,115.68434417793048,1245.3016841489784,60.14194042787401,177.31275323500094,608.7717402347779,1461.9077700953933,1040.7158895111656,1880.2802847272494,2608.1987257106753,10417.525559912116,153.9609254640867,1347.5871205213161,90.65308272667069,778.948024976764,248.83715871464645,239.82031256195046,1611.0624707584989,1980.2188574023312,2731.537300271765,2047.5110208170624,1930.7707470207267,904.8020927858616,3154.6023260920324,2708.9796943462825,1831.600134545493,3617.1453364259137,2544.432890543516,1319.276543181848,2306.7289189668763,755.6683864718359,375.5584249451883,90.05253501909473,733.4240404164128,2410.016072596144,205.14692150380452,658.5378870632387,1179.5547484909896,2851.573792713068,567.1226228667708,171.9068152671466,686.7040329710508,2732.721438818346,2998.472925126388,4838.296929227245,1383.5570006721398,5741.663265086108,3661.192801193917,2667.1386606920832,692.11157250143,285.99920233068707,690.4151958809259,1208.474924282046,1217.7780684647985,2159.028798372851,211.5603003285629,154.38820126365601,3971.827630809436,1661.3931303339755,454.0565833647643,504.53077805214576,6201.419533529206,4304.007277162382,191.64744836401331,560.0344226700118,826.4424631440453,4368.8417064478745,461.17202666965034,2199.381650776844,58.598514057567975,143.23390522005104,1418.289061672226,4583.8784002131315,316.08197964318424,1695.8007176496021,4396.117202246865,2501.8413943931023,68.19143754125126,678.303810847988,3906.408345041722,1526.7234981920515,3149.9410859305517,3273.398104386403,683.6733743528041,2470.084275526118,1100.0242698570669,258.63365151636845,309.30730674529184,67.17416767345614,1439.8334321302038,373.2799456641011,121.67472806037456,1603.4193872081776,2302.3723221572172,1192.358167428503,2383.503129597428,1345.2480237303346,1012.2227701720514,3392.8379438257484,1846.9238798147885,1049.5611079638738,1711.1584224638696,388.5427756069848,3997.43668173217,1218.936440195967,2691.2903595651824,3542.0317065842205,148.8356279551164,1180.683415167447,144.9609390241436,2243.8372940226927,2264.8945438551223,1072.7743791197292,1629.7276652401395,1460.3468337285285,540.7004058978796,216.78042109363042,3557.572775701557,3424.0416138738665,926.9849391814464,1878.3836368917796,265.59653028551185,2081.5216172436853,133.0879950099166,2040.0797779175805,340.6933362775467,894.6799154462527,1678.9817075443038,4908.184926095145,None
112.22658271620531,95.98686398248256,2115.087118830919,5296.298420599952,6724.540471577749,2085.9924649415257,634.9267842539839,1919.6156549446093,672.1243961364819,1616.1872171846853,915.4503449159188,575.079635459271,4708.775238464677,987.8578325796284,1004.6492325055284,1341.397639815828,117.72316923757559,2813.3983333315514,1712.6675277383588,1219.6235640730085,3693.484327590128,1163.9491043831633,164.86745814134403,1226.2474095461164,66.19906739036907,171.81065097047107,588.0407649031724,1243.6324926469695,2829.2260022559913,1959.3705285170715,2405.521314164745,7967.419335075091,221.54040946611684,1281.5781164511554,81.17901515633564,699.5010083579398,270.96204132787216,224.22047133576874,1605.8104576052506,1914.9077780706064,2660.989770276239,1929.5632061749689,1866.9519548371916,944.925013159405,2942.447078910196,2661.133318047285,1713.7641990158534,3900.811059517884,2867.729840512808,1351.505470108625,1989.0014149473288,719.2230306239293,728.4301630050243,124.49213069786312,714.5381210251552,2349.725714057526,165.38036081221637,1242.8337958915192,1387.7047880710666,2818.762590083331,356.62041610850343,424.7321392675907,751.1901093748689,4561.12923271326,2803.043326489501,4630.614799400775,1735.5357131902442,6406.490244322226,3168.5751646660906,2762.371088782085,1481.7943739387094,257.1166219840864,1023.4303850762964,1191.5516836979125,1218.5592523797518,1928.0588520410065,332.7287286164688,192.26919394577104,3932.987313664876,1625.6703414983854,369.6586652808989,104.32181436221848,4758.991104203855,4249.691886731875,161.752068454976,554.8052453320671,812.5014680134406,4054.007577216416,477.38439394629927,2068.7717359542494,91.69369307428164,211.68578684102056,1352.6337891299138,4398.1049162887175,646.3641045623801,1735.4149158278747,4156.3969033633675,2981.649989362279,56.9855545638514,698.1102577210602,3682.2515889207752,1492.161243497878,2962.831971927825,4215.434943747677,1121.3310536382737,2301.823333042837,688.3644192497675,588.392142195819,284.47972877177364,55.62920747528258,2993.650130971822,551.4703654895836,106.0029181109667,1517.3565938686554,2055.174510241744,1205.1129860591845,2417.0013874786027,1033.874178070843,929.3161315959876,3516.7382982925496,2850.0642954851646,1080.1798267882652,1637.5686232228236,646.0834080484871,3546.081775198659,1139.9014155874659,2585.5301385345592,3395.077717272383,206.23819009903718,1180.3665863537585,792.8965700941687,2122.0700122050494,2132.343367110981,1048.0397725018531,1601.0414410720584,1331.1634368028087,626.2391750535044,211.418053866376,4159.130932155469,3607.3881142543664,870.2250854329125,1671.769555523723,363.7462235441856,1035.6056728626804,184.22525609392372,1979.2344716293385,363.498860264502,888.5713118455452,1609.3656638578736,7164.733654116193,None
587.8341044133466,96.08231884271049,2106.841203454369,6421.525203479278,6010.20898654053,2058.648226979347,625.7450067049112,1929.0211276976238,611.5286752303174,1699.3501460159196,739.9245012093062,470.9415852096193,4589.432015773086,932.4845192605768,2143.519466771644,1271.336416732335,87.15564517420303,2707.1576570095785,1644.1187857352054,1661.4131097115844,3254.391294598165,1250.1287179437604,162.69794695605881,1398.0017851214652,63.5011274411716,382.6051148687789,875.6020681886521,1220.5600997516044,3382.70074125438,1973.088335702526,2320.4078886618645,5411.841148063455,275.6664188657156,1209.0933626616952,77.33818847715006,655.0276504213631,253.51830420242092,234.6511798046772,1599.0590156290991,2577.668474435969,2552.117932675658,1772.6501009634571,1780.1873046149526,1604.2348388837554,2835.5473900072802,2581.1101174240043,1637.6663433141275,4001.852566828852,4103.570462697397,1803.201444758492,1884.3857841123609,773.0568122370598,403.6998136744719,167.29370285307496,681.0866033819809,2230.0057943302772,180.52710029099117,1467.9244360112539,1381.629739240596,2764.150263331081,303.82033152798147,662.5079436975777,858.148104408825,4596.931374818723,2677.615545114941,4336.5706712493,2120.869569922257,6574.172496457833,3047.1240458239918,2542.426823051116,2342.8232360835277,190.84019682587547,1391.0278975762533,1189.1897195075928,1200.3062497271326,1764.2750404858414,566.4203201561766,208.541947570731,3821.5975792607933,1580.43495353404,377.72103515380235,109.00604583345152,4399.593499440138,4737.193157861846,133.18319569645018,542.7555470257389,796.151304430679,4733.046779123186,513.7355971755985,1926.9920692116366,92.66500978171685,586.7916127214557,1362.1262397057628,4472.677171176691,634.0473202502817,1574.7480691965025,3910.5607670729455,3420.0848812093373,69.35132477113989,683.4449840429328,3539.849677492556,1533.8005132611731,2466.754229053871,6155.333433651225,2037.7472210242904,2146.0649526727257,395.820702207603,366.08129228912736,165.16228452111005,49.3562490254589,2851.663297447513,588.964545474457,83.56341505698893,1429.2776401284916,1986.8796395780287,1259.6924606240168,2942.139030389331,1071.364818226421,852.132722903261,3052.860549598054,4191.209630646675,1230.4579518964115,1451.291834969634,2143.548528275024,3458.373868199569,853.0263089216812,2511.449499124863,3221.2969183209675,793.3669947879922,1220.7541410767587,1867.0285241898541,2013.1093075224328,1974.7003895696357,1045.2075145308895,1548.7497038043757,1056.2680036412357,711.432187908698,236.7654673559949,5754.319617837929,3857.9548726890735,851.6052411257939,1784.3977265218084,451.1979401026371,737.0973529682741,299.78208995179426,1425.872470751326,398.6762272704146,950.186210151107,1533.156183557525,11583.967782022237,None
805.2599313673268,87.60996173583523,2122.303421779882,17900.141910931292,6294.604354536624,2090.034232507166,658.4205384121358,1932.2334053955888,579.4079356739081,1828.1385870781894,726.8628644527333,426.94592710024216,4393.723228087805,1087.5785876395014,4371.072751705978,1250.6904280844228,1999.2504567729845,2613.111492394622,1581.1976832591358,1416.4188715442294,2994.338613245572,1452.0467125109024,147.14174172583594,1219.5138516309344,74.95732924735097,654.1592396633968,1062.8394105536147,2664.0928843906117,2172.258066932627,1852.944360594116,2253.9387132664497,5149.627890288046,320.0745635225282,1179.4106425415782,74.63201943818484,651.1668652885934,306.0672707677959,249.07653494198388,1632.028015672527,2572.124252769297,2446.976589194433,1728.0366460056555,1678.7103342044034,1132.751514262101,2767.0746854968183,2527.165950430647,1575.23119910341,3558.2719320422466,4498.320714363871,1905.7179555317427,1814.7107084608247,869.2386090429037,191.34145843750932,204.65879191568885,649.295906514974,2218.3884367333308,206.56900762141723,913.710624585829,1234.3392406796331,2700.5770043779025,419.48984176576414,874.7235288797598,853.2759429019181,3766.426503770888,2624.57641999774,4211.134108133016,2093.3331740896233,6206.878449932074,3147.6340772009235,3326.130386902941,2047.3975861115302,150.51973820512796,836.8978478778794,1220.8038718292316,1190.2612886176153,1782.5635110327182,1424.6743055453687,243.32469198702069,3794.7228538019563,1507.947316985448,560.4238316670445,168.84445952090024,4317.634016336958,5481.565472971068,137.8720009401407,535.1859514996919,780.3188024026359,4652.884793384698,456.8998635595072,1851.1203029079863,65.55212451527106,350.02649108932013,1480.9244858273005,5001.388779730412,237.89948359659482,1450.0190271538854,3688.5149264220754,2954.908499085129,71.37936567073115,663.6659726732826,3496.184005399372,1587.9010120403916,2375.497109448108,5416.68981648098,1708.2373718495983,2105.350418870875,371.55422112603793,233.37641719461627,152.1675934284326,48.47626666296807,1253.808135713199,498.3313024084593,89.07442835690203,1362.044848706172,2011.895920310161,2319.267363250649,2468.498999142529,1099.6584574552548,767.7998676955687,3034.2836968713036,3131.6244687378967,1385.4008610923215,1375.8290394614746,5192.406180147091,3603.922197934946,755.2362630104666,2331.9920736651,3025.476183417736,995.1856104629137,1282.657896090795,4109.276675457366,1951.7510125505012,1854.3492033930436,1100.370637346617,1487.0605846727387,1198.3250030318306,793.4720451745616,209.74787795818798,7873.154637139433,4949.569960925006,850.2601159202902,1907.938174019659,382.8035857610414,697.2990620995146,445.76714170560234,1263.0707154766214,458.2055845620309,938.7632595776599,1512.440023877709,8754.545176929883,None
341.6860427736723,82.36303054745609,2127.2893105235185,17154.25149216963,7936.912843993736,2175.9260169895724,712.5671385380463,1981.990856674438,1824.076264390494,1953.2689502800408,737.5508488653363,440.26127808910456,4188.461981263611,1135.6219856512164,1981.2528120436905,1372.5073328297015,1323.5485822821154,2507.346363286832,1510.8885918696935,1157.5759956336924,2886.855057645413,1285.286740021062,188.95642321479724,1134.9104351255912,117.05220001206608,1646.7419515350643,1058.8075892827076,4291.271497089636,1768.353884599603,1765.9021985404995,2227.3018330952773,5905.487691739809,347.3934650447727,1252.1601830107786,74.95866198185792,647.0370554062894,414.3698661805577,244.1195701509111,1694.5880722541174,2292.7111538288345,2397.6445551167308,1736.3989689680718,1565.8741299265002,831.1793525593872,2687.09987918076,2596.4816024838183,1511.0189726198525,3558.9267528725195,3748.86520717524,1963.2078452886094,1737.090486499578,973.8168616009982,179.84191227918393,258.22925426795877,696.7630168822318,2383.8472949379106,184.16833923361145,792.8119639845459,1388.8639472259692,2546.453954085743,513.6322631598237,1037.2076762774002,928.5055303259018,3423.6580323270864,2615.203328832977,4041.122736659528,1810.147543113578,7562.031831773002,2993.512333933695,6463.153521932003,1440.8764287290203,128.10072153415177,748.4434248318098,1185.9270740603156,1201.316122744768,1786.0862170276348,1525.0078296396664,265.60676573133924,3337.686587558691,1476.1532362705975,2134.543049018264,1178.8557329348814,4240.359327150591,4447.737234122151,98.24269265618315,961.1539034213415,770.7627508036153,3852.88165642604,251.88792482059486,1854.521195359127,74.09528551456634,158.63542132887326,1572.6124190187077,5769.882963885052,152.89037310096538,1598.5041762903913,3474.3020226335325,2722.850556607788,59.545230410338505,670.8476064509574,3490.76489349565,1617.99067719994,2403.988934396169,4050.001438859625,2011.5217610615562,2037.5878108095399,445.6402907706182,557.2332513513753,273.84610870259013,83.13502931120833,798.3227164440796,430.847166027542,103.0688178211566,1308.1791143242654,2028.2997690028494,3239.814259084544,2360.442961372464,1169.0122446358955,860.3695734969191,3232.074945156305,2508.7254313494227,1420.683064653696,1334.501226053748,3736.528418495757,4139.5710478750625,759.4671447991278,2184.6945702614535,2850.826218148811,441.31222472456085,1331.5370643582166,2873.6311035942467,1833.749921244727,1761.7445409126135,1170.1526257767628,1444.849680008934,1079.2941282864742,792.7813093378511,171.24998496446472,12916.55628453337,4575.049564932554,841.9783407988012,1765.0050408880686,298.2437751324389,693.7513515036717,639.2228305862984,1269.3167938708052,533.286736152147,871.2261773660787,1453.2746870587139,4891.952547590135,None
128.2282038217851,86.3199766719645,2069.539435598238,6519.952182620374,10799.797196072155,2236.1859940685817,730.9645265692542,1960.5592466811802,2192.5640536387964,2059.845833446021,742.7425754244767,531.0270157062944,3927.5012140694334,1048.5444287828398,835.4961040522073,1540.6073401510496,252.9609598898493,2382.6627650086884,1446.0814078865362,1122.4804151910585,2755.788435509381,1136.9267759198274,259.71465617347485,1126.8275801276945,176.29205786379075,6680.554360206474,777.1962582602317,3021.6983114898608,2992.219534611565,1774.262156453516,2186.462224878201,6384.109707687577,283.67195001161116,1146.9768331590685,86.29019588474941,635.2528470232928,518.7567611447287,237.6600764937408,1796.3808630205347,2136.329628220854,2304.077912985617,1708.9320681046759,1548.5546842320252,837.6422311890648,2651.978283150635,2660.8449553323394,1445.7511287803961,4923.395754943284,3450.278332430667,1560.7995181276758,1807.0417526237711,950.4063076284326,191.2526753952464,353.90422238357763,835.5714533333131,2422.845947311036,1379.5322101952622,903.8229369527633,1149.3256672700115,2597.499104655405,617.5819095166282,922.9328178945256,878.4388232088365,3596.793550436029,3939.228576029769,3907.712134726684,1889.3846613763026,9437.037108418284,3093.3095014431915,11474.56658387425,1697.9259315595968,135.79195603780082,930.0104110661104,1134.023897857258,1657.193973780637,1690.4653881118275,812.7748774056447,188.7955745506669,3224.293191454732,1679.1069391063645,4581.207719272768,1401.5189931828513,4139.334310586673,3976.840459647174,89.87568582012022,1369.4310577097024,763.2331363498879,4073.459934185404,307.4464414746002,1841.755610687962,110.28072032026957,131.93372406996122,1472.930468745234,5901.443332055937,98.69969357515262,1799.1002319952402,3232.552507826783,2698.6852486408225,64.75932035160483,615.6903218081642,3500.9242373551,1578.5090593959867,2547.3648883901506,3841.706729706567,1294.0956407316694,1784.1478515705123,515.7700286414065,389.47981606795724,487.49287560275314,287.52033739586466,481.72342942392714,450.96922762336465,102.52779997155778,1289.9194934841225,2040.210115893181,4108.990845450185,2319.6344730575643,1281.861345800988,747.0571870658166,3713.6164611626787,2484.8156362306845,1309.7515610660091,1279.735424181181,1172.862615426905,6075.546091554254,749.2973486635768,2255.507545883353,2684.1878040362,160.84233122320958,1309.1672248696955,1150.817965680204,1695.5648637504278,2067.3267571293927,1070.6698948142011,1472.9630503589135,1041.182610683243,673.5939399963693,171.30012494760146,9074.659155064595,4475.995981142207,827.4569118299651,1559.1200495303715,246.9293569408237,700.8787233930645,837.3089031996449,1264.1528402746444,607.4739302319404,862.5743975964231,1370.7178516890958,3928.531309378413,None
216.0746189542416,77.44155411270057,1951.735424027877,3515.3069025964714,8742.350383092175,2304.941047685287,725.9452033723929,1981.5461863868748,1565.3247152230965,2472.9715918706233,698.1373112220112,445.0793787109923,3647.5675788396993,958.9149447553984,864.5966593759794,1665.6087912337734,1280.399876534113,2464.398057674041,1458.6776511638534,1687.5420020713045,2777.343714041094,1095.7484108272631,318.18743605507814,1080.868641085842,188.12283278259042,17861.821032420023,717.2962259608755,2315.6516579159406,3634.1020097572887,1718.533695914567,2175.586451494755,5512.9152471285815,192.42130997587304,1098.8430495816342,115.82316265187,655.7698925980584,619.5530401689564,226.27722618577087,1905.981815174968,2222.589547389335,2147.1134155901873,1631.6057801337686,1386.957913549216,818.8386751099208,2696.820761042925,2532.472692394216,1386.7991620583693,10073.6878906463,3431.902927129772,1494.930843931693,1728.8333878072594,1519.5682083629754,249.72625275408015,378.08939981882486,775.5393852461976,2022.3728961130253,1333.423929262093,1038.1821820358175,1025.4720426199126,3100.721764578613,680.8201417032482,917.3175323964563,907.2568073535457,3837.143956790445,4746.144549260966,3828.7006355844533,2013.1407643357645,6693.694143668658,2817.8661386392437,10500.970933084513,1979.0402107204807,141.62726119345018,1143.5369564548007,1160.5008982383747,1524.9832096454306,1615.0742571648639,511.6506939196538,98.7518055864787,4258.601486940299,1887.8278744068487,3022.799902343678,451.1562611608483,4005.187946792634,4106.160511709679,126.26706497817148,1903.3245241370066,751.8441076348627,4749.104853736255,363.1404620255594,1780.666049595299,97.09144482625179,141.3599036430713,1317.0414333019835,6268.366239795023,83.77934656876725,1894.702183863737,2976.7423511764173,2645.2986493241856,92.59556037667565,546.7464106237459,3608.2253092178607,1535.2561898050942,2300.666319317202,5300.361919155485,895.1707050888074,1635.1136474996795,512.4652484695304,440.807229221334,298.8275643100904,210.22880233303712,1235.1579819519186,480.61499333645247,87.0066869185013,1213.3034381664395,2048.6787559261747,4666.077735488198,2289.859396250477,1577.243206395864,703.6024997179558,3574.710164179004,2715.360127013165,1089.3022817114918,1196.1949343297854,350.14436687535766,12023.154625463296,741.4727075259318,3139.4499917059943,2506.865209009382,123.71946523964264,1314.0142121601145,578.141268232662,1657.304412582439,4006.841491737872,918.4060305435893,1564.218993850478,1043.9539595679046,382.7729208475814,225.69120556558138,5341.103840081843,4122.714173116844,919.8880813635167,1574.876117279561,240.68762515475086,1244.772195734447,990.4266907370012,1282.0708293817345,729.2758061113278,890.8483033216604,1284.1498093772313,3788.397497592569,None
212.82516946360573,66.34605496339583,1909.6364332998585,3986.768908594287,6274.935150417727,2087.961952872182,751.9340695674568,1836.1047254817804,1129.9119074664584,4267.652752005379,670.0321354017037,404.3445413127015,3385.81811006354,931.8002680417836,1071.9854264858375,1608.7944019620884,1312.316447650802,3291.72860400377,1434.215295116133,3251.813479553842,2610.4923197139638,1164.5628734203008,384.9804199252324,989.163057027276,151.40603150810247,13590.186944308674,799.1265105475662,2320.628576448027,2721.480336397227,1615.8969099097833,2216.3158317686443,5184.476418603164,184.24815867032888,1217.4708667377706,155.39930916952562,688.662866345731,523.2779526352031,285.5296470742146,1968.6318748368506,2292.710576587376,2046.5688925552274,1607.9346067391625,1267.895748756527,795.0966709993927,2623.294772040327,2198.5207557498065,2206.681529528651,12415.504986056738,3373.6724676536637,1497.3108622870313,1583.1983038387461,1877.1903946917676,373.3999209340934,335.7834104385116,687.0943536772529,1836.751834252864,492.6859410737603,1112.848219009062,1071.6328895032373,3406.171579954922,715.490050214687,998.9231271488612,1033.0860622801904,5073.7610669038,4105.589230596328,3768.703368808027,2387.670642089057,5525.667724152465,2628.5179134551904,12004.774161653344,1660.7280239166641,127.61493307423856,2183.0510540926725,1654.9086203712109,1264.8343615315605,1868.3897107715907,801.7802267646708,75.25080202811947,6045.869793662134,1805.1010500070481,2042.6404938155047,119.51777864536429,4120.074077611341,4270.10778449187,187.80473666685688,2320.596789226373,844.2105831178771,4050.8949121931,612.0816153925409,1722.20159227241,90.36462636152537,146.97656874913088,1240.3982388838479,4988.086693378758,88.32827376192678,2065.288036990288,2768.6724886936754,2559.9653053197767,130.8312563028085,551.5375067571293,3729.911025207461,1479.3370647840113,2146.284391486724,4455.234134137007,863.9660904973023,1556.8197950056262,490.3276815286911,1865.149519265472,162.08629078798657,106.85964705527374,907.0099611930412,502.17401279854516,66.72210665681936,1175.2911869403047,2012.2215310484146,4958.3503457444285,2289.396325786737,1449.9837253906314,736.6490727316302,3080.74401110553,2794.79063774735,939.9005925425508,1162.94129724299,374.10946930767375,14406.320522500591,732.801038917518,3413.583499731119,2411.37928712778,112.57871698165216,1394.2273441494794,2383.177683994209,1703.7712568442646,3949.2753704579136,872.6469430466527,1773.1546162445907,1034.5140752133675,303.2979731110087,194.97465499560425,5113.48729958636,3881.8946394741606,1084.298780394351,1712.4147188573386,274.4059296353448,1068.8392735203745,1075.0296365658196,1338.3843695520195,831.4365551669565,974.7203814265872,1225.305593565576,3625.8058841556617,None
215.53229839279723,63.62278004071911,1894.4621536571765,4569.869042987735,5827.397509230234,1888.2205254550247,932.5315032632222,1911.4434267185807,1078.043007247085,4319.340130801691,685.6502727493294,410.46109852602655,3364.0429843332595,943.2026153655507,1180.9093612497838,1444.475969399825,390.5613958043882,3196.049566458093,1357.2061909838726,4413.4818469008615,2397.817217349805,1556.3276543867935,486.70870879504304,925.6768689163067,416.0151846631759,3686.7597830209493,763.1344730699321,2520.098956787972,2494.561279226636,1520.799704386988,2315.035103796743,5527.842515748972,200.1023943316301,1557.1287587769486,136.71650060938092,729.1327540766665,326.62773850524474,495.3022653550489,2019.3840415265945,2407.098022273948,1911.9037743881067,1629.1342542289804,1212.7160897466506,777.4643409390077,2462.2698553104347,2046.2047278540344,3646.617924815456,7547.024566108864,3268.725611454116,1466.0377387692938,1669.336652612798,2598.9619480497995,390.72038601692975,211.21636471888573,643.3157294650022,1921.1327445230231,345.57009695967537,1038.662953403293,1038.863884898087,3400.9282720571473,793.02783537649,1177.3319754157844,1102.3816137353674,6210.086642686405,5368.219870971578,3615.959763099849,2599.3999534618483,5162.978842078253,2871.631832839469,7521.089892290866,1586.2445910649592,114.81092906283509,2829.464889763401,1670.2189226072394,1205.6257068003329,1746.9397965283972,1068.8933523845121,66.41292350970855,4775.388100187045,1545.2371079970153,2013.9671641280881,92.43923816023168,3610.178191383955,4037.820298487456,287.5652436948059,2799.5372730504573,1107.3002233116167,3848.9683124071807,1334.4357459803819,1728.7773896913413,64.91555672483476,147.27205828121538,1230.5435568048993,4495.040860954474,97.17621317752814,2022.9852230457557,2586.2814464026897,3425.118939827051,180.56931796136814,549.1678620852737,3801.748281532267,1409.7947931461738,2135.4098080020544,3927.2803213986244,918.1587150142063,1573.465529904155,490.58753215360537,7485.396179813292,424.96137106891223,116.0510299620672,607.1061993261925,520.694316257937,67.81661742166686,1143.5383601909332,1951.245443112212,4639.258372106537,2274.5776304026645,1266.2006701174246,759.3061661668455,2915.711747638441,2896.023972464613,916.9266070989563,1491.8838516632002,485.8316530268613,9156.490498884792,784.7892876708416,2926.091560668398,2841.3513838811464,104.043014250955,3140.6028677982817,5715.884293281764,1806.704828935666,2924.6178730758147,848.0554792536528,2498.016402181242,1026.1788202132316,429.0693229742186,178.22421153793476,5035.571727612765,3688.793535136574,1202.9825118897702,1867.722938321303,285.01047700447094,852.102624490846,1052.1271207145696,1370.8827601728506,763.6667947139499,1131.7700114541315,1167.8157044859488,3530.857023080325,None
311.5806596663031,65.36340311345835,2064.2744177336654,4003.8529938187844,5679.1864013334925,1777.2913772553147,1259.771348366172,1836.0828508371021,1431.245194433279,2651.596496463346,676.7575508205266,451.2367445797602,3281.7345191668874,959.6893522251347,1202.4468620207613,1404.3986004434187,248.01170489023187,2691.3374345643065,1312.232042616396,2870.5246015253138,2232.2540752556065,2589.984270368614,548.8432244734449,923.0767466025038,460.1355339510101,2048.2721871584167,743.0499155690843,3116.1943256363143,3170.46279654391,1832.720207171972,2330.961199523875,5958.715374305978,271.97507766439634,1285.9326928187202,78.77195885446281,663.1221361081895,286.6059524838987,1443.6365994299078,2159.6196320730364,2533.6100725194456,1788.7233371593286,1715.5900034602191,1181.5147582003551,779.0297828312509,2384.401579091825,2059.587162177565,3081.7048177525908,5235.214265569442,3124.5168354407692,1417.5038903146005,2200.43457478652,4173.495063825414,270.5242683419091,82.21460552061608,631.2326634083461,2080.9051934507393,403.1411156522476,966.5628579566032,1002.661590415551,2879.9526608020146,902.5301105278313,1940.2579627191915,1193.150720794155,6164.9976851211195,6624.935588367661,3557.835778811067,2256.4076116028923,4982.717120531063,2566.4178320611945,4981.1478400180595,1613.9828912237112,117.82903941104685,2362.9667865739357,1272.9464742163848,1210.2975991470942,1725.6590082579166,785.7156116201945,79.27883459000586,3836.2961663863484,1828.1289423126404,1924.2221856424235,90.48148267549648,3255.3574722949925,4995.551793622153,318.11566919102825,2188.2309891622604,927.6458041348094,3617.1300234020014,1264.0455716983045,1876.7524801066645,53.93428190082465,292.64499949545717,1188.4014814380364,4407.37039764623,753.0521941327092,2868.623445917936,2443.718883524854,3590.089334818622,237.12539841235096,525.7653330555363,3941.5753172284003,1355.7504991232624,2126.4755442640844,3946.227028466919,986.7030247535092,1646.6414209140191,813.1403177921977,4548.037955506418,903.4484513171144,190.80662539376723,645.3222973103707,787.0393430682706,80.33108375347936,1107.7262108601471,1890.4506782536307,4347.518149842198,2323.260043379856,1271.1725862390545,1335.2275546517635,2793.297372969439,2515.8009293566024,821.738695602393,1345.1238382125332,314.44195470068007,8727.376007487524,758.2784360698587,2755.779880959393,3696.182397777165,101.20957879429324,5587.9597714901565,3225.590828620323,1906.598253003973,2690.206462220017,848.0191604046462,1987.320745111773,1021.7715884440332,499.4134912942986,491.37000808030126,4941.88878138637,3470.016525577222,1313.8006097329985,2049.0665789536934,2100.4349666692933,1135.938822674689,966.4226117996923,1330.6213838252202,539.9160222999053,1259.9517348464426,1110.3856014877038,3415.4009118620784,None
1725.2386461340243,70.44245565608863,3062.1037867182185,3603.8867202672554,5577.68952147367,1720.8930744324564,870.4345371254151,1706.1621206767645,1732.3702741538218,2316.919059350559,991.0651950360688,452.07955771382126,3016.1158936779107,893.9754051431288,1166.2798332792356,1431.178838643094,343.82691372866805,2532.579028364663,1363.5129109600518,2351.8135891129555,2284.1195031839293,1762.330640894646,547.5460503626822,872.9206054843668,678.5525221575773,1182.4694786194138,734.2057722552236,3316.445498412573,4593.0991493297615,2865.7849115151894,2225.491191614988,5217.371976150017,382.1233540931432,1118.8961830144078,68.77744590687432,612.6179354655698,275.94863188744847,1296.3794788129785,2351.1519113785102,3020.221026795854,1998.4024012724665,1555.6488213892385,1120.4191470276241,786.681236062654,2459.1061206682816,2124.8618809620066,2457.495900949169,5077.955529094426,2958.544080902348,1381.2351427996766,1794.3806171241351,4949.61117712319,240.23966697360382,78.2292232130663,686.3980933268897,2271.903266867149,429.6058313886814,939.5219014847203,989.2559450508188,4190.460073313797,960.0927755099003,3584.435474404137,1292.962042542067,5389.468208116864,6587.7063709135,3435.745811380283,2018.529148810738,6470.806294933008,2424.7434353094104,4846.148828511019,2136.5208326345733,162.17839676534848,3196.465494870292,1246.4218622066155,1197.3205873484558,1644.6069270860496,650.1540670587427,131.144584710891,3755.98575530198,3125.676314804019,2354.0631410224473,106.43791566800431,3115.4015597002376,4438.6986933396975,230.11450086831357,1996.4017265314951,740.3301966833153,3358.7624470983037,2921.497738611992,2068.9649322184932,55.874991311224974,1611.489026640686,1192.417162498919,4225.339320867806,1852.5505517290273,2476.282684429667,2412.2076366766696,2930.0516845199827,282.8874151195077,522.8745075444725,3859.705719786584,1341.149379102203,2091.361735592473,3924.337155397399,1085.6695583863504,1723.8738490991275,806.4083841206035,978.0837995381016,437.8540652295468,223.91676834535198,736.1940469385054,610.9914811985183,84.93116232721631,2145.753030781078,1604.9737719953855,4533.486223028306,2396.8492338759092,1353.100498930635,1167.5092381137067,2645.3703659608827,2347.856719583727,749.0419089476892,1142.5716500185326,271.36975317357485,11440.182201800131,709.3224887704428,3191.031743536765,4550.522083829016,99.44476226215393,3411.7889939198,1080.7940738120171,2329.831969941974,2701.378699152793,872.2439593460488,1555.2093120411846,1069.6468223037498,407.6284561739801,363.0735188921479,5058.725201300943,3255.166083941947,1465.9789038975657,2247.3773467811357,4387.298464702099,1851.0202445555358,891.2327980706543,1300.595825584658,474.3562554452273,1172.464811323583,1075.9201333916446,3566.6819597751814,None
6693.3080834559705,80.80854134907348,4664.337942357417,4237.749937355745,5487.716544833904,1685.5128492855965,854.4798070433791,1596.744343205459,1940.2922883827705,2334.570229846629,1547.5751359222731,435.65629262174065,2874.763332001061,838.5935763084244,1209.8683420590064,1308.42252144026,349.7111918792763,2480.0183995697685,1463.2560803147262,2444.609005030433,2455.5855362935026,1460.0480798638996,573.3757993405253,858.5947283033506,384.09851536253564,372.12823400827034,706.183038015332,2824.175538666594,6222.897166399207,2015.2435317574127,1996.888177631087,4853.636759019021,368.9274965320134,1143.5344129486318,96.86154729609636,583.9191322793887,314.10414725753054,1233.174606789408,2601.5824003952657,3865.2955071499764,2629.6274393157564,1427.2092809553421,1288.4914406459234,809.9590346135185,2269.2807330315345,2245.4303503133406,2518.909707635465,5024.941791284911,2707.229715260117,1366.0649317668833,1578.0768030723225,5488.008973893528,253.86729599561968,118.19817110081823,1240.7256266128356,2392.588289433169,455.9364777337828,935.1963266697818,944.0603249240053,3511.776031194884,1031.2118891501102,2622.651855630831,1347.2022591926952,5446.925220894215,4998.906066421219,3292.071435901153,2348.978010380188,9784.447876615877,2373.154410773577,4767.508863196231,2886.908449402343,173.79306608343052,2897.681682763063,1360.4779389899018,1187.8035189682228,1598.804858924471,671.8174196772193,187.62374471255376,3664.8406636987293,5552.031276447583,2261.7402017163226,173.64100008879169,3068.142990930226,3963.149730394145,176.45709683152458,2358.494017788821,709.2746049678391,3350.1960192215993,2038.1330246665414,2278.483027241692,46.75134351253386,2850.492608885064,1482.8145992649124,4126.26381066896,1048.9661497823622,2385.759636092204,2405.685929571775,2700.536294526677,322.3370672688772,545.7581931893037,3622.118449207499,1294.012931138817,1838.7072170242607,3607.027937800922,1214.0269057515832,1754.8565540717136,681.0307214902641,564.6578226071946,211.78542064138404,430.87481450069237,826.0661434144083,499.9001150574917,87.33437763296408,2040.9981559979935,1576.3827984494276,4874.934630810113,2556.333561872821,1266.6995274693809,789.1731403435298,2539.759789259482,2257.881042378249,728.1566824886426,1100.6463370626652,217.0732728562361,8772.877144995438,698.6003848083907,3692.748373918726,6766.9626807263785,138.60797063791503,2513.1136462980107,832.551541464162,2116.7492555451017,2648.1613103256823,906.3786991454892,1556.9702494668907,1161.2005548482625,303.9922862605088,210.1115161527676,4477.293581835135,3024.284836175577,1648.4300358540052,2456.510819695963,2376.8485227901283,1167.8574501714904,913.502483678348,1603.579605913349,470.47410894953117,1004.7694917952274,1064.7181068091927,4428.899389624608,None
6412.093597617563,70.2030576862929,4894.145722650985,3809.1356313885553,5297.238944775904,1773.2532572816986,2233.4986569956504,1523.0360117559644,1902.2207520922125,2163.609774522752,1033.1659350638172,530.3282262137564,2859.1578524777183,839.4116804341116,1184.6735680588165,1166.712930718071,260.84943940201873,2421.282339451815,1262.2927010393598,3850.327687524969,2594.63145118401,1476.5224668941391,586.4090725717597,1024.3483871770154,237.0481607496506,204.59749626031558,686.1814673277206,3563.058465716337,6261.154314076213,1545.1756641615564,1875.2855056523235,5227.605158763114,312.31864674521165,1243.443118064228,148.52169349144629,558.4342956651057,440.6892904497781,870.8394863735258,2695.140878039595,3518.707456865943,2540.450658282716,1462.3411282140155,1648.2424204425754,895.2676501791409,2117.464081703568,2369.406765542586,2511.297113887359,5094.795919736459,2519.6265525907456,1337.1402856919947,1568.5949509453146,4088.694083515916,247.02389164509862,177.4703410027014,881.4180492994193,2426.0695049142482,537.6052258287764,923.6740607123387,893.7826622402522,3128.528396895285,1044.7329727357446,1660.2744421533894,1362.239393462321,7121.242079752578,4508.024838635194,3158.124881095389,3402.8281095718785,12907.16671896819,2257.6043934410322,4637.788544157658,2219.4579519132585,141.42895843386074,2438.1388971173833,1381.5413795229272,1209.194352075408,1518.2829741748694,713.9334910759799,172.3231265087849,3494.5770377142712,5160.61034691427,2297.656730371811,267.1113774041012,3022.9535565887104,3890.410434068186,181.92916323304212,2223.4660466748564,710.0074234786446,3467.8861338895476,1402.7584588348782,1792.1364888796006,61.22863081459134,5558.366872898258,1265.098704064702,5357.008640854459,711.6475491200287,2852.186274333021,2510.6197734765537,2653.9357552824954,274.7933293242033,516.7309085952505,3080.4264598427458,1252.248765794346,1700.4643765854212,3305.976831240983,1305.8365767275936,1524.7620783253394,916.6453303222203,591.4488742321746,219.77128593031938,1588.5055634649154,1409.737948110487,524.4755209600493,98.88910550495295,1399.4067941442636,3031.700124541915,7250.175880317906,2735.6470096294524,1298.0871823023742,665.3194038315003,2523.03511434108,2154.3912622290995,742.9775068610475,1106.0658182854058,213.27720067148059,6179.9745832328235,748.7256851179492,4345.260559422136,7130.513603458938,178.163724083257,3386.383074165561,925.819297942163,1563.054318346259,2525.014080240677,969.4160273974188,1580.739101995779,1249.1112070128374,264.13892513143435,180.8236669809607,3942.49067673155,2771.415668073588,1800.3688212696752,2678.1834094902724,795.3485906861657,940.3695067817937,757.9894397582198,1345.0129770290487,587.6738320068139,1053.7078850576183,1066.097227186778,4576.920946471148,None
2943.360469459489,86.9193948155363,4807.552769754202,3442.414649351342,5064.496253607101,1943.3239354922614,2101.0633534775047,1707.3702769067404,1635.8619949317185,2076.1269177627883,1357.9087958104194,657.926169672162,3095.3378012138173,876.0777925081481,1205.6077764516565,1120.4898113258012,257.02967137600217,2409.1681896261016,1203.058450193173,4448.336569452782,2529.3337274637365,1466.7997173474612,549.9639656859781,1422.014735639306,269.00401324835286,261.2302652948341,949.2436458946339,5953.880379509245,6096.701401472553,1559.5260646352456,1921.0397513178132,5177.6513468236435,293.517952447607,1323.390081589951,236.89917249713017,541.7067190320239,596.0043485684839,709.0294378992654,2238.5716532478214,3159.7965277624835,2232.018589135952,1489.682921022814,1432.1305951687646,992.6010734211596,2138.3586161677163,2447.9219137506457,2513.5059960292183,5555.720620688488,2440.965117010951,1329.4307449912426,1614.649288591707,3480.366008751489,244.1474672255722,129.05791003710007,780.1387760098389,2410.676851373573,646.4830377045645,917.0328165156717,871.0861232460139,3124.733521952704,2434.445924693019,1549.5265838260464,1464.1206729092166,10928.47886158657,4520.558424580212,3844.245458454494,3172.935626294532,7543.926883798849,2205.2504769519564,4448.005953735403,1973.6370201400734,319.27129572538416,2316.991477591911,1341.691661264004,1236.7383957853228,1485.0571050005844,708.681818446204,86.82358611377165,3608.268294451696,3879.5927908027797,2311.463410305513,177.80781112866777,2845.9968998611507,3798.895780556557,151.57848793003015,2140.228316500604,697.7186205923541,3569.2826488620885,2136.232945218039,1651.5329929045865,63.573424400244726,2431.4395488076584,1059.8568535538677,6043.585541083921,2240.660135382461,2675.898236788228,4865.624927997732,2561.4707413922224,149.99680097400827,494.75588126928864,2910.911756902801,1218.9076074555094,1732.5351927926154,3242.1943768173296,1341.743653014905,1359.0777570625698,695.6757667257514,623.5330225955336,207.29719966952416,2473.597034176237,952.258227099352,771.9154643106629,96.23769267252753,1293.7821922034182,6186.155026583429,5982.8062722509885,2874.5019832076073,1411.1619518252326,659.7151496519145,2590.021250160189,2041.259733772432,754.9951755428892,1049.565312559234,524.4556604747447,5849.697201479939,833.3605328019496,4366.576121718733,5684.355010057426,204.3752377151535,3335.624456306258,964.7274214162532,1500.3219760721215,2415.60721052412,1115.8487204011888,1594.5270597756594,1365.4812427563984,224.55779648448413,880.7759131906095,4211.978846310008,2565.415196383288,1731.6260128196488,2526.486745788349,632.5307573750936,991.8060132345172,423.4342644414288,1266.9500133734332,732.6148558899569,1218.353262571603,1143.899721422813,5283.075524408449,None
915.2850377717333,138.39479132972014,4819.348210900483,3295.825622906433,4935.306748877674,2046.6427477041789,1430.2414174485446,2140.678310655949,1562.5036165177976,2044.7773197748866,2575.7177643887394,743.2600857178456,2857.1291974462047,955.7988648185004,1121.9564195541316,1148.6100212976376,305.54095391114583,2515.773713008632,1351.3721645621065,3963.07510910697,2349.9854651895207,1456.3581705582403,484.08386793459005,1471.7112303842707,1215.440646970338,140.15045149243178,832.5424164904363,5502.9057470400185,6615.5719586704845,1633.4010600084507,2084.3750695497038,4630.510914609704,228.43136124451217,1320.147126123208,352.859749110518,523.7993575824204,681.094615199578,764.3798908111465,1905.4553540208428,3524.7205740467925,2162.0298621972247,1370.7987412651712,2418.8564115184963,1008.8975136031461,2275.198090998793,2463.5135815961394,2507.4851526651396,4987.614327652486,2474.798002676559,1309.1527809838021,1535.4018447806727,3459.034795163557,271.13789828987467,89.35045675555487,784.385378554773,2213.0086475274866,733.3644328168198,894.5092838342513,853.3636114317011,3136.167509691284,3200.5499816335723,2493.732568865992,1605.0425397712256,7414.052028489766,4555.532695276223,3594.806189964813,2691.9035755218065,5197.839551950166,2255.299858015071,4523.977112553965,1959.2412294894393,898.8330434927576,2234.915789952063,1371.528199720608,1257.9860131227838,1769.3133410441517,657.6458873407407,79.42144618282066,3225.107928993696,3563.1112704255684,3771.456945596257,109.37454975656316,2641.6373085634445,3694.485402486328,113.90657500722534,2140.4474651905302,676.0726419663238,3490.9359492283106,2708.953290301263,1765.6282758114103,44.31167414721696,515.9777155175474,991.8914452767424,5594.362288586222,6052.9282816474415,2405.244529841375,4277.349832505926,2424.032643114468,113.62520682314755,512.9328905903317,4047.1247211142177,1186.3044379612875,1806.7169791042802,3970.1372103939348,1271.5669068620934,1401.2668220777166,620.4823350525935,622.379870156371,190.22857486165816,834.9352505541721,774.4604776173247,675.0930469549621,96.45639929499694,1328.520587816557,6172.256971895203,4475.2295117273125,2620.661014145892,1530.035138957115,700.7722345847258,2724.503193204386,1933.7707967324093,688.9870687416603,1026.4587185530445,1601.5894143838193,5982.416763564743,887.4294737877652,4013.113340905401,5053.007613167813,246.71530764607638,2912.654295200908,984.1344671245165,1614.7876740996094,2381.71747805507,1328.7295795094224,1486.1154462471873,1347.6471671526022,212.1813303654204,561.6009299856121,5307.200197651964,2877.0210685409197,1662.7152012228582,2251.045685918737,729.3877121110286,990.6837193088513,267.9484982695045,1880.560301654212,593.9915166977779,1457.4663745243995,987.992058534681,6150.11467166781,None
840.9556566882022,280.83599569852765,5325.389901732877,3133.384315643313,4911.308132987883,1995.879689554054,1727.5834900886791,1995.4230067063172,1554.159872412796,2020.2004953016128,1653.5121247047737,777.6579887599173,2478.111925690223,1079.8877654009855,1021.7396043131315,1265.6813284705136,359.5056940795044,2685.036579111251,1575.9307285718162,4272.192742770048,2211.5270639545247,1525.914396101518,742.06983614284,1758.3039360349842,794.330507867137,94.9796316104453,703.1963217419939,4063.765366710255,6108.998584148865,1552.9392614470535,2213.7096629620846,4907.9217086353665,194.60337936743585,1339.6218861972059,437.04825837286177,499.2521791121572,1089.2396491476877,817.5034620434482,1806.071028011869,4407.734284989946,2352.621788218788,1200.378472464801,2136.792847391797,949.2807258508528,2396.4257364143186,2060.1682274779487,2413.228091803017,4682.943881158223,3166.0168558173737,1314.2086273797936,1822.5226803810654,3358.6013453650603,303.2914086274438,86.26869785093406,803.6552589354345,2149.149128989898,583.3708102659675,916.4893177916381,859.7096944354913,3105.2122992332093,1815.1039112853211,2054.234471759133,1483.9885726464593,5059.581770522842,4555.228752195515,3004.4872574712163,3212.585920751624,6106.536902454486,2237.5008673333405,7567.018377853866,1950.7218772920785,454.74267338352655,2308.227537614633,1386.724751552867,1301.7115270483791,1528.1584511887572,614.7387241726543,125.40904974019669,3467.1061019087842,3558.168119493188,3772.082596817627,477.7727525605906,2553.8862308898274,3529.0007646155736,92.91165704047684,2158.720976141653,656.3862032723868,3378.325835996251,2139.2772373154467,1654.0377113548225,77.00054809367704,288.03664741618746,947.0691457681964,5069.482550228624,7895.309313660968,2303.1367463923652,3191.97363963546,2283.26051925242,99.3605255628446,534.5049221563953,3512.174866582328,1182.8283064111802,1838.4142498064405,3738.6451284110603,1093.3077294278394,1517.1618206189726,671.9589940825002,704.6447699465152,180.20548928063116,219.0784297289421,778.415767888064,592.4725447730348,140.29504434026694,1367.3152531035307,3850.881035364541,4326.441607946429,2150.5687351410147,1548.5218673680674,742.5276346727036,2879.1473910695945,1901.5147884594855,631.2355595136545,1044.3675679631328,744.4061804788083,5909.1731095245505,974.2958786155341,4268.185410619566,4948.854724815888,137.27315771042612,2817.8538539260308,1023.3658257184073,1566.9574305875362,2385.9738358995824,1296.8871394881353,1421.6338548690264,1105.1450290096052,214.595141333085,287.53925260242767,5186.57561781209,2470.24398868957,1599.1375465473739,2133.978659624432,803.6625382866098,1504.455445972368,258.6293298983178,2522.09861073238,1001.7323962480932,1707.461082941027,883.5691558652343,5040.804365340306,None
2015.3462026126253,448.89914526070214,5857.930004456114,2966.9962896257102,4843.415282768312,2105.8994313911167,2093.9990475844643,1712.4804288545047,1707.5720626162265,2069.596153256786,1307.1252432898484,681.7563156241408,2332.549369539249,917.9305758020314,986.0177994207097,1356.6169138452053,413.4344123060511,2894.4723968895873,1257.118172796998,5141.5128903072555,2498.7420274648416,1543.6961329067385,1854.6344410391946,1846.80757659017,180.8630018875054,103.45490541159805,667.640750042191,3701.5982988532182,5134.679242906192,1516.080857732527,2351.040711199291,5513.24602393605,227.31553959503188,1618.65195443952,461.71002101953474,492.59807596370916,792.332763503013,887.2079701230765,1716.5302240237552,4832.428804432641,3143.597876347208,1167.4242948179049,1645.6411985008701,897.946466063403,2465.7590616684492,1736.601801949909,2326.4063223566745,4690.269636017796,3499.162735986439,1326.436676794738,3008.1686729612397,3928.19279616394,318.833738835004,108.64377994859436,771.8125066651462,2517.1045007982307,345.426601698071,900.0584020988472,1431.2518772807355,3040.200790217863,1390.7348340157446,1829.4854028975155,1373.3926129580975,4783.1479016901785,4536.426530642956,2982.904532133553,3171.4901327084344,5730.242650438331,2105.181887686081,10597.003808586422,1958.0106240281134,240.42294797943737,2456.0532343382088,1252.2122714018064,1402.5582122064359,1402.7562302127915,580.8290904668835,143.12698868473382,5417.137861691096,3454.404193802093,2833.4551896615844,1243.180835139574,2578.181824242565,3407.117282902193,97.61031948913313,2140.9475164156547,644.8063465620148,3448.7625584640186,1826.787406794823,1605.3698197237354,230.90560784433941,306.28995476576364,910.4153031939777,4685.439542909075,2988.4303166057757,2225.1229377722466,3021.1933879832977,2165.4954177855993,68.31843097984337,835.7359418596865,2878.5885963374444,1194.3711321249186,1770.123867811819,3249.175999132669,928.5282437464087,1477.2583196529904,872.8863536408037,685.0933019479917,184.0904933553127,337.81539396341077,787.8433602019412,777.5206776312642,200.9360560967989,1679.2717892118078,3308.585869814485,4202.809520486424,1976.1317199361608,1445.0433499625806,727.6629391164598,3069.9566267197765,1898.7936898485762,608.3347424354739,1075.766671911579,283.97814718149067,5675.152477406257,1132.9768429313767,4258.775075275263,4874.0739254180435,98.48376731723788,2776.4327918669014,1114.2951365530118,1454.621482576341,2289.605513969693,1185.9487826308534,1454.3550927742126,1516.5709458437036,262.916788648981,1857.486368932169,4329.402858437719,2198.4321769756093,1482.742139041894,2028.2881236078567,806.2137922360128,2671.630437354443,287.19752168969944,2607.607877239859,695.6762178716822,1876.704059586761,898.6926201140352,4177.053082545077,None
3002.2977420799725,1150.8560722841553,5390.676509281762,2833.198010624831,4661.123151069406,2147.674300666199,1776.7592996451044,1655.7599105400125,2109.6915507120857,2124.5221317186065,1450.878794192622,618.1271337232457,2203.5508972931207,858.088871380642,996.7609538216203,1413.018294594374,473.5840647880007,3001.119983438555,1105.4413406427277,5229.024847488592,2312.301959319669,1528.7574098556245,1368.7374434810067,1846.884514930119,123.10893819031764,96.99062348072788,692.6154067755635,3575.1569396684363,4771.164911322955,1573.0368544966382,2353.481036842701,4784.087564746917,310.05686325950944,1389.0513084263534,455.4396101822728,548.0987397073117,413.1771567930006,909.5374171101728,1653.0297624671375,5008.180123753306,3272.9605804966404,1135.130198787676,1756.0417702477084,822.0391153189863,2391.868855438289,1755.6119027233622,2258.785863882129,4188.285078575518,3318.2487190171637,1331.573763661727,3542.545579669412,3463.218797000507,348.0609025570024,117.82491484662071,761.2729506706572,3456.9333341987794,304.3733832341188,860.0435066153615,1404.185531600589,2977.253437260037,1487.7571671919106,1951.7951294682682,1436.6228275513015,4694.69546275811,4263.829039587959,3072.1765213231074,2820.097767859766,5196.829470232848,1980.0989941023965,8751.730264750518,1966.2935693167367,201.52984041016816,2570.3861499798345,1173.1177032650007,1554.9144538759595,1451.3789837986535,548.259986637123,680.4953703737457,5109.363279727282,3467.4859414233924,2624.4096783570185,865.1108609323592,2570.217139429771,3408.2725947696485,103.98538879259537,2243.267535533294,666.7686925948409,3441.310684655073,1965.9027775284867,1633.6483844032468,191.35909379085788,308.1440310924181,865.6308973636937,4464.675163393499,1099.7131467605388,2119.411372939497,2995.064303069728,2054.7199538068803,70.29787805622807,1540.71748832944,2795.574928083134,1198.2617556907578,1641.2993201917502,3177.525356850734,898.0933590848105,1276.1991762300156,1135.5694079506854,643.4016617985832,163.98567253390885,498.29346223739225,1129.1516600090874,1899.0038574191744,210.60871526995138,1680.7161772179043,3305.7389351858196,4076.2425337815666,1896.086184847382,1415.921319011738,747.5741562031137,2962.6593975004,1902.1885327494367,661.1349117185385,1004.7421530682906,238.07259256691975,5388.411308984394,1302.4619373712774,3875.6768814064217,4844.47084546563,161.10044827067182,2635.8793916653794,1277.8841468858755,1616.0305484819307,2037.895807183363,1294.4463911704604,1450.7032670112167,2534.108032655907,378.791251020666,3008.768908677783,4081.815211639004,2191.849750530456,1902.8133074051248,2074.786560682191,811.6436660654207,2333.539537300278,331.23852766924773,2695.986681904209,470.46804100078725,2013.5993854032604,906.2401471973303,4034.740736938949,None
1840.2834020948005,1747.1162596977588,4784.529675908254,2783.891206167937,4138.165930774568,1971.5976770361729,1677.9789318272353,1654.6107359287705,2111.331077437036,2021.084487434153,1576.5668195637243,566.1557909984898,2101.6097172767927,970.6879898646333,1040.1553308012733,1394.5611241049137,503.40423787453216,3375.190178362664,2452.423582253737,5170.169269868231,2071.1176758541374,1551.958968162844,415.3569248494992,2135.74956115656,263.8411172084652,98.7659059561273,646.1514925608104,3425.825900526984,5710.926316637725,1549.9543449273306,2070.2292101706453,4572.844238540191,400.4105524383271,1096.3902280718542,458.71347886041735,660.4617190871633,299.65259623050264,1022.1009047156973,1671.1346997464702,4252.447050136568,2821.401706597816,1133.5178538373225,2105.414424970864,798.7877204982898,2553.358276148186,2459.9211127860503,4040.226692242788,3841.4858457292103,2915.936144145029,1540.7406869689512,3265.3558652719585,3091.933891750581,401.29413222466985,375.10173333941765,779.0196522633755,3387.1179573196027,330.25736215837605,861.9451780749083,1292.5156483325134,3026.8686029334413,1550.4605745432584,2129.853284386153,1498.540677274248,4539.542327036839,4074.489035819196,3133.8449180121747,2727.970634048173,5200.621915276321,2238.1464442038628,5979.315230686065,2003.8797099765884,216.971451707043,2493.0641390145965,1206.3663277759654,1516.5386029326874,1595.6713725970214,545.1844552127642,458.302379849085,4377.768138481406,3528.796934483528,4037.8382492102137,464.12860112680687,2447.2934633648433,3514.500787218469,106.99959411887235,1969.5347841238158,721.7443187138983,3884.192650413975,2109.105249851095,1748.385018169448,114.03310855799343,326.10040213922014,825.5065452724882,4309.955757035618,1628.6647652734991,2010.3088562846624,3115.280629295933,2035.9943349853602,108.96905784140871,2322.113615823723,2746.201389551711,1249.2876101317586,1543.0753808648542,3171.0281331525066,1312.7331408047087,1140.6157691732828,1418.7244764825607,635.5726259838326,168.3471699039701,633.2138840520644,904.6133114668739,1558.6583118563112,108.81390987539986,1875.9090482534814,3230.876878229717,4214.554794241272,1814.1673858363324,1555.156902439786,691.2750012294237,2586.786227066196,1884.7186853901435,915.3459859287793,1025.2169572554758,274.31510903266485,6183.861199015835,1432.8371645851807,3744.735076058488,4707.096813919166,100.20447257548186,2500.248228351818,1519.1618651749966,1479.5092348534604,1819.2897028368106,1292.177470265089,2193.0580998411856,1616.745817907562,382.38132042450036,1316.9158355406305,4006.674008206413,2254.1560701897,1286.3191853235235,2278.0160882208365,835.6184310742295,1891.681550012177,346.27869108493013,2307.032485877066,481.31601602737817,2004.3140174356847,925.335475957144,3934.574499892247,None
1432.894648383358,1248.0968218019345,4574.6085341933285,2776.9421768101893,3794.808010015291,1909.3713211885959,1765.7644144428675,1646.0753062048016,1821.9206622368606,2266.182794946993,1637.7800611485534,525.6238713492176,2360.248498061847,1107.407394649591,1087.029504942648,1346.611162211384,355.56297226005074,3290.317189312844,2216.070525139553,4650.633643255904,1985.6479579658967,1555.2991512032486,246.8307524476056,2334.567902105442,204.56807481269504,132.20146453677586,615.4691953535499,3257.0426919590373,8065.083911929777,1500.8312679909839,1811.290912465553,4598.368230312689,476.2071672810492,1115.4909067580372,424.12971432916095,788.8531851076822,324.9205467546318,1330.1748289646514,1568.5336838136514,3812.652801475733,2785.178115051417,1166.9822717898426,1818.5548318293888,878.2861286224619,3299.9769326380847,2067.981572644788,5432.199386594052,3721.813505074778,2788.228760909887,1575.6588300134372,3175.3398168620793,2986.1602168596114,460.0565323821628,502.6413377305705,804.2815772618231,3128.616322493864,473.7732512755825,885.5152747836254,1428.80138268663,3184.7864034932204,1504.029654305039,2296.257294594844,1489.64705040874,4336.1089124869,4187.83658621073,3085.61368588295,2796.5698062197857,5205.522764303393,2013.8281477804694,5959.9144495541805,1977.7682508084704,247.81538382765382,2609.119081918185,1317.932560900292,2423.7279387953627,1779.7838386406718,529.479850685319,128.48311325833726,4233.011037723208,3379.654286713988,4946.3289987913,320.0779038185535,2504.863565233344,3645.8695377008116,93.88168730322741,1875.0285740952809,826.3524728747079,5515.388816671014,2217.6038603668135,1840.0270314163545,122.18328779452007,665.4298325243241,870.0213699910032,4157.80715676564,2269.655456068483,1903.897366841382,3358.9629648095092,2126.930359204879,150.31252737876247,2523.731615519753,2644.539191902625,1352.1132003717726,1466.4274394517295,3202.3186618979266,992.6341257312052,1141.6928577624792,1634.3843825905678,787.9028692852437,107.97059033404499,669.8263328692176,807.4688820774063,1011.8969188058098,78.80155858172053,1577.7546094153167,3485.97598139937,5738.420313756236,1827.4883535464307,1709.618541196625,1271.2865248854562,2538.381016072807,1900.150100498813,1837.5932147209155,994.3516514035167,443.92416909380364,7144.209829243376,1681.7477273789048,4243.785035247771,4460.456682484998,82.34775031238651,2384.301109588672,1635.1612561979434,1448.5804973784136,1706.528171535346,1358.3954863703852,2566.017793931258,1199.0372967840426,315.93454697590215,701.1484680004774,3925.171540408632,2231.904159213205,994.1470528591395,2168.6354115601207,954.9732799075224,1715.9948331678727,310.34439559409293,2107.8683734695683,509.376717533472,2654.061529139293,1024.6684326526995,3755.7261570479504,None
1473.385014062696,546.8147292338202,4388.416177498304,2812.1985623197634,3750.530435333676,2070.217309430153,1703.3117300190536,1621.5817727220779,2066.811997630692,2714.5116488079348,1690.9276345366916,511.91118675564064,2161.058401795396,1265.8806161769471,1079.8009670759322,1328.7924287880335,275.09170271978456,3683.319077846928,2090.278120708072,4453.229409280514,1922.7649669158045,1492.6639449042502,638.3960129062716,2183.9241831140494,171.28697195356423,167.60163675252306,598.1249167312022,3083.5597574033523,6841.374354717885,1403.5298158956743,1785.0750619911391,4540.290449416311,623.5567884178319,1318.8247580436625,701.9896725960061,929.2872601428551,409.411782578706,1924.0563627825027,1520.3893763349347,3764.826088749541,2719.958487390625,1185.0500556681736,1706.6389784728208,741.5497914021263,6531.059320319524,2229.9432525020384,4014.336468432543,3332.427641424493,2824.196969760864,1470.8915081608914,3216.691679347087,2894.7282511131793,475.8202253531701,276.2679765950016,825.8681763159743,2857.73837052632,648.9631401648886,921.7727317846958,1959.6879636766253,3488.982184768403,1400.0134130061158,2659.6273161961994,1322.9630348821765,4277.7836098071675,4516.2310637997225,2922.7801417175483,2833.311876850124,5183.307026311249,1962.9892366305012,6536.0470111520435,2624.623175164544,173.2461749466917,2573.277836666205,1420.854074062707,2096.0821242230854,1976.321763833686,528.3209265762298,123.13643563196102,4150.5288484776975,3126.710547464061,3692.846436344432,1168.6806828085394,2629.2730673492247,3653.721378183496,82.99258775206573,1935.746066701116,1000.0631497286713,5228.152280476013,2282.098897499305,1843.428583215721,155.26893223107675,1171.1376016047334,888.9885281880001,3948.835474458903,1745.0521536284307,1806.6887833385206,4764.210608909212,2235.222166398814,168.35079604192464,1599.2788415656528,2520.858656577208,1524.7496443142231,1444.9636442252315,3164.239195750533,806.0340007498013,1141.1082171307496,1661.984745162988,1140.0660638120735,113.3010023507708,515.6860539138772,849.4469363452388,975.6915328822057,79.13825714418928,1442.593032311875,4801.362437739172,5521.056550037231,2017.3735419904833,1785.655688445668,2747.4618551765147,2790.8164228488013,1919.2781618394185,1757.8444243575598,937.1896267910963,422.87202171802164,6476.922446352288,1774.2409721564645,3839.9197243834947,4298.417663062527,345.43185351338957,2266.4493893230983,1471.3261867416684,1604.3968762379966,1655.8242371745005,1371.4865540327255,2312.4626494744816,1307.3062071057825,571.6069873910183,783.2379638985765,3900.5585009652114,2267.4370106188017,936.0169155125584,1784.3956984193612,1146.1493434725485,1680.8398509561805,464.26401462924827,2121.2017391597406,1739.355360221262,4601.1652620456425,877.8401627997092,3613.2852078195947,None
1879.6773495773891,204.62385285333042,4167.984150099102,2841.0867161795477,4386.016893524939,2112.6773086838903,1714.244831736491,1542.6740566450062,2199.3388067915994,3169.982522313081,1722.685120444682,520.2953897158654,2773.1445111887397,1302.676533973898,1147.2154028999264,1941.4228150185559,353.00044033590797,3701.823380700191,1749.8786872142457,4200.102489258559,1826.3877686604133,1898.3581013785272,521.2006282595967,2188.7346138479934,231.2572580802189,175.8153243612413,578.226208446383,2914.0918660556163,5222.085945545825,1303.1778161870948,1656.4874813486751,4493.627527242825,471.7075369425737,1510.1210024149066,536.0265262991069,878.4313689086076,593.9448326615893,2384.5819478135427,1484.5682132722256,3776.5883370556407,2631.604828242777,1273.0524626810886,1769.9276451881217,669.1533672080892,8194.942448514996,2557.0211489842845,3777.6036434792686,3110.3206053498498,2695.1346595271084,1511.6283646281968,2973.67929054949,2787.5582057714605,499.83252555464236,180.72112554893062,779.5865649585375,2951.062976265164,726.3726369045497,988.683290764058,3650.6461455941203,2688.2346543392,1359.5397248067354,2419.848042860564,1164.2004395960296,4225.899320411459,4566.509646495619,2819.185741503997,2908.5788497768413,5255.417760237088,2093.8083118592644,5520.651360493892,4822.910283829382,146.8310124457679,2760.55075741788,1530.1376812242904,1562.787188783176,2101.481363169785,540.3716808085874,150.36292480877302,4024.9796048937455,2931.173502901178,3200.307154227757,1382.4321192416658,2755.616877458092,3792.5332809825486,76.13823309132027,1818.8093388455088,1130.6798614596,3385.903378431696,2420.5735014947045,1924.829879390541,163.34967524781774,717.9013726187054,798.0877592660797,3781.708504778789,1413.7345734490752,2182.495570307889,4415.2613580706075,2384.625856792226,181.36958039970463,1256.5890415529484,2405.2888947839424,1589.3120750526496,2046.4463469943207,3601.1410241981353,907.401099168105,1069.396728551772,1631.2027191178538,1167.1494844431406,148.45527703508702,308.11302233939193,950.7030696124964,1029.9710692949257,116.29264455613189,1442.2306469911605,5122.336429783875,4790.298768437181,2235.1968286058413,1848.2217419302508,2079.985038798233,3178.7451994806047,2671.324022619388,1071.7784683197838,1104.6003149463088,448.068279878982,5575.472943399058,1227.730566467029,4010.588606836404,4169.745723881508,1485.1594958666174,2166.9762978319986,1378.1066284561136,1808.6675233614571,1723.7727130753558,1392.6170269004074,3390.9586866223,1248.255093661965,541.2388713826371,916.4095403686767,3509.73715127764,2474.518647271269,935.873058350094,1650.6233947581188,1333.7311830014094,1648.9660952488255,798.095059888435,2079.031306060071,2288.176226684446,4997.365089791088,944.9204950804967,3504.744887297391,None
1833.734339356275,192.6345907566122,3950.779984023908,2744.4398161859885,4441.946880949141,2084.568364065125,1814.4531793043625,1494.3865344343217,2153.7986645521037,2688.083485017435,1728.7784524900385,583.7819807713598,3914.0178064867464,1414.7814003869073,1318.7399191193444,1838.1399645216406,358.7187737904662,2987.3768974954223,1707.809163283463,3944.9835077683647,1736.7644659598404,1594.3038852271395,585.6836356380835,2310.6147600875524,318.2800269257912,243.14941301099938,839.3599841195028,2857.114268018202,4992.2821141585,1328.6900709154995,1558.7052572650864,4572.632922574389,454.3252834739879,1565.7623077666321,510.11790746084455,753.6876657773862,857.512424242589,2012.3584393717786,1478.0359714739004,3563.346003152429,2585.881847107949,1443.2389340087275,1848.0630879565574,769.395798937548,5421.6986313692605,1968.33308141518,3813.8585799803272,3029.698031491777,2854.225466924806,1576.0059130086954,3034.545106289852,2630.086416977719,436.2135345189549,196.8406157366576,778.838592504633,2769.8296980974333,673.6726546042843,1070.699888641219,3047.3602824240643,2477.370103420669,1300.724304297147,1947.4040933693168,1232.5146774524092,4060.2596838855843,4392.655580416146,3121.4423924734742,3019.5853992177613,5186.564110098189,2525.234679219405,4959.087009951556,6325.280116542913,182.57490402368092,2764.700774000909,1353.629205082156,1570.396925518323,2090.08445450233,903.053903802088,164.89339940863874,3948.452883244646,2734.858140864892,3186.9287119224555,864.4830299106094,3488.575445406879,4067.1424522890084,633.0197977518241,1813.5606972007638,1355.601984982462,2951.8385731315,2501.504025034401,2133.7127257374477,139.2138032420815,673.3028115747163,737.794894441818,3601.190565020104,1465.9760459015354,3327.3778356469315,3784.822979616141,2629.8348663388397,190.16580266214737,1272.2118563035513,2302.2960044999013,1449.388365190528,3227.6292848966555,4205.282836870752,1154.841428830135,1005.5578335065993,1508.8130157411588,836.5433464608242,191.66206147530826,157.54972404902813,1142.2994919388068,1048.7620348658554,132.42989370998936,1391.7576815244715,3975.1150812803444,4549.099616568574,2277.198656623009,1605.0759722931793,1317.8678921770716,3537.1873709144124,3070.253201720641,1477.6386293589474,2834.980933573869,502.4927944348377,5323.949113538536,865.8395206533943,3931.1894652953943,4077.279553215618,2990.6525822562185,2140.1440799105108,1459.875822411546,1769.8577426234165,1856.5142807088168,1423.059018923963,4146.0060817906015,1227.4686068414053,295.0819021637727,1171.3712334165766,3211.1514375394395,2703.391334579648,1005.6436045592801,1615.7794207477875,1570.8503238051715,2456.654450216718,978.579243939776,1969.0679606097372,1569.0214851578705,3461.224707337774,860.4625150200826,3411.5611643185553,None
1886.4573512480606,316.09651219596964,3782.314903304763,2629.417400524981,4418.316337448921,2185.446856069002,2040.3233465387787,1501.1786378915704,2013.215062129696,2618.1334174711387,2047.2658512151486,715.7389571061865,3595.070824525745,1644.6977217456283,2047.1982276802744,1327.09119273362,314.2829280535393,3810.488163300849,1851.4887704337334,3782.2752901234694,1663.5851263496993,1445.1863569968768,314.14312086182485,2421.683042894213,334.13976915924667,380.5075915236952,2255.107612463074,2823.269660067307,5039.954520513656,1224.3261920178038,1656.0886700876974,4810.091495273788,550.1767275527327,1634.7424990446245,565.5254344834418,821.0628592623033,1049.342452647861,1531.5549026414071,1967.1074363190467,3339.1493175800597,2572.984420538563,1586.1911013140827,1921.606392774589,1047.240160966758,3985.9004952193827,1768.9708910885836,3810.645745355625,2868.2955205524268,2555.3942503488543,1550.6300187281922,3184.731152263315,2527.092478483558,269.83602992465427,169.83026746192596,726.0585190458203,2734.100959556921,557.9354710100279,1070.1594124139297,2944.6565411365877,2607.827642318387,1217.7930667243354,1861.577028041633,1871.5164851404536,3647.086822690078,4618.30134869976,2674.3224718595206,3135.169871043095,5802.0891357079045,2653.319464820021,6153.79315097295,5420.162525903159,220.34669773679826,2819.601484094969,1528.415737325527,1479.752646919512,2093.614873804137,670.7358414747188,318.64267026765134,3923.318941747853,2611.7477903167073,3060.0343620107237,421.3501453254463,3627.847092560144,4758.595671547255,650.8462916831297,1837.7844442711216,1733.0092850889396,2976.8601090683064,2271.6393850301192,2099.178756738717,108.29394466912302,876.6588030661757,722.2439342085187,3297.640559412762,1491.823696638994,2525.079651348999,3526.3253970369187,2929.542558520189,194.44957372189492,1366.4913601332782,2282.0460534008994,1697.1510520940762,2846.872969965654,3395.316372669878,1379.960578274925,1033.6334948633753,1544.316923902373,803.452157060656,231.75037828914185,115.09700068859829,1447.7082271929855,1045.964754079243,158.40950066605532,1544.569043751149,3719.199436374724,4340.619771017154,2148.5503010594266,1277.4910003238094,1306.6252157350025,3907.5240707002663,2284.904801604359,1311.3639323097937,3533.6031367183614,560.867072593754,5392.531461802221,957.4806686280963,3570.295823376934,3615.93484117181,2265.7065618017714,2058.7152387519927,1462.9117451571312,1662.1007448024218,1893.6500382158465,1446.5259779813593,4378.047714132271,1353.028013493567,229.9932613912423,1475.9355020568566,3190.325962656601,2841.5361118411065,1156.7650565055776,1607.8784058156748,1897.3967262123529,2148.3706104145026,1221.4163439036074,1892.5237054306626,1273.8791814167305,2398.2511342884327,808.9829391531366,3451.4874685215404,None
3979.157502615918,498.4393305144094,3737.36298481344,2640.761787548661,4620.787426809339,2399.080406654657,2348.874057133204,1545.4747839999081,2029.7084597808434,2815.907315582123,2919.1510422525416,898.1891214440708,3050.9899896102656,1798.2576726485709,4734.0730255234885,1191.7355037817745,471.1870919608345,3917.261571709325,1989.8649589862725,3689.980433782812,1724.1081184111795,1563.6711933571219,166.4111888488924,2535.921552325225,513.2392782262193,565.0276088942078,2073.9262484826872,2543.012225511571,5129.601353455633,1161.3388639891996,1461.5576542259546,5181.9029658247055,698.2644914493582,1742.0339310432144,360.3115903959243,1020.8706107680754,1270.3668001182896,1434.5194332899844,1924.8008260721826,3161.179066854303,2589.391761727403,1710.7225571636518,1963.8016957793,1845.2191008848351,3934.875768719815,2450.8663480025193,3915.867540762994,2722.740839033736,2354.0886163801088,1389.2035369532248,3237.665896149975,2501.803773158222,235.1388341636506,140.77123376554692,685.5481337272997,2585.951730478758,435.087371829922,1026.8496809758942,3708.707945040971,3010.9870825621992,1195.248564134305,1997.4048434458637,2768.545095352208,3302.899588348609,4917.056818643476,2329.3473314130233,2836.256374205952,5458.459054019081,2733.2983247436805,5527.384455664045,6251.271110545323,248.99703997448543,4790.295115396115,2188.559046234432,1440.9767447898066,2097.7061577030663,591.0602286389011,194.9945749781859,3661.004877547121,2533.129261026332,2896.555773172323,298.2544050039632,3125.543071407929,6287.584883933956,309.021937380852,1790.9865357076114,1624.857994135879,3062.780401684595,2181.584916545482,1999.7941675093061,83.68708649062378,860.8915296324883,1894.3676502651829,3147.006652748572,1439.4464423299944,2091.618779643452,3744.796794614952,2955.04768846455,164.37589192949662,1514.3892450508802,2423.919117084365,1556.6161934649977,2033.8060200283476,3027.8435027448436,1513.731728271529,1073.4888402257836,1786.4022068424656,994.2080464049317,235.23790630636998,116.826581304515,1663.6981492065647,1060.8957979876095,169.0089117181891,2546.383720913216,3623.737072973687,4197.11074835748,2258.2041757519673,1153.827455209413,1347.574350294379,4297.909393078474,1880.8966866693854,1102.5932208955378,3254.0174300892854,752.6090148027566,5612.067589569378,1104.1944639703543,3380.465432074593,3562.2337538060137,579.8203696628535,2022.1108435541885,1190.181549803184,1547.6365862852006,1816.2118524824618,1606.3876003648272,3639.0689336979076,1543.5911676220715,264.68340502386377,1619.2608163008124,3398.7852138402227,2716.6590315852754,1386.0914165602148,1697.6393944473173,2190.786871229619,1826.9302042098413,762.1967433897769,1799.3704055097064,1160.3090788385616,2219.87099669649,819.3326121139693,3607.1317888285466,None
4082.9486331320363,632.5533290221757,3379.009946168717,2699.155959671024,3633.7203786881328,2570.1664837315698,2619.470689179001,1498.257152132907,2312.674992260631,2688.126632844137,2405.076723864072,1118.3690692531793,3117.87601260896,2241.744105868794,5400.360165435146,1178.9768553227307,810.0699364584344,4457.3805731555485,2052.195577224788,3368.0196302853246,1599.6084509797986,1603.6971123139303,170.42111316165906,2582.101774826061,1101.6378397042477,751.5660516011151,1270.9556986114587,2339.9886777876595,5265.129646280172,1232.1245613467775,1334.0562688154776,5437.6481074607145,531.6325593669349,1725.2241761823786,176.63301518577703,1476.0636084999155,1483.107216278105,1422.6069015108378,1562.9043204933034,2971.008402237304,3068.31972294662,1841.828920622356,1922.7763693345096,1924.050130923989,4061.511531394363,3014.8686447744094,3846.805228005661,2649.0556624528936,2331.2258719358224,1302.9185352138838,3085.427043827264,2512.7003633657237,277.1842716358337,142.19810369608888,723.5493118071829,2487.19613351403,397.02469206322127,1074.6354611464549,3101.935321948496,2782.114712584408,1492.3475189854335,2110.2681202429817,1989.5877066333053,3079.628837276537,5075.293188261064,2321.000317105739,2754.0339577381706,4731.742753879498,3771.2737370855652,4805.475107585178,5670.606572635373,328.6688398278044,10404.79653097088,2100.6450620141877,1481.8916175369532,1974.6117949471775,705.9337081344078,118.76314569287855,3346.027245183385,2510.288915933678,2679.2195792163666,317.90623290407984,2675.291239699476,4460.014291712017,166.2898803093528,1687.6323782472305,1549.0552478719994,3191.84765751316,2204.1475533542366,2037.5834964171704,66.73536413052132,867.6150646596367,1889.8643465874013,3084.350160970192,1396.677334006226,2166.737312490867,4126.9790479703115,2870.8932645918107,133.57724907406907,1712.4158695403296,2511.745808886713,1301.420713882131,1954.0877273699045,3222.2535691747216,1442.9865114872061,1105.0958054320097,1998.3144028864426,1134.960318661068,819.5044095043645,191.02471727771982,1476.550166270679,1027.163082672075,89.04188896437195,3967.9562659100666,3451.894710426262,4098.464299160943,2634.881337426821,1159.026857590448,1346.4235070387192,4751.618432132331,1924.7260759753367,1176.1812686862652,3728.122667877286,1053.9119463174159,5657.045593461628,2064.9696553614126,3256.50505699356,3166.882767321193,553.5630248278262,1930.625673013676,1079.9803793612712,1334.413548436414,1578.0207987839105,1284.5228387959705,3251.078996272689,1593.809960694923,225.87448500004086,1400.9273060056266,3684.018807332284,2841.278469772729,1388.2736485410626,2172.4369888432016,2153.3676915993938,1830.9153560421607,549.2097545972721,1648.499858485807,1123.9992088491535,2160.544076172748,1002.1370374321583,3614.0054454607452,None
3233.953258030571,696.4066944479512,3066.718664013248,2665.128356055622,3485.338988960114,2409.010868400661,3218.669427376437,1543.9077228488088,2459.294848013836,2691.0170025214834,1962.5852166944198,1167.0035814759938,3107.3154948477845,1775.6985429279102,3168.614130569625,1266.1311753209982,605.0019589289387,4439.403447015833,2093.530202655415,3053.8769004286714,1456.2778521325172,1506.2127933196246,166.34024358124782,2515.288124280159,574.3994963724844,924.0314244864377,1179.9227156904124,2701.2856953528667,5133.049070599543,1192.8123404124312,1321.1014179731326,5781.271858445583,571.0095640710383,1487.394214217115,224.83525249161892,1550.6514438146833,1478.1568539038046,1389.658058420531,1619.8676393799906,2818.2231630909155,5301.12475217046,1734.2584536342026,1969.5513993427585,1158.284018001901,4306.817094037707,2792.7281038439824,3762.9743870210323,2451.1029579554825,2295.773687516633,1341.6855837726844,2973.092739155765,2485.3948217580382,406.8811197960154,152.99367291741342,786.9221733738583,2507.874445853585,470.82568851353477,1043.4238759247175,2871.544489654948,2608.5395407768765,1841.2072302590173,2040.6409832566092,1521.0733754602245,2951.1976524627885,5073.727426523689,2348.033276533956,2522.11921590609,4467.504201061148,3329.5140079836024,4747.728597132841,4563.27272660417,386.6903219102169,13142.208859244449,1741.5580700590704,1498.2786815642914,1931.4240543013473,802.4299050883536,135.04312115227992,3204.129450179108,2512.569345888367,2488.118090838558,382.07508980077836,2646.427952461479,3328.25635490716,174.860039429196,1683.8029410289405,1486.464975653162,3322.6305154800184,2188.1709401220583,1956.9842041989716,62.47277297041672,1021.7037315707668,1427.5086624570058,3136.796845561986,1421.7279058710578,2785.287727112936,4211.484081384922,3187.443673348666,72.35778336831551,1952.1732355352842,2581.2176124404946,1201.2059242537534,2045.2824206882772,3160.9583222412675,1133.8650047444173,1248.4373500940496,2189.9941751162855,1174.3425089234815,651.6468789407223,325.19181096828913,1207.4072672787074,994.9883770945956,68.84312012889734,3414.782388159421,3236.7256242919234,4050.566238120829,2590.162195324581,1324.7865725376664,1585.8286195397652,5315.232507198142,2201.4061265664122,1072.8770623211078,3012.367286585021,1405.6362410922875,6113.495910472034,1518.8514189023165,3101.938143064042,2818.5929029208874,2326.2637377261244,1875.7915281594671,1168.7480250253907,1222.941838021294,1394.5919470309198,1135.969207160253,3263.1533819646165,1492.592363523255,217.20796147530888,949.9432488919928,3999.357451017575,3510.141174838001,2528.708870544301,1928.1911998401397,1784.753401706285,1772.0105624992138,583.3623032579687,1619.4544662668213,3243.23017729098,2166.1795844173635,1423.705180258637,3587.801651657854,None
3135.470019238205,824.7639823567343,2927.0872734926897,3430.8585411353906,4568.8993799118,2151.1261148347558,2907.080412823861,1722.6676824144315,2292.842590665987,2623.8234598642607,2018.6759988647439,1090.4640513626714,3058.877342064411,1256.8408545545724,2141.231720076998,1281.1323078991074,458.77021231660166,3888.018466680371,2214.6427097874544,2840.4468528947805,1447.142664004151,1524.678832507794,154.00444912030468,2416.287215851989,228.40431221643752,1013.3929573049164,1687.5943332889403,2469.6961481834837,4946.331839519342,1225.6691167273025,1396.0596260839395,5952.9305605240625,451.91141699150216,1093.026946613408,353.38892510177027,1070.8230052778454,1427.4276532669744,1340.3696223878258,1971.5108707181091,2720.8222254302805,7337.798753377673,1506.0766001954078,1871.9188182184093,1093.9941136794837,4453.234978233617,2583.269115891464,4113.065166426819,2388.205763268144,2259.2527776520787,1399.3251074684174,2833.894981518007,2461.4826305992387,413.09898017472216,124.2199549107233,847.1996899947587,2518.397311815905,550.8459541794612,1117.5312183133397,2763.576971014087,2510.9767666412913,2303.243999555099,2068.76989413439,1554.6272788652655,2879.713044692488,5027.283497109994,2418.223269530008,2499.0848011182447,4507.736220704561,2930.8595019455593,4744.811907876764,4732.007575082607,329.83270887857736,10149.981130990156,2101.536366606464,1561.4384804535696,1998.0822490098544,1022.744296774565,217.66734582226377,3085.0834192628517,2699.760934845379,2400.0235394606643,459.72525477490143,2845.574241011156,4593.309744537041,257.4394349104408,1834.0939021232148,1030.996324044051,3410.893907555466,2030.3052956485287,2633.725460711931,60.26724481413739,1226.0661466718116,1408.2551349232147,3314.0409330455877,1540.894577565809,3070.096168400346,3889.852398939015,3710.0908599146787,60.638366513773114,2128.68876845078,2792.9245150613788,1159.2995011178289,2032.6213371153287,3170.1979000402307,4451.385899540225,1470.9909344075982,2293.013074293056,1073.4325088335456,258.98951990106707,495.31063490632727,1270.2433829000834,990.5633196634593,254.0683114407688,2758.493163596526,3152.669215079519,3994.5975644120226,2287.2742737787426,1418.3368711855628,4807.084664248378,5797.458186417494,2260.009297103158,979.0753810885753,2708.8550057082643,1903.8429887689688,5180.871399285129,930.1003289309207,2970.6990570142934,2744.9678460607074,2598.2497666369627,1835.1692533190806,1362.6794608214445,1483.7822867501388,1353.0826279987587,1123.9736274528625,3271.450867650158,1257.2370297782788,359.5629700714106,986.8504954906757,4265.632558653318,2977.0000070554133,3317.841859901283,1593.3882034292826,1607.4371472218095,1772.3356589484008,488.9760651072457,2066.2128808142293,3868.7182752417934,2328.536335865588,1428.1374502128806,3625.9416763736012,None
3321.01783122581,1000.6452591249189,2769.7161892705985,2767.627538040973,4145.2843750728525,1939.5942371804554,2839.604212400908,1892.5369656814146,2295.6343897478173,2471.641663480353,2177.157462870731,1344.3591395475726,3042.767166940261,1185.4899631494445,2049.907291395274,1333.1396862434226,699.0949644093155,3707.0312441494334,2443.483154641752,2746.285344698345,1661.2588486416516,1747.8083720948248,206.7782913757928,2375.230317022183,167.45068165056622,680.3870289402273,2008.423425951729,2130.8956123589082,4901.64625697598,1302.7124661979612,1358.790513387462,6019.4541648728355,415.2189034535061,1084.3212160377193,514.8915970501168,1028.185487987197,1498.361741814297,1635.0908895128105,3748.031560326463,2689.256722961945,6144.663957735042,1342.9273800591252,1696.1307498389403,1470.1395853659726,4669.715085785466,2410.4424459762618,3635.066579074416,2443.2765952362697,2465.6703791003038,1490.5077042396174,2642.349812623492,2448.3488361122895,291.8713034069316,102.61444919269738,934.5104469551222,2334.431538462377,586.1405422692898,1255.8905888966485,2647.7414518713754,2443.816604788671,1787.3744868279593,2236.340083785463,1754.4583251905512,2769.04369222931,4941.374255073726,2633.128739846924,2597.906431892455,3970.596931245996,2874.168097477532,4716.9382643417875,5647.145982883958,324.2180013652062,5602.197464775129,1924.8762803916784,1787.38548341599,2092.110549013388,1513.6868780796765,317.56262876011834,3163.352765110049,3329.6865756582843,2379.739550526821,577.5380746564126,2816.115748925165,4714.724435249816,325.4749108922126,1729.5359373648585,965.5732712574601,3107.4656870798904,2084.145364509476,2613.023192439129,50.41833781972762,1132.1553653326532,1396.5447360494375,3480.2094121282353,1712.928674693041,2787.1981587002424,3813.7375491833723,3430.2247170590185,54.320170814605895,2139.0544561082447,2972.599215782444,1130.5265216036962,1979.3408022371186,3455.238551844333,4243.388868966338,1684.0503358039507,2346.685225326294,1046.0840997386895,972.1636064025073,268.3116992346155,1444.3543825940123,1016.9147977522509,366.1970780492929,2720.6030366864347,2969.4075233121985,3944.628751144798,1966.2824510335943,1245.3003341954447,12023.290246445757,6608.531615667188,2054.4769304991128,984.2393426694548,2690.394344289359,2870.632854916389,4722.520069648772,1058.9294602163125,2956.169213219617,2719.854924518159,1069.258539833025,1898.6045986581732,1463.4015884076075,1285.7550913280409,1227.9881232613125,1069.2222393375516,3298.9216320862315,1499.0004084021973,448.9952172080621,1262.773582546509,4589.452288963731,2316.2114776351073,1944.1054285108842,1608.00718508387,1555.2661755554573,1859.4475717520406,549.8475548385042,2599.4497360014225,2452.842520427388,2717.4234224168217,1480.4281410732865,3695.608233732151,None
3491.6587442997693,1062.5215822916741,2948.936486759583,1942.7338063938848,3552.9028542025185,2228.68357758328,3348.372161600902,2083.422013995212,2969.377006036298,2348.6433738952946,2380.414294550747,1667.6412999482582,2985.7252067316113,1166.8546625178735,2351.736350920201,1445.0463285300366,767.0029357621814,3739.5245138451855,2507.00669862458,2731.958798232828,1666.395735646591,1947.1329468551069,292.537424311386,2266.261008452817,165.65612377037374,257.89021225456713,2458.257425377757,2092.8100340073293,5006.567095302621,1063.6156331280386,1366.8413244126214,5018.834260157831,509.2564347722228,1419.082109172767,702.1085715928627,1283.1919825290195,1430.1927709794174,2481.306014756852,5035.864883933742,2585.46881114785,5540.526828641106,1244.4982377671313,1561.0977282848773,1704.3299648553955,4824.577407606554,2158.2211622004784,3022.340618002319,2596.58681884526,4161.795217741075,1458.9300564826974,2551.501257002681,2388.752596021727,258.9537863952571,122.02480136788269,1040.925447531382,2158.9511895371734,606.2956525739182,1376.7610043811028,2520.219387814252,2411.6375402809304,1533.2797149896871,2344.163931508768,1827.6411712471884,2682.1296000192237,5113.864117634455,2789.8848933191052,3232.8891618974626,3698.886487911749,2892.884908286817,4499.801709031649,5135.011080473937,305.0905627074617,5182.7500493124735,1814.8613729310575,2048.962845673421,2360.9402257317315,2083.1767895404405,340.09478911792746,3893.9018784467407,2931.873938526328,2472.904717551892,747.8980926162509,2643.437903340897,4031.8387763741903,201.36254889636632,1833.7082983814691,2276.505419425859,2541.55081912344,2197.799180703092,2090.9329671374794,41.9645579114764,1142.917531194491,1400.506102307936,3854.078889118208,1759.2169241097931,2713.295471224283,4174.896044587804,2568.0853202604253,49.62102895563576,1841.8897935510129,2913.181658214427,1108.4888621681746,1850.8877476282025,3422.607586610636,2091.006141727854,1968.7655114373324,2208.7760730797613,1190.7607728335506,5353.470490935862,203.1474079170765,1483.2245443990048,1133.6097874848842,330.8981825480166,2724.0829579883125,2732.971042960971,3983.597958436408,1845.2465051973309,1025.672927107979,7829.847175176277,7608.011535008918,1973.047872656696,957.775250912954,2669.6868486875946,3282.6915325816717,6252.437757886259,1874.5958418646487,3068.70804563143,3029.079768469183,293.567208720602,1962.9314929570974,1496.0614301795606,1133.0877694241628,1288.5566610162593,1102.3541566547772,3408.1963643379536,2939.4417423905265,307.5302686397165,1574.9152735066643,4621.296204659793,2344.8099819119384,1505.31754744293,1683.7560324651954,1550.919906018314,2531.159247583328,722.2239754901954,2062.308826193289,2219.2853887293527,3021.8321154696782,1246.356093726505,3411.441910416916,None
3417.2894900074903,1030.4051344100474,2919.548291737729,1893.771076364945,3765.738145831533,2282.448905066356,4039.390845583772,2344.562809363461,3728.765580192784,2271.5183609917976,2604.823911520976,1485.8683124199756,2958.7648271201506,1084.0505636429543,2376.1500771982683,1391.7074250819458,439.2199843193408,3528.8852067190437,2304.900301293779,2661.240499247285,1431.9948406961346,2141.9201562543176,324.3412720327323,2170.7418771288067,214.53599761049244,184.96564054502068,2032.650900779704,2656.1698497959205,5312.911888162765,996.1309596420314,1537.6570378376834,3891.888081374937,661.4676885060552,1760.4102028368936,900.3278060600038,1400.3946614434867,928.7577292797487,3069.365970584827,3406.318077692959,2510.9417085495525,5211.41647928924,1384.7430244854932,1603.0751103136922,1723.7951091350567,4700.653637946464,2048.69656311112,3055.216101789864,3212.1241221836017,3877.991127387935,1332.926851442063,2451.369308520809,2272.4799953643187,250.482293657804,184.93510179033143,932.0112563249468,2214.115898068619,554.0410879346108,1778.3549267367944,2464.7114105458427,2388.047507232227,1571.187728955317,2401.8605657849,1754.1670709950463,2722.5580151401427,5593.0840697474605,2879.698383542549,2951.5121053570642,3816.8059285626728,2923.7729915496557,4276.233451497995,5028.200557921513,402.4335706419381,4629.084957619702,2582.670493644369,2335.7011067097674,2779.855485994977,2129.398274213187,151.27498983295442,4574.045529776838,2750.5951612294,2384.3142147466033,961.5303026946813,2642.4159246779445,3906.3056796660335,167.70497329248656,1893.9680485036893,2825.79857186664,2223.319456663967,2197.5543357549764,1920.8057957256306,42.09403971349159,1321.8297565074956,1761.9246155038684,4492.142530585027,1459.0727712550488,2613.9784227873874,4612.271444614847,3144.181893961034,44.6224763391253,1646.574596609422,2813.197536307193,1158.3605579276748,1710.4817287167818,3216.613939007029,1661.6821625924852,2469.2232192847932,2238.1537772192137,1311.0709327976047,2973.204804516744,366.7203126458516,1443.4512056685144,1611.4135326064677,210.24998556206035,2993.6787373090583,2524.2190777173223,3889.984978331337,1746.8864020569424,978.2939579817005,4251.371661660337,8225.254550894786,1829.0921426848706,919.5112862489245,2621.2904174509986,1946.8281990646624,7333.395175640995,1548.252573543997,3120.779142180978,3166.248915929661,183.92413910664416,1914.5241647109076,1887.5999562177549,1323.930174805368,1543.9008622179908,1231.9385477471405,3216.6315137592983,2546.716625198227,221.23235385906543,1820.5182580401104,4572.133760678554,2475.542292660886,2107.2057303940287,1619.630503104318,1736.0427492149404,2149.1771705043907,767.1628923341543,1871.8082427946165,2285.916707254145,2764.8721785077905,1200.1311293986332,2808.0197137854707,None
3211.321622264211,1122.1585473966302,2485.3557889754043,1809.3970318425515,3762.8775338429055,1907.7282891518794,5035.359792441635,2801.224805775553,3331.096950118163,2291.62248852165,2495.1304904490758,1502.7134227603765,2949.495899488192,1086.9830881623468,2229.9968058206564,1215.8178807300385,231.0136523296841,3540.54154254332,2559.930234590896,2612.123277083684,1342.8921442533292,2028.7440799633096,345.1333914799366,2180.0067136120065,276.66259991811927,665.1276438059957,2997.5271554272304,2264.1463860691324,5689.40996548247,1113.5874365940133,1526.2115722008773,3611.5981990290175,588.7457830610225,1916.180862123141,992.6012544127003,1442.9821786182306,711.4843587590028,4932.364253651978,2490.4604098167065,2496.877770492318,5568.69933778533,1205.9315152973688,1795.032102411317,1642.400959705282,4214.570139130917,2523.421636577111,3199.6360662870866,3605.6490099041657,3029.637273082221,1271.269469377346,2467.498777360477,2259.7925304863684,301.2148025934529,295.83127079858264,854.7653300990074,2416.715960839228,822.6225862822757,2448.845307275716,2300.7794297467544,2561.066700668809,1640.6741037561947,2502.497215228911,1790.166890228273,2888.799248364118,4725.858956581732,2713.574639280849,2305.753963594594,4002.555458134303,2776.2397969337026,4056.2093454951478,6546.38358033317,409.0993593795757,4307.495537751985,3942.554886171172,2869.845408731128,3255.500028214745,1447.2780140650534,89.42578108667023,4324.658893491849,2902.002462831537,2090.298259232647,1203.0388290710166,2654.240200747864,3711.854943979959,200.45245946082886,1514.4641151828698,2376.722099286961,2114.320701712877,2217.0017863687117,1917.6273758449104,39.98126155858272,1565.9497940938986,1994.112983736055,5063.87705082315,1450.5412804632833,5473.000650128797,4838.083857499229,7030.284452919388,42.503668363511316,1865.2346653182008,2596.0070359268743,1354.996785750502,1693.6308668326185,3492.34059206796,1758.0430101502545,3085.141780531617,3046.543649595081,1563.8179646592775,864.118554329586,1186.8668656888726,1203.428358532919,3172.617371334432,195.17026875207912,3312.5556596619513,2358.695627573445,3696.496757152327,1792.3466541560838,1213.2285966853626,3907.329826685711,8316.82938751683,1707.779457098541,950.6553151150567,2713.572822481909,843.9439822118835,5946.885996812644,1196.0088592340144,2971.1132668201594,2944.7130506259423,298.58409201048306,1662.644657300135,2717.145542587059,1583.785314397946,1843.6853596610001,1429.472653033945,2702.738299764165,1800.4117212540082,446.7145056732067,2014.8602724609173,4398.775769883884,3139.8724251272715,1758.73848546483,1633.770942560102,2113.8590712955565,1598.3948950299914,634.7124249528642,1873.8013692818834,2261.1689625877343,2817.8800996120617,2780.079141159737,2595.9193405087153,None
3330.752275531096,1301.353553081631,2335.854396579096,1777.8474566733898,3546.3436446898077,1723.8361368748829,4211.006178243207,3360.6262564516005,3080.216150834303,2452.830858829243,2073.859494950308,1644.0942760265038,2920.1932724989,1222.3471108176907,2153.1639308948224,1146.4838219441867,216.56761988881448,3735.803580427368,2042.2688720682181,2417.2461199455474,1362.8883173920199,1909.3579623123778,456.17496762307434,2287.926430822345,263.2952319957968,1275.888000893072,3879.1073188436244,2030.1350687414042,6100.896645611338,1149.811930378432,1467.9488477376378,3791.1921158593236,447.9452078570118,1710.263612631079,893.1962750546428,1717.4648210740286,631.3517311190337,5234.007749743951,2481.3748838551983,2565.855179009101,5882.558154303445,1058.5078257511943,1807.7987916972838,1727.8291091756216,3492.5669830858296,2216.603291352991,3206.1032369219643,2951.805271295221,3623.6867746163957,1351.7846775983992,2530.573588914468,2229.7298491445736,360.3835023116724,500.94967249280745,899.2687202230785,2545.6791706016047,946.1018900929056,1913.9801700768728,2148.1213281269,2257.184466363081,1736.0143252194894,2665.7420915080666,1727.2593715588973,3191.1998156591717,3512.7949317279326,2673.337197572805,2272.40369057951,3630.7937480444757,2717.7425279025088,3804.1010989385736,7238.2938883562565,335.45039989384776,4332.412705710703,2991.2204482242187,3649.679799999187,3629.1089805723186,1022.6031893971018,100.61280785738363,3630.448648329911,3157.5593908159367,1819.6491665986068,750.0982206939674,2786.0830528676534,3716.452146874234,217.4602771275971,1494.8126499798975,2077.382066590062,2015.3514331345184,2535.785880926153,1954.0352455633954,36.59059507556209,1718.436274310207,1702.3083673537226,6113.217611952361,1528.2163691315561,7186.5556131375415,5330.66556104657,6665.361587620695,49.90939426979474,2210.576896427271,2421.4277405628477,1643.0048058819352,2149.751641571832,3057.6769661226617,1862.2835186581367,3822.5298063423706,6135.87472968031,1729.2682429785887,1512.7559349507749,1942.6899805042585,1171.1953971816486,6190.697001574109,175.5721984902299,3265.735630935449,2205.7708745895497,3271.2784025450965,1846.061595553895,982.8281857452215,3758.3167708447886,6802.268771725613,1763.8222263388557,1063.5208038278136,2636.083127974517,652.3415946838601,5909.748549013514,1239.3717007484795,2978.825402851995,3164.3374788046362,618.5586112192015,1554.6744871062922,2111.528768706975,1760.4205766131638,2055.40393593507,1932.119745018682,2393.268456176856,1787.6110525390782,439.2431075316146,1862.8885350169385,3892.339996420672,3197.469515756164,1726.9617928008151,1931.5777412404466,2122.5724176802482,2380.3685265415093,625.1583069978551,1830.913687803964,2290.680477333504,2844.6737150177973,4555.890973517635,2644.922747342429,None
2857.3093370807674,1091.5909915736022,2289.424398010472,1830.3830578297961,3170.0224585055294,1689.260961547431,3792.004914452853,3631.618226672995,2991.9022408150627,2488.361395040594,1848.31888100032,1690.8116610358215,2807.3012027815594,1362.4273208212821,2011.2253060149094,1276.2038033398314,511.5332272940999,3443.558578156573,2178.2821139088833,2222.7658133622854,1428.5888375349966,2089.392521859501,634.7670632818323,2383.4102462537303,261.9054329094841,1066.3210385543366,3546.8587039938857,2018.2973495173205,5864.4174196096155,997.4408990573004,1527.8082588445834,3891.039164820823,353.7265460140024,1153.7350777992115,827.9102247009171,1990.1503812567928,589.3327522766033,3940.159447757609,2456.3630999235847,2696.081862947808,5135.140061609721,1426.0513912796255,1548.7455483686585,1878.7409993021408,2665.920411170732,1962.1885267143527,3292.9733770664184,2755.4740316130933,5326.515140595529,1257.008597635963,2523.836032018929,2243.16928996329,334.823308881699,773.3977031288671,910.1345758515614,2527.0944773061315,857.5104706379421,1136.0666843557374,2178.8675765528965,2168.90812203105,1807.6782302507675,2689.1361868679323,1549.7236537929084,3015.804978330233,3138.138412338595,2680.323233857036,2476.672117354095,3238.9890282633946,2611.2342935209645,3456.0057530806757,5533.693283404438,363.1647701665159,4495.231468361472,2642.638500418682,4719.021080652382,3704.2038765982643,1203.6946226227078,178.19773841104112,3542.028043269217,3383.3346731508336,1712.6866860757739,570.4663408645573,3037.905214995047,3807.465052017348,182.16928801725075,1741.5836076725216,2123.6342276423497,1980.4830107658931,2508.258144044656,1874.8827904920397,657.4396655790023,2674.8381575730123,1607.866938755449,11391.666910797769,1878.3791309924,5880.382776944451,5828.109512326498,3740.523357206315,60.271956004389544,2420.717494714764,2467.134183956519,1883.8413097088128,2130.40008489668,2917.510224878377,1779.4128350551066,4367.757781617242,5294.241752900343,1344.9219813473035,701.2190137768097,905.810066958557,1210.5183776183326,4336.939868251101,200.842330396118,2976.2202282393573,2064.699769362413,3037.5629840960096,1802.132597306792,904.7338671324491,3530.756223167101,4677.61634646225,1920.7670603644585,1163.6133400854692,2340.713429992087,766.7258978603359,7367.986575768511,1512.0339138949055,3402.943883008793,3629.242019303161,942.5763307782761,1521.3906277118192,1559.3023949681274,1957.299347780908,1954.9018571407005,2650.4501563557637,2661.9328757231424,1913.1365674709634,280.78267117030697,1818.3703686412994,5419.900624352881,2704.032198879786,1763.7324588723943,2431.649974214798,1777.995670308536,2247.016947967873,684.9327030169021,1704.2268662283134,2437.207936739436,2212.41324604193,2954.320903260957,2944.5713767707507,None
3121.112761792125,698.7057905569037,2306.941259007305,1898.3942446468775,2994.183427530426,1638.772735689705,3738.68149589749,3833.256129743935,2876.6399349072485,2266.154300716797,1717.0294222705593,1767.5256736221875,2693.738692424124,1298.8568530465104,1936.6349160450839,1393.6211612684838,842.7337923664079,3047.880736895519,2701.2996621062216,2208.175285021127,1580.5616789198612,2374.867939200567,793.4848292741351,2529.581905202377,686.9123930314822,867.1794634231031,3126.862190606917,2073.9333070939592,4754.483009032242,946.6689026732801,1835.156232796568,3744.641260785772,334.45084210725713,975.0322903687297,917.1214873581397,2237.579370147088,571.9929241430414,3433.0547812257173,2404.418800817798,2366.274932173082,4874.143472240839,1367.2854943631914,1317.649363736191,2062.6952225743107,2371.669701234429,1879.3868963557306,3932.819157689111,3227.8206637174267,4606.201912548412,1144.5490271855108,2353.9811653060465,2320.837052855737,274.39703874283833,1295.3459643562808,834.176376885257,2388.076603922494,799.8602043994093,1032.7062106859676,2070.223357744226,2229.54634475602,1661.6208181298578,2648.7392521859724,1524.7387241508668,2712.6039374140914,3326.788214374047,2551.219423242879,2834.2267080649603,3303.7705621505283,2469.633500282195,3112.0391908523247,4662.75100721149,367.07047790833917,4687.031400893801,3113.594209229662,5227.251850931366,3058.4455409184034,1360.0485032451159,304.20380931069104,3728.7294489496935,3485.459146745098,1614.9079271108706,650.9192771814203,3049.5300888463757,3534.924099272857,112.14175244324609,2047.1858869247405,2188.135404145431,2617.2002329265074,2464.534907411769,1764.0052743526185,766.8246702478419,2521.3019966881743,1625.0764358157805,12679.04082006814,2046.170754370682,4587.7189843924825,15465.856251393732,3420.458042763497,187.85416862122756,2069.309136174722,2699.8906208235985,1759.3548991303269,1705.0209889224802,3094.8935578090377,1552.9407346372286,4604.620077803286,3275.1139131470613,788.411817846082,463.96108100920065,457.53862793361503,1296.1247122908044,2847.18458862471,280.9780047065068,2790.870322963809,1999.6267334155584,3091.360362946278,1826.9281395599953,835.6238233205817,3329.960879059735,3775.178002450454,2180.1499216244874,1342.4941955158506,2158.868439480744,1052.6304213818987,6705.71805773674,1430.9468739474805,3748.246516957014,3024.978096860005,1048.3126285266603,1422.4317996609916,1563.0681872681052,2010.4856040646812,1705.0024240377447,3046.657741299893,2508.790061950583,1895.6525352267222,246.4140718607656,1792.70948248962,5447.762528556851,2633.079832584319,1682.1015510384796,3037.136234359802,1616.342659679876,1934.1526847349248,996.7002930182616,1628.036051213965,2629.1900310544456,2076.105965295289,2379.4850464823394,3440.3634174057484,None
3234.7620571163216,652.8162471299096,2136.254314822294,1917.631288927074,3288.173662885964,1588.0733972293908,3565.9841047517875,3883.4179336419347,2793.123206328161,2042.4618551557012,1618.4852419066085,2038.285562022182,2711.441318844686,1200.8378411083825,1846.694098214091,1635.2396814217661,514.9007433919346,2898.675800168605,2194.104621138502,2104.342527770446,2222.8446298622493,2502.7855001574185,985.5025804509477,2713.5057582794066,334.3811917609274,523.6148083875016,3014.338184946155,2189.850007725466,3834.4626640496544,1040.0237249224222,2352.113255204218,3174.831521371839,324.1420136118318,921.1373777921233,971.4771552833788,2433.670678642429,556.7049501853811,3344.4338706125927,2300.948593454574,2813.4821460287153,4844.827910759419,1175.2432489038868,1240.6912779500478,2175.984766099981,2357.8080764347196,1898.7650500756517,5938.434856328667,3811.590634745837,3984.943011459995,2203.578831432017,2095.5392639949205,2132.219183475388,275.7213858786937,1958.0623279950632,825.4617858571211,2453.015881845939,610.3038618610656,1069.1898312622113,1954.677828004333,2300.6627122309224,1419.6767930709448,2204.939462083237,1558.313918145072,2452.1938488323103,3730.9316425044362,2285.3327038569228,3221.931438217869,3417.447171102945,2414.516679875849,2897.4270493937083,4611.629913567299,213.498833203569,7232.5975566483385,3507.8806249924105,4640.831310675815,2162.9119812572862,1074.4709561308753,410.54360414064524,4032.650706063939,3661.559246660001,1556.0567594754034,865.0037347356281,2544.619843602045,3311.1800657486683,114.61678510396841,2235.00062243507,2205.2254270513413,2674.5641680295307,1776.810363476954,1765.5482568198422,290.86101968331786,2608.455855612948,1656.4447937965072,8025.138776659705,1530.117086178048,4324.3956446486545,30696.82047752628,3690.4918024201984,310.28669733851,1640.0355287646496,3198.758936776096,1398.1226748182398,1968.4460013352013,3426.8831387804607,1466.3522744152353,4851.923877907481,2677.741711758056,1041.4266504695374,595.820247611873,743.1667657057088,1555.525907614533,2645.095037213117,267.5525705505725,2774.2359844361818,1942.8481758705625,3286.982565497656,1685.7758571104268,765.0005605695575,3144.665863152139,3675.81888167608,2473.17739676752,1842.7416963325509,2061.1818503321865,1264.1633948410415,6563.963055346453,1241.7234110336246,3937.384202834001,2905.8163747179105,1037.0987607337995,1323.9733048583553,1457.7566109909149,1585.2623840491049,1595.1209765373196,2990.7891768780046,2215.5363116508647,1788.5375246860133,475.2219983945643,1758.5167416504391,6818.731629887074,2739.314606755835,1753.0252950215745,3436.981864538385,1397.0927562258096,1921.2214325458606,809.9460326362993,1625.5626286386778,2861.2050799435247,2054.148118902512,2374.291382421807,4037.1925430411297,None
3207.6149342739704,570.5848420844274,1902.9016969108288,2509.9184539733305,3833.294641212206,1519.9458998470498,3489.423119006048,3013.190204120055,2829.601162958026,2051.314968645568,1559.322534803968,2017.411015184722,2845.4010825282508,1222.5297779559414,1850.7832972182,1310.2311745550462,357.8518667420084,2763.85981301156,1858.5955839528572,2113.00472911056,1640.5540484600824,2146.895404611806,1218.2515374278494,2661.3526645012453,148.81366994548816,439.87388148328455,2920.2758828959663,2026.55885168242,3298.049583511743,1163.6902336116812,3057.218714673576,3043.1010325656407,328.70118871977337,997.7588690325722,1316.6988574726847,2268.707742230581,536.9780030569468,3205.9870612072245,2237.2630595605806,2443.1594689620965,4806.421987707089,1255.599892141227,1252.0498166431873,2287.38012372455,2572.2340017422644,1828.5034781586303,5012.876777941038,4342.039310714376,3867.2889523788617,1786.115558444198,2069.252693529161,2097.7489540109227,283.17096992101415,2666.161094476752,871.447261722705,2502.3019538480403,642.5185746145593,1112.734848091259,1979.4665091929166,2495.401755202275,1420.3349399572053,1731.3673947832635,1531.1808906048475,2359.214933191102,4182.187808952848,2044.934076541778,3064.462024623332,5440.116214051043,2365.783066076696,2705.6951135080435,4868.571811392416,205.69526736570407,10771.942212997867,3958.386491195219,3996.885011613863,1837.5571290236899,831.7310927101859,504.2182254298435,4350.655119796091,4103.851465002657,1502.4263812768563,1187.0595243243104,2428.065832784711,3185.220371189151,110.77083764142381,2357.9938524037384,2365.509874162201,2229.8508273299976,1387.3887624340778,1859.9096102431704,310.38796886459295,5359.3042330143235,1734.6712005111706,4641.151625615575,1527.357402833335,4251.633223806289,27362.33271801941,4124.019865791908,402.28599924492096,1544.1024316647784,3505.3006246712603,1239.588154119758,2036.0504285706227,3877.043503673735,1593.9102986766388,4823.510285982007,2721.870620919785,1537.4911825521451,649.1289699051403,776.1073525005572,2084.0802387530125,2771.7534233942865,166.96460816902027,2873.2791306377358,1796.5940818581896,3507.30200974034,1435.4511379656672,716.3880145377373,3056.254573803787,3760.443179382959,2431.306939106829,2641.2467138630677,2007.4810822584973,1494.5545124859384,7523.045659586438,1174.8722205374934,4475.525841752642,3393.9276156386877,730.3072031911304,1343.5607196062915,1404.9961069938595,1029.4516935494144,1547.6194537314914,2664.32220585828,2453.831720649453,1765.5784414299685,962.1908917693328,2170.289536832925,7156.455171191663,2931.9058612753456,1981.608980071273,3056.672589971149,1342.2185349758665,2057.320911243527,557.2377952810497,1677.7618268904994,3127.603702469936,2009.241657702528,2374.9618106367293,4151.076113322685,None
2952.538535553574,545.929702072414,1803.126024358756,2305.1960819723317,3561.4938889207338,1473.323897044083,3496.5285059649627,2258.241262249733,2847.190043705317,2147.214753961191,1550.90949036621,1717.0439711455456,3048.3961504484855,1384.307904379284,1709.848881501133,1771.1936349241098,365.1296837616034,2606.9845190084093,1832.3955971764256,2173.177242360308,1418.4858078015234,1624.161830808643,1022.1341502223606,2683.502796121716,141.09708936973175,1090.5732916035533,2859.806576955017,2027.5628972406892,3191.6192808078235,1184.9143463606106,2377.9517405972642,3536.083112110715,395.7760641584726,1509.6704667735996,2313.151407340661,2045.8448760175,537.0927284628393,3700.5729035945533,2151.539163297322,2474.062986667584,4716.43966654377,1490.4213239085293,1484.7913419098834,2708.272376716548,3063.5241498476544,1705.0391585119055,4446.807517794314,4855.692978335512,3699.5612898002105,1248.4675150361172,2202.6538301065016,2228.584788867998,296.69827854104216,2934.2517501904326,901.0328757642022,2396.4771070268234,680.3038428856354,1152.9989718931356,2126.814033392462,2655.2467737784737,1284.4018416215226,1547.6638129145008,1413.1924518819046,3335.4432893344733,3236.2504822435685,2117.6824890000094,2757.0182081631046,9180.034202428878,3581.167410703261,2598.9405481023136,5089.143849633425,412.12413045682274,12471.576969210808,5047.292454016916,3575.509591975209,1553.885595479421,831.439108739712,636.7065580920017,4732.206733024724,4245.103505288981,1404.5320100710287,1469.8036425064472,2702.2199773586954,2921.0317198242687,102.17950582370527,2052.5830556698584,2559.8638329023693,2022.8959037526406,1894.2042828683082,2046.4701058404144,514.9929074170681,5105.836583399604,1942.8504196457031,3533.957328322817,1871.64774833357,4067.122864193957,14935.579447692517,4430.794001449705,898.1321117829257,1439.7347455598206,2972.2742834690002,1192.9769323510707,1719.8966135580883,4192.110888856837,1964.011238098334,4795.477078512666,2639.694081505759,1145.73699029604,767.2211552794856,1364.6653436984766,2551.7942860087473,2546.507797329641,90.51882337922264,2630.21517575079,1636.7055315876096,3670.9793271550893,1372.1209837268034,704.4333305115315,3150.0534969250843,3761.3026316198493,2391.0685701190932,3167.338572831204,3778.0582526241856,1583.0773518250985,6576.4227561165235,1243.4011136109891,5052.958682398193,3445.1949853537017,273.42418523664463,1358.1299632156993,1448.5432387486578,869.85149796086,1661.5001104404073,2427.699240658265,3665.24709014479,2018.2713495126345,1292.909169594216,1447.518576552533,5160.701895318294,3199.1020936116547,2061.536494963617,2354.0151283672435,1389.4565853715023,2102.8054629829708,576.069269349187,1814.5798668896985,3316.7053173587988,1957.3557043121127,2340.38889409904,3370.7425382703173,None
2825.289337128237,581.1838575497533,1711.5541955832925,1832.7213988762635,2929.5093246679353,1476.1794353462415,3585.1098997446124,2606.657264043061,2389.6961199467164,2506.815721805369,1382.434385878697,1637.7267257146414,3370.5725001936103,1558.138547452129,1606.8019077633614,1395.4377886989034,401.171421609532,2499.547740681823,1817.1616176840357,2496.4607636816754,1549.3440597729204,1497.3469418063964,526.318868125054,2006.223952104961,154.2526343730475,743.2700605091467,2782.713364113801,2194.5218075529424,3208.940903020291,1090.5725845041236,1890.199322921071,3371.630037271416,476.5529180027945,2586.043165579261,1330.9204631762368,2272.6431652517826,521.2339376317807,3726.759149006873,2096.0995366560096,2623.5758243006812,4534.41885975815,3040.0306871055686,1814.1135422370608,3877.567724494562,3601.127382106261,1773.5853222738779,4260.334702196737,5502.592831988335,3745.3342353448784,1154.5073409745094,2291.981934289289,2281.8963131221994,420.88543386305685,2297.8391400140813,886.5623374091488,2561.769461811131,698.6129830462057,1204.4121138325745,2345.532441165501,2255.192089879284,1156.1831968407969,2357.0220454387118,1354.2994717228494,4352.605331599367,2524.3041571379213,2251.4360795202397,2771.9255598644068,7228.0043427692135,3487.6707105070104,2700.3049322854463,5312.479163948468,688.0140265371056,8463.967609205947,7245.0120486479955,2928.425631793087,1450.9060576651852,689.3230739690082,712.0119822053938,5005.598165734838,3488.237421570597,1330.0362724043107,1685.8242574675228,3175.834991341117,2875.8369715127865,101.17704654642964,2110.756221272513,2211.3533444850877,1952.3091068016531,3811.746478538173,2285.855711477951,402.8389519607435,3668.1598834752613,2147.4686958804136,3705.946256766695,2275.046510434993,3812.814660461185,8458.49820870789,4511.511978647011,853.5661871185243,1310.973232884546,2500.491435296917,1149.1370764443739,1593.7441684959365,4366.476603256583,2379.1005950076888,4837.254894023463,2880.714309805999,802.9928197875694,797.2844795838807,4765.69880185174,2364.2367637004004,2377.127250003588,71.00951650731037,2452.673936535009,1633.3595414535807,3751.403502944401,1401.1369804069454,812.0392239192603,3400.662107171883,3558.5871719595207,2106.929683011383,3386.329365786493,3373.489771811613,1568.4327480564261,6108.074540858718,1340.6934305999894,5587.277124249383,3195.9376519255584,174.38398271184627,1437.3085498622422,1573.9061171022329,838.7007850482008,1784.5315459575238,2208.969371877617,3839.785990444937,2577.856278489867,1349.8662860180655,1300.6287620207354,4606.256140975517,3347.1517213666584,1861.154317080448,2002.8599675551093,1400.3829178864419,2066.1812728449163,619.3230198820634,1926.3321656530209,3362.1372969894896,1990.24132139346,2315.4066285825047,3225.1004470513262,None
2752.997877108389,547.668813768823,1642.7965771053439,1895.2084381214786,2632.9593677668513,1547.352014373537,3725.723558425192,3174.5545277493907,2423.120970005145,1983.8853282326827,1272.884410293754,1829.1455094898727,3882.386291640831,1334.7704061399506,1527.2114797620295,1204.1428853257305,533.7746704507492,2428.0394427592,1931.5499895565647,2126.7355733692207,1693.888276367899,1669.8167214337936,424.64277745672064,1620.0847198831866,244.07704190703944,521.8953935126855,2533.2421171429432,2219.872836527511,3115.059484368063,985.507416803236,1837.708563191037,3074.874276983395,490.5904713566283,3117.250219704984,389.85292003759696,2589.265739464059,498.90763231684576,4142.841599092809,2025.5963649692656,3269.9561486880684,4228.392113806939,2978.968968276013,2092.0772283393894,3231.099114426864,3776.3705433841615,2672.82912332881,4284.225562391731,5917.950423613294,3379.505710304693,1131.092043539759,2490.2828006077907,2319.055580583409,376.335562113607,1746.3470119727722,884.065737821141,2829.0234997498187,1226.0248725044985,1796.2638300554556,2703.3712843637563,2202.0053341527573,1081.0303462921108,2229.426192647831,2060.0002200632816,3218.331919055662,2958.5548904119346,3168.657252131821,3007.0534034721068,5585.66028009943,2791.8120016256707,2915.1746608632952,5591.487373219776,867.028782215433,6579.703530855025,5759.849473684039,2269.1586964023872,1460.3224493923046,665.7483371789941,661.9078004676128,4761.583506217806,2717.761675085392,1357.3378256455107,1847.1355750491675,3883.8367415472526,2836.1286161123153,109.97478799445378,1620.2998634370251,1636.5489887242438,1890.6800049756555,4241.308392819608,2435.970163735816,136.17200525796994,3224.123563850809,2280.901842095494,4339.473392935659,2564.234556045684,3621.2950626572383,10188.458919263221,4028.1261622169923,377.9274398486602,1205.068563012725,2316.56125654077,1157.8414137631719,1690.8656558523435,4288.844295429757,2963.505049820301,4605.889901568778,2541.570948486793,869.263635701709,1839.7390549071727,6981.183941301686,2046.2830512437067,3573.769147843875,102.0817474084518,2395.0187418704713,1824.343412504527,3918.6933867080047,1519.5541485225067,856.6061823719156,4357.794784700363,3394.7222214480103,1758.1330331779975,3220.9959947973384,2633.0868133711097,1421.1288461496474,6077.278916271727,1406.7540151470137,6210.237462800367,2707.0129359962093,192.88661565586372,1700.7940453902409,2820.100685128125,799.9407170006758,1931.2668925517426,1874.1769859315366,3787.064659381501,2738.043937205896,1853.7119835962376,1420.8800873724888,4395.793923899811,3624.840014262377,1814.9711647520046,2075.4965104183566,1464.8615267724651,1977.2911419431446,622.8154001202255,1628.0624762454306,3356.6979928702863,2212.231509835849,2393.3196773722593,6068.281788320305,None
2692.3779173196444,516.558940679867,1593.112106396991,3381.8878580602445,2758.1916699029557,1652.055211169675,3912.1641437780536,3409.788619910319,2361.3452782977433,1771.4917710686316,1196.192394272571,1850.4415229402973,4390.365560063624,966.6192350805956,1448.4799372692114,1269.6441615158392,768.1261771145494,2350.203034096121,2170.4365655340907,1917.3839170762253,1650.0997611458924,1837.64316463168,530.2630002907837,1594.860349186157,418.52646949674187,975.7146833003999,2336.564585150145,2069.9307006872737,3141.4475886046525,944.197924963986,1834.5597084451333,3308.0561499965747,519.5279727868957,2734.549225583566,446.5005902534536,2700.516241094313,471.15651281710024,3711.1214627597333,1862.6954498887653,2908.7342970493028,3725.753967039109,1740.1491425417926,2288.9835750230827,2199.569839024359,3756.721203762947,2279.11479540947,3933.642563624613,6003.960315906182,3077.4996991136827,1200.8740611701774,2654.685331005221,2643.289577469179,283.63912323304817,1582.889543723864,828.7759450337708,2941.541147286192,966.381028122467,1177.465883564396,2881.1126098647064,2351.018429551567,1015.916881889922,1817.1140166761927,3672.3063465593923,2761.2960088715145,5072.4386152193765,4264.834841190827,3288.2292218748357,5371.43809521365,2713.2822599836595,3127.730724067007,7534.5799225181945,1025.2850549028103,6918.4102578723205,4613.986975989813,2069.799388323382,1501.5481479222503,810.6170401826743,614.6305565709863,3807.318884883218,2621.4320719162633,1400.1003009993549,2001.3267838110025,3300.5887669128133,2521.765008613917,91.14255338936785,1678.6119508095612,1530.892641608543,1927.3202611731103,3752.1579389027147,2249.828719987794,47.67541054565216,3313.6941317775104,2265.7916557607696,5585.355710366321,3197.816174379487,3873.822335891443,8115.339132671364,3741.114962971444,203.6248856095194,1168.5329492994586,2167.955471771856,1396.3208077088784,2190.961374564583,4127.526169018768,3625.208434828592,4185.750436011996,2412.572898646646,1091.2457072757643,1185.156961048426,18125.503964730146,2850.338426594727,3231.5349394232867,182.45857779101556,2327.2130258910142,2229.061965850348,4341.540357226024,1736.6309504033638,888.2249524022939,5349.8713229509,3236.712954762503,3278.091749162497,2422.087405012669,2685.190979423272,1067.3951192885434,6062.718745859251,2731.654054591221,6260.714067292914,2626.413149650194,218.47040778168991,1804.336023339936,2259.6099243649983,774.4171990599841,2342.487613590314,1673.175192457849,3396.129232767777,2154.609850504802,1662.8225173727587,1746.5930552323132,4203.9735635351235,3995.905930978901,2045.0813436498959,2464.309614205921,1533.4658506294975,1830.9615168209489,620.3815546139807,1573.7627867300064,3337.687392816813,2377.559423922991,2445.1606471861387,4143.975977922528,None
2685.7026142605696,551.3076456466347,1473.7491286221602,5383.641580962999,3229.340658750941,1784.5441558680902,4085.719487166227,3416.7342227697663,2163.420586102619,1866.3949615817335,1240.9554257058473,1760.9971797744995,5074.9045347389865,914.7084058089343,1360.8122520258005,1292.715613776914,940.6600786096576,2339.5106448535807,2341.090160745492,1960.1593151398904,1530.0360195399262,1644.4880383428394,537.2602065002815,1798.370719712961,633.3113105587918,1150.4603035627565,2267.886588504677,1976.6815460439318,3585.227522742913,1169.8022905043542,1819.64567188362,3721.306616059797,525.4116241554077,2418.9694594173848,326.694755226704,2448.2138167619205,438.17828231759,3361.1427778158372,1734.3768285802907,2811.5699940161053,3506.109403525293,1577.0496635197683,2417.7982961600933,2097.4819541717166,3696.594989504109,1934.553842370159,3645.352484038648,5413.259573077598,2992.6610601810225,1406.201594550936,3124.1663998689446,3140.8774704104994,299.61054578836416,1200.2033324906881,798.8289840115117,2904.228816020477,764.8973804050082,891.4987118946162,2536.439482598503,2221.9423601426347,965.1999735079164,1743.5400874560862,2403.9000684804323,2735.863859274525,3628.4464631732485,3551.9395217829124,3460.445343657916,6362.534906075818,2899.899451359984,3155.4901833905933,8192.89952785946,988.5736576125407,6877.386503441013,5249.688394826021,2283.937560895352,1743.3256846291595,1063.759440110913,553.7049997906921,3478.319259357484,2592.2729497825644,1732.808877531633,2211.426752062966,2674.3252039416398,2330.479123395077,80.18023537024546,1957.8287472837646,1474.0757361731619,3329.4763177152972,3169.388024158027,2075.8221064120744,39.39543430679854,3402.339374927053,2063.24640065829,6747.247773698801,3493.940553056344,3673.1128278936853,6524.210285917961,3713.976325813424,190.8711075764127,1301.2735983325,2065.02330351421,1967.2625090741656,2492.8937658305763,4096.772887755385,3766.5862504122447,3220.6198943267627,2603.50684315317,1355.4839709628238,570.1877287854583,13662.686655690592,2378.7076127188698,2664.959268348139,194.67065592017428,2319.723331857927,2661.814821007813,4933.668982492458,2001.1477534351154,987.2003606944015,4521.047799959205,3050.0915178311357,14309.01665199446,1768.9033567989725,2762.171173091244,1129.8045959204615,7216.197488251424,5650.817930354969,5077.450179925444,5495.935825321994,252.2634121550974,1512.487446716056,1655.4983047258859,764.9128253639815,2649.7770836655222,1608.1972177452535,3232.681871816245,1885.6599728620645,1246.1619671526316,3211.5060769011634,4282.9972597777005,3991.2195814456536,2359.2440333584173,2988.7902172903587,1572.2115400106545,1732.251185301214,626.7863385308997,1410.2468329855349,3259.738877999233,2331.2972282750475,2075.657112813482,3202.537498372664,None
2936.181388273499,493.0522016874622,1344.8831334979568,4416.958860837826,3562.170919206617,1665.419173651245,3962.137947675949,3396.9397484890087,2050.25629818887,2102.3976471765827,1131.566946022052,1840.9235423742762,5517.017690131107,1235.8811493917742,1268.718992479428,1457.2692688078178,1001.3224888156196,2189.305479887936,2378.0170313214385,2057.429657344297,1522.8130903473968,1238.026159299244,434.77555999740974,2015.177881304033,663.7970669848013,833.7774562412054,2299.2470047879924,2097.006255074033,3826.877011556356,1612.5783688582155,1869.8751000231427,3815.812770450195,437.6570096498463,2512.605462174184,250.701925069373,1843.7395612283096,456.4163415852398,3272.715389320877,1651.5987668706916,2814.5806283658826,3526.9294349060388,1635.58420100553,2352.000742021037,2098.748215754503,3388.103482105957,1900.008470432749,3421.2204005748076,4674.474788225706,3046.441985734454,1699.9043277836429,3553.4497090847663,3571.0090651438104,342.85884307385396,531.6635669218415,992.6871443787767,3007.651875802521,853.5217050915406,903.4414212814436,2366.829327990786,2045.8757336015772,938.6826884806544,1710.2409853663607,1819.060560478763,2701.262556842896,3005.207310781435,2489.735655999489,3605.342924522351,5360.343141793305,3737.039772020501,3192.2721663112147,6192.9886963001945,794.0807049415323,6284.028652548412,5285.527663893985,2714.2875005742867,2131.2205177760266,1500.1045028052386,428.90704099430826,3939.5702204539366,2286.1407350592995,4041.2552766559807,1494.1211688452536,2583.532001129684,2223.202527786094,81.95171471092863,1996.5113427791514,1373.6535296282498,3231.592130631914,3053.432742504232,2044.2498462932635,46.57380762819792,3627.0033046520493,2217.9238069340936,6590.931250741055,2569.924763407307,3290.620937074657,6376.910033367817,3210.226489641759,302.18804302477304,1572.5544321451655,1951.9772307944095,2680.156064212402,1977.8069120367825,4405.534318668643,3287.9938655528276,2247.546866690568,2733.729762708609,1435.6564459066833,468.75589989838545,4396.5728544862795,1746.4817767100094,2557.7039491191063,152.09622447522878,2444.6823306610017,3101.9884202066273,4965.253292413113,2201.2573977956154,1235.917498501551,3942.1329214926136,2831.4830906882976,13841.103247703872,1252.9835756663474,2789.2672958117046,2876.124710245409,8957.127382099845,4587.98303410581,3623.631345205205,8840.095728256565,373.3562383674784,1475.1751096582407,1627.2915487918247,784.0148241396176,2389.9594047401133,1662.877866621202,3114.261823236677,2337.897065448141,780.4237965197923,2963.7342966171777,9021.832547894364,4295.489030185499,2492.2168672531225,3185.8642835927867,1511.5220059767655,1581.0942773050665,615.3853999622186,1281.2211595947665,2595.457367272493,2508.875701080047,1901.356320726367,4058.6396291837077,None
2607.1827553846715,325.79139108605017,1322.619760169878,3588.6932965643,3369.030806363587,1484.1437317662233,3490.6138398302705,3179.2504544979265,1990.545290731376,2274.884888105521,1036.2597087049007,1712.4304920269103,5134.325077121985,1482.676208122478,1248.6671277274604,1753.2609137216973,1124.5328270702528,2008.0188802698635,2278.859631140098,2145.8706447573722,1600.2571396238134,1084.012822301872,478.6305165891417,1833.166252766883,463.83612337090835,661.0159973821554,2417.0918572463747,1984.0697997948785,3555.5920429882954,1170.332335549758,2022.1102983623446,3664.48131599568,411.32499397812165,2649.8184117976325,247.2373411922116,1536.9766901398755,1080.9980062630063,3151.6006253614146,1791.2415231611133,2618.377116129194,3628.257762023689,1942.3051387303808,2781.733446605622,2040.784760446231,3191.548082012885,1905.0867666695506,3226.073421652707,4951.453895530542,3148.6973461568873,1969.9952275016794,3570.7611504987067,3849.270902279739,381.55986978625657,504.43430440965705,1171.7961802137895,3269.8310716703245,879.7020249150435,878.0220244170582,2309.088380520452,2018.338709690806,955.7017531160633,1721.9302189066684,1978.5557897340047,2660.0042292066896,3100.5214094711473,2253.352124987805,3652.780738025865,4342.347879032423,3132.9244317957373,3162.654924950357,5355.70543696697,764.3502233196323,6434.214599329712,4597.279279388878,3006.8176359483155,2214.288756108929,1957.6209167168488,306.919265895934,4344.723706963297,2170.6575433490802,8246.519852185194,1033.0986288421436,2586.799161519819,2204.68225823881,103.9551899275956,2378.003501564848,1273.658950880226,3637.349951347005,3135.820089802051,1924.1319244652727,46.12072407460822,3892.9262191068,4227.833727180774,4707.143677192343,2165.969718254717,3125.705473840466,6195.6871570617495,2812.0259385232434,549.2249752260591,1698.6910614676392,1909.6917049470328,3127.7693272126953,1848.2491994574616,4445.041119598175,3035.77244110236,2139.751494714816,4333.366229953686,1124.6946653289024,483.203034457432,2841.962373031023,1684.5402194847231,2472.889984553999,184.11754906025777,2573.812043989892,3913.236834489259,4193.024415065731,2472.31818683701,1540.9909273756964,3551.5154456121522,2625.5850308344957,6732.711819916523,1199.042260843695,2789.813465972361,3206.6739030015515,7873.840902790223,2943.210273385935,3142.9945553732036,7435.128400189087,580.4034083371628,1776.5165241192033,1626.313597007812,879.5787487192027,1843.352478778812,1875.5789871448767,2972.145279626329,2766.556182157297,642.2086789755506,2387.724437106903,7488.193437909408,4360.346832923581,2392.4822463138603,3119.9106102466753,1262.9884185555825,1503.8748990808906,547.4656584884049,1347.5666432625915,2424.0385005188746,3064.9766863728296,1834.3981944599186,4755.240492846655,None
2256.752908673061,222.49303286333432,1449.726450935979,3995.035566257112,2814.4614768827946,1441.5923970704596,3328.5089779063856,2872.3554177580827,1963.2725409430334,2301.154196852532,980.9808288227642,1312.8853479084462,4439.362677790945,1692.1725079594669,1404.0814647439124,1781.4528291229851,1286.4924959840268,1918.2029187431478,2124.3072584977467,2239.66860470194,1605.5026499402836,1177.3793896699685,662.6107819135442,1565.4064734564588,344.6174375863838,636.5392271213127,2568.4496267849563,1644.604417357044,3531.4352978837114,1150.9418562235974,2227.0851642725115,3680.4594160580077,407.8058454538935,2656.771541704645,265.52750755413246,1979.9532138163727,2959.369191714935,3821.8543827569824,1552.6411836339646,2885.1402711864503,3683.7078185297632,1995.6993821425024,2454.303761779373,1909.2028760243452,3011.036456773369,1973.7787701665698,3009.843352321076,5329.885642329351,3194.8828930879085,2216.3780055210304,3522.673663262439,4188.3399399806485,374.0724474363949,812.1012421253242,861.9081163656263,3574.8836741155287,840.6371231520404,814.0550097840309,2876.4520566121837,2080.227234541043,1064.981054966367,1763.303161796843,1995.9277508264288,2605.589833219276,3430.0021448878656,2275.9051081279918,3768.740042758076,4341.070782959221,2930.4582170027657,3714.4881792581145,5658.292398103579,761.3929372158176,7413.1794116212095,4277.639708505783,2950.1594201126795,1855.3015442314188,2321.2393410934505,217.77043208797372,3809.7782277496112,2087.741413641681,4696.491219734588,1090.7383466200606,3115.519114054793,2725.433510755497,165.18204353127604,2317.0624492357097,1223.9726186782652,3365.21577036276,3161.6153553747267,2306.5985193723845,39.35680201173719,4229.478099612719,2926.8373357288783,3375.6965298115224,2607.503222708215,3013.1275558431244,5991.308934380175,2781.308833624821,722.7670288412934,1777.3356468341412,2083.807659609581,3153.2089948263,2037.919462139265,4104.825289351196,3318.097457487056,4625.189174379897,4141.82471474415,989.0436075285867,815.4281556213991,3313.580209121478,1627.582924439793,2337.5939168976765,250.0157612704103,2507.5937323061107,4724.4487279745035,3500.316615788352,1715.573888610908,1693.1423870000522,3024.1367361899906,2528.359857088765,4694.939793158701,1212.4083774440585,2813.328927267604,4401.283902419538,6638.014033037095,2892.371763445109,4684.743244415452,7321.27762104447,632.4092905008922,2117.841738428885,1697.924036579114,914.750166349276,1796.073442844877,2126.2225748349038,2891.5347615200453,2741.023871521155,679.5814767500408,1996.2712897561184,4706.607644649575,3609.566044279058,2544.1533511625075,2857.25287714332,1120.8332825552206,1585.0375972538714,502.22986730195765,1637.4105512522076,2646.4250879165397,3577.523225091668,1735.1730195781904,5024.386599455948,None
2105.738888607997,248.0591342435699,1663.620162033338,4455.774740363337,2498.271800906593,1424.6097310421592,2802.069674694289,2900.6452144034483,2380.414370856645,2485.997693636857,1040.8982548561225,1336.4861896404814,4426.022250843186,1184.3603166838893,1732.380577043308,1574.38583539744,1307.0099704208278,3133.231075213485,3451.0635431782985,2155.8119286496544,1618.5389598174331,1261.1247165341626,893.4335389945203,1714.9524628230774,187.4007872151444,680.0045449381869,2773.437841835489,1723.7348875413682,4131.0512492063,1668.3185057748824,2311.57862691378,4275.14814910979,386.5075002039994,2693.402884417001,278.17310114229787,2658.945339352424,2523.199393921277,3219.4228108399993,1492.1674997797538,4402.64577753169,3672.7438640844734,1638.106270335701,1546.6388858394562,1810.2140404848885,2864.1131523308754,1927.4610193315807,2736.9627178212413,4924.70663383609,3118.1921993228593,2370.907662248965,3537.924216016365,4606.630127182444,432.56030132607145,761.0281714065144,762.1934132542616,3659.301234175719,902.617989406731,774.0834140805805,2827.71650964231,2155.219451034406,1262.1333968963436,2195.941518277046,1758.5384144006453,2447.150861892439,4192.490598854372,2381.619112895311,3326.9493054963477,4545.884939168348,2987.468435074432,4952.575542897075,5798.088110706654,818.9613779385633,6008.374606682259,4092.5033903914577,3098.732699870701,1542.9272426905786,2645.4099341186397,159.33039009015798,3609.790955136375,2056.31232362193,3080.41868822216,1234.59984924867,3019.613946835072,2747.031888301189,229.21137349553788,1960.0665729385069,1338.0114382263928,3220.684176627695,2981.617743016444,1957.135575652588,38.74963290540422,4639.156970138506,2526.9623312675994,3393.3573603955188,2825.901410973201,2890.5851647173586,5860.08642040708,2681.5022231238363,448.16585762755835,1757.2158406563856,2084.357920430597,2945.780910734655,3693.9489941709294,3017.2159610712642,3746.271776104157,5300.129102756686,3079.587661368841,926.3732779856128,620.9724788781415,3655.365331308517,1588.2182906696462,2193.819993457644,187.04406964395085,2222.5204397512935,4249.30002252716,2742.436434822846,1390.147001821952,2249.5321713633193,2896.8571778487653,2584.22696628712,4575.870599461641,1199.4977289263334,3148.130000715847,2898.516292456211,6208.43427225779,2827.755883740373,7252.687540304475,11774.69093056271,550.1786881449846,2046.2856556923236,1596.2419795074125,1014.2923043527647,2356.1824127852387,2269.533745438393,2947.827007985602,2799.3374281198903,642.2768563953119,2082.6881745300607,4426.866720235052,3440.5957355476235,2265.127601510479,2425.212419571676,1133.0843000768111,1537.5523447598816,495.55595630623367,1969.545822786916,2447.9107906435274,3593.7141948455273,1634.4670749924646,4731.564923908832,None
2204.583579737492,239.3920504394706,1866.5620255003107,4088.1719513723206,2831.094326121331,1441.1874126194812,2528.52387180277,2915.6927542493486,2142.4902612257897,2795.091956832291,1170.9782468506176,1792.4480107716804,4150.940236174309,1696.9367197286133,2151.1269153285907,1647.1089630450158,1244.497805585595,2786.2655328346564,3683.017090502349,1890.3085607360345,1598.268292172158,1246.4334894187966,987.9458045525704,1968.0572482177408,98.92498650495929,948.2837374830908,2960.4960368291,2101.8490232188587,4544.4209199991055,1301.677522274181,2279.125983291571,5156.413075370119,440.32659883834236,2957.284664311213,282.06381605219866,2669.634763030889,1245.9841239922255,2784.1937555076006,1698.4021783544206,5303.788738262268,3562.724111688061,1509.7022866733062,1243.2594292361916,1711.7879514046494,2475.215931937108,1818.4945286899438,2537.884781790024,4590.437367080754,2906.1476900766966,2516.461102729693,3213.307750976281,4450.921912748283,518.006322483621,419.7384969629423,866.133264000621,3914.680590748252,1048.4783765696852,776.5017082955724,2305.4769378517976,2197.998805209948,1572.436341286281,2386.9959133519837,1790.2936474605688,2376.424235544805,4699.930613442812,2592.104271476252,2873.9397474811517,5729.147619296061,2949.513204669165,4865.52131663765,4857.387007385779,834.7254644147196,5621.29851474466,3784.9285030956453,2534.515790056368,1422.5819965284304,2646.987712782437,237.61473752908614,4443.40840576749,2022.2802164893976,3081.4866508717114,1015.457084094202,2725.580118001581,2307.6086927072447,277.106990937392,1765.8826592609214,1579.4318365561514,3142.3150123363885,2805.5509561127265,1723.3009988852805,38.54762204804303,4175.509605796055,2642.2239239679475,4429.487183108725,2821.08298138457,2775.549621824759,5867.1300396009465,2518.059278210169,310.6662559655149,1569.5082264899213,1915.8393159264026,2325.371705675354,3021.5163301195557,2146.062315748992,4244.898388603679,3305.7663507433817,2820.8016865311383,983.1470940544957,585.7356072365104,3734.716958150112,1813.8858255584466,2056.955767488708,83.73270635385137,2277.793707516074,2758.304255161765,4665.711067185328,1480.9310856304296,1649.5863380851379,2899.3128281871864,2623.587213447861,4403.3225043497605,1209.1177260136285,3326.669134148355,1869.9387409236606,5959.490335569044,2666.089137543753,7157.276480592288,14335.941956687197,1358.880331959718,1721.5207065059376,1550.0753413099717,1407.2369405012946,2932.56606235362,2358.8583006289714,2859.7501297939284,3285.807337277633,600.4319960125505,2209.1851137571985,4125.101083268998,3719.522633009697,2205.742437794749,2131.3739030682314,1176.9513895092318,1388.177148351443,495.1718863910162,2121.6905884256184,2536.013506410747,3176.0789185597887,1607.5027848064035,3945.5105243466414,None
2511.9215725140234,287.0235632972689,2060.9987480398763,3937.908009008095,3463.675320783098,1563.4112723726005,2590.67182079924,2803.436078786033,1902.4498849418744,2658.5300195656664,2280.1241569080107,2301.197200330245,3044.449233085417,2136.028271039805,2148.901128577168,1616.0464111525387,1273.0727622402735,2292.422257842597,2612.744703476177,1755.634454427436,1672.2983234238009,1249.6302878471038,926.4113144876393,1659.9883629918756,98.7031596659073,1623.9074410323108,2166.5309056440947,2427.6940008046413,4326.251590498438,1232.557491064889,2191.739517034896,5179.1865783399735,606.9597761672712,3145.226122490151,268.3224342576918,2044.4419569605716,1044.3262837848176,2671.2114296753634,2026.1649720434252,4813.001930871185,2964.1510790504917,1457.489805802066,1214.0463293413527,1610.9829507924744,2142.2002708202513,1780.9206751515853,2339.147206061463,4566.574374391935,2810.7251385333216,2761.1662162324865,3151.752325241299,4153.867876813861,603.7507765410356,346.5834610207358,859.1064291835037,4490.9231207506,1158.612187689042,727.3677155430781,2148.6693772908898,1965.1585544523832,2030.1416949771897,2036.745988082384,1979.9175541945685,2496.259696646013,4804.873038194639,2757.6448983151063,3026.5963917961662,4562.607282803332,2809.021122305015,3397.5728848645736,3847.25664696278,813.9250268333412,6109.937800088005,3543.328770448311,2329.729608758703,1338.0632287505853,2570.802353001316,504.9116229449608,5164.719161235016,2054.156809891073,3236.0515329528994,987.6415159194963,2600.595803474538,2224.331420576678,341.79955825069266,1688.6163697304453,1787.9574361934685,3075.2254559536213,2739.895366209625,1647.7068897583965,44.153968320582536,3457.968877581495,2695.402402387371,6275.9712994417405,2710.9694485471177,2694.1326600474704,6238.241804297731,2397.013529436347,561.0743425451249,1424.8777751800321,2023.591447567525,1780.8815251507046,2423.143426358806,2085.348353626844,4812.671721320517,2415.083885304776,3003.1061408992573,1121.7633870538195,823.7213273200264,3687.741771491481,2356.819257020414,1916.5381035669407,95.17518754945152,2914.912280729197,1862.5876476533374,4277.545042232928,1682.2945282437954,1190.9920304737186,2740.884610846503,3006.5457162260413,4251.498000711994,1641.515995270637,2867.769164044924,1866.7227586404722,5766.662283482919,2524.5010175242555,4869.101175199612,9631.189668561634,2130.6196491717983,1881.18090697471,1590.1922102601181,1818.897122313948,3474.6606805413207,2475.4918919870365,2633.893490503312,3879.6743685914803,700.9334679270163,2161.3469197983404,4010.9176695974384,3734.9067128067773,2049.074658418694,2156.559799146733,1242.9340776717356,1320.2086183267133,505.7441057489031,1818.0409924829446,2894.512412819586,2648.647190724348,1689.9018243556031,5244.1838739214345,None
2731.0679964500023,351.18309768440986,2041.6187218557595,3884.6207893902288,4088.8733718984886,1853.6616164257287,3953.89183347336,2273.6687274982473,1825.5195443009327,2102.1676682093603,2024.0935165965172,2612.3261571633952,2487.817694504513,1452.3419252600431,1818.1409410639053,1288.0460320249795,1003.9253023031237,2271.949899107894,2536.232852591108,1741.4261323949074,1692.8197192769824,1425.9591121236554,888.6206396057057,1340.9892189155196,164.55503465622675,2241.7999616425864,1832.086357300005,2715.4215567082674,3857.597973751071,1525.1523999909714,1946.9935713264042,4383.739306108463,823.6148382486397,3382.316663813363,317.460892435787,1624.5470809846606,1112.3931366371567,2582.829936069699,2210.9795420674145,4273.408183021361,2386.858955867512,1445.3426149235665,1233.75799354627,1549.6640442528726,2081.7986270943647,1909.672961566331,2222.5508289743225,4899.581237986117,3562.086420732266,2837.2970018350293,3563.700033648678,3881.7420510938623,774.4601970329338,403.5273577033005,882.5033179506552,4637.882696167058,1270.978898815698,760.6352668945207,2110.5940722288296,1806.858920214219,2441.637883709357,2120.562426354611,1872.263128533304,2634.796124094159,4565.048657100675,2655.3553979583285,3061.050994051432,3666.0429467349823,2737.2202216233372,3062.6022836961292,3504.7534466530788,750.8500227768664,6192.397230744098,3375.1589871009446,4197.151268814004,1432.3154307733155,2662.968518329807,365.48445071395264,5055.291563614127,2935.5002078593648,3506.741197149198,1067.6268656871302,2562.388519059898,2344.9457129061284,351.37067650890816,1659.5448220491628,1903.3053868420318,3946.823733960468,2808.2621628221027,1610.2818454915678,44.57083280426514,3335.5659271267364,2750.351337035391,7727.8460428446215,2256.4539910066605,2594.923922545333,6994.443058536225,2347.6648806432336,617.1867604729257,1231.8504784759841,2262.418271688168,1749.2618522610337,2924.551425443699,2323.549417421109,4919.299199726043,2369.556391647209,3117.7502055896393,1462.1105689798376,1222.132633829025,3549.731254104469,2860.9180275735243,1805.0794639141018,159.6112389409596,3780.1003547159444,2069.7349282551845,2583.805699649492,1838.2226220503753,1366.0460518623006,2473.03714344765,2914.963903422626,4954.38883170344,1304.1139150575814,2556.634282338125,3350.814908798184,5611.854273349681,2420.2828694792856,4216.477661223041,6951.665639850963,2490.4236557398913,2500.2344216816064,1489.5776799589476,1868.1035184501322,3808.1023215565706,2578.9980176411445,2389.926832150244,4267.3269092997725,734.7939722205617,1949.9887684912521,3781.4502298265465,4149.646903125444,2471.2875030121377,2709.803790253164,1156.1945791464982,1241.7231541952895,541.8513011034388,1365.6888125319651,2671.7188346099697,2042.4310931652428,1946.40293213928,4283.859394166919,None
2503.4600119345027,403.95861428827226,1785.4713607403335,3879.1694964562425,4138.124986790718,2131.2049539826485,3226.9232921787348,1715.977554310814,1780.7282835066687,2033.6264942702846,1443.0479079081867,2811.488186590456,2363.9363097916007,1552.2527663911844,1486.0270591331823,1148.3900000009519,619.124579242884,2305.245090116845,2564.740804985108,1758.3531715223296,1745.4225930779846,1675.1842277586484,786.1905024432558,1428.3171935614764,328.6594829977812,2143.4383962625698,5605.357516689433,2915.1465525136605,3361.4517411943825,1691.5248824820394,1760.1169693016425,3090.028832412381,856.2630768277556,3473.5668168650136,424.49569495355934,1557.2642392470443,1191.0549839759046,2523.586292405344,2422.2890289516417,4074.732549032807,2229.986055126367,1656.5143904177728,1941.285062265793,1603.3134916781933,2236.3474659952976,2231.6744470623767,2246.157854288161,4120.268058581048,7936.927556742746,2395.650460074785,4107.393269454054,3749.387432880781,973.05764334142,443.7299189309717,946.9518944484213,4553.708562052675,1233.0608699632326,1245.405458671365,2069.3318128509845,1797.3580768757336,2805.174170852932,2440.2224945993803,1635.8583907224345,2840.124611568828,4910.298644926542,2723.517777990827,2481.235934554265,3518.301252182625,2861.541630042876,3110.9205567178483,3461.838887597141,656.92692474043,5654.1713049123155,3334.9540423704548,17682.126019633874,1624.706166269836,2515.419118371439,147.8266272079171,4909.141924983812,5417.413695698388,3748.4919772445146,1175.6110407440256,2635.9556256530664,2558.832747105805,289.65906295012314,1610.9584183261254,1785.9758578011742,3529.0305847566087,2982.345700711353,1570.6296592880735,39.11291658335918,3617.863717247221,2490.794261708586,8310.862171111046,1815.5190117855277,2449.698573050817,7558.072604632574,2235.989919958457,382.81997373076524,1163.5361693023356,2470.5195525098347,1802.7599242879514,2906.317400490921,3849.0959174551904,4532.685349573289,2310.0023363383098,2828.704039344077,2152.2140251560736,1696.406884470421,3340.9615313797526,2686.1326230164577,1702.5291222043413,227.8566365361229,4756.327673199837,2461.6408169480187,2374.1438891636235,2161.6999741699765,1473.586683481292,2339.006029992809,2512.175849771831,6705.051449878878,1130.175879627467,2429.195493525384,3121.3154881580126,5731.749285570568,2305.531002612697,4072.3383995511854,7151.8747678866175,1965.1686534084988,3290.359050680676,1449.184322660625,1768.0132218424908,3401.225123409732,2677.586481233851,2303.510064503236,4508.9476256958915,694.2037200445288,1808.4591945821765,3632.7554838424103,4979.732872812318,3967.9237441966266,2272.009666249353,1026.1169795426133,1186.2257815352182,534.4550625568346,1335.8613879355164,2198.7675072358443,1886.1832963422685,2340.380148773583,2883.8504251174463,None
2011.2528621410281,360.47409729950164,1685.177758709086,3848.3397851865748,3727.255298481858,2192.0504230141805,2728.129177606918,1559.1770587549966,1848.8890098424015,2249.450312237873,1553.3429339774698,2975.6405410897887,2014.8318427981744,1345.756522705027,1466.1216501852955,1328.5509800679515,894.7594620046922,2316.8102587247,2452.087511200445,1644.350598668732,1740.0129080392771,1851.2584958413254,498.8141944079245,1494.266501467581,576.6147630391607,1658.4849575524188,6449.339606621405,2843.5230957992985,2906.458251359721,1513.7432684436228,1707.9272992408485,2176.0770206629168,551.6044511112042,2670.316892221647,484.3757581502928,1532.4609511460526,1271.8347470278372,2431.443258681943,1980.2601875941064,3937.7111706124324,2406.950217672799,2087.4583447413197,2319.190550269328,1492.974507938259,2245.6886137409488,2548.681650005477,2361.7155925332745,3020.888882155625,6484.856746568993,1658.6280016458484,4545.362740542421,3496.126237726311,892.1283154116104,383.23301027588656,1030.3877117141108,4301.281372956182,1175.7397501920634,1719.2551049586584,2078.3985454601348,1892.8196852761664,3154.2493960773218,2837.443984485219,1626.856955962714,3148.0634378000736,6105.099063680638,2879.5153971027416,2196.526132643717,3505.3261664396496,2795.122848544177,3209.8415172886657,3555.6041047234435,589.604265496541,5183.095661007017,3231.483697438337,20217.141662513102,1836.525822208074,2148.9574447239443,164.97821595040446,5289.36965737992,4292.177734489549,3847.145641229928,1335.8325404762452,2738.582529669781,2764.059777613007,224.13227822975892,1573.9052980998017,1607.6513027836913,3145.561874374499,2954.398194543161,1508.1847912609567,38.47227663181588,3557.3131778394536,2574.72576556177,8199.150958961078,1757.0109169349173,2391.059342352326,7732.675758249575,2124.9249539891784,313.5513099386663,1119.827662304409,2697.6100906548872,1832.8604631806447,2610.8594105101033,3086.046872228791,4831.557890064888,2217.588031146309,2637.0010848665906,2412.196142929517,1997.6538674591552,3143.111570395733,2726.108482519723,1693.0914224198457,263.0757336951146,5580.380230434958,2475.3258324087155,2447.722306843311,2966.5138291376384,1175.537376465038,2263.320406707291,2350.4985980913557,5548.444738423044,1241.944801856394,2401.0272573980687,2413.435502993799,5958.570357596171,2214.9803284896807,3738.438162720296,7414.137815375064,789.5920677364309,3848.864593386166,1465.7129250237217,2116.304910323693,2416.147490101025,2577.36440786518,2256.0548455421012,4428.729438178108,645.5165045337716,1799.2417661038846,3436.618753849487,4891.777743202169,3139.5871036048993,1848.3555544171359,1090.4039372670234,1211.6141916876081,475.56296932454904,1259.2837606187295,2013.1082499195154,2575.9118461574035,2734.7506803966544,2790.5314864617753,None
1833.2857280164185,301.1138193192548,1820.7715792360018,3915.4529592102367,3488.6947597390367,2145.837688905968,3071.5693258903943,1672.8729011478765,2085.1284619556304,2363.2483649404594,1786.0173943833552,3151.3908674061245,1927.4642485032687,1258.423306470043,1450.402933552322,1691.4103773851318,1257.1199995048844,2396.9625537729084,2349.656257723468,1803.5843101092391,1714.6210392070193,1882.4512117285267,446.97123879734744,1653.0406376261944,383.59373629066096,1461.098959960473,4217.111888164986,2594.8070830158003,2956.0428710660976,1444.4911740763027,1737.447619382,2061.4947213102623,445.63401639030195,1999.8409421371455,408.8713770724131,1445.6822210184516,1424.8920132114029,2242.299820273379,1950.6255328735326,3786.525302858507,2786.5540298246833,2546.524839837907,1982.1650410030786,1376.5672553671275,2028.9937227822847,2808.3229856893117,2416.551164725004,3239.720726055653,3361.195531153386,1432.3843964884436,4970.058414262826,3314.848763773944,628.5470944675628,289.5743846905918,1217.750644677439,3865.194086211058,1380.2204079357214,1481.474896852449,1956.9460646349407,1942.9000563674156,3372.61577045184,3350.912632113677,1734.8196663469296,3493.647582865003,7898.366542555439,2650.4226147838613,1803.5047512447788,3468.598456606574,2599.023090825528,3313.6442687362032,3532.4622696456317,544.9870465351927,5220.358609449493,3104.284985679711,6963.282273265447,2209.288190443603,2102.267122464885,162.04606940126254,5565.828665909722,3307.3964880896324,3643.404683703206,1341.7529100312315,2761.595779220144,2970.453132628925,354.4055201967228,1552.2987917718006,1479.2344494658855,3056.889522445272,3024.5335774102778,1500.1500703309894,38.31623362635326,3712.7347651481173,2752.3752288166856,8040.664244767821,1718.9898695962977,2310.274848113519,7283.58084195086,2141.250554691614,343.5898249422092,1087.6634407715148,2971.8227094673607,1754.7534663751474,2469.2030163012478,2207.964967605197,3939.1962199364702,2136.161164456537,2574.4388557564725,1759.925541721683,2139.2633213878007,3063.891438148093,2105.8243295858288,1692.7260539525994,297.9861320665918,6053.0473994214035,1862.2912767719674,2508.2634609184865,3624.2479943112103,1137.679406686869,2202.6929370731173,2245.3420398764333,4382.690042468767,1299.2180320927694,2351.9663484837947,2395.045477934089,6109.174159218367,2066.1955224006642,3585.095674512428,7201.127999843852,556.9384482670779,3267.9642408825425,2560.708715183301,2723.4800115640915,1675.3544716678643,2372.9251675444048,2077.695777992994,3986.044251394202,609.900368962166,2033.3749066493526,3203.14208455438,4050.653455138525,2582.5764748313704,1795.664150800708,1318.2355687236045,1453.0465116919058,430.6784807967658,1227.5249988733487,2166.3030800398387,3374.8941325827973,2802.9902757195196,2861.687097597612,None
1848.1066268220466,281.3093150438545,2063.6518286149035,3863.7095095852446,3644.1065163507283,1893.502229580417,3464.7425706233144,1630.2529540642224,2460.9993588471666,2465.77034512836,1994.8434875815065,3193.796291342521,2065.5242161819656,1251.5089191120821,1377.3120858543352,1942.353927062989,885.9987964868383,2453.138213713913,2319.978041873801,2834.24949955952,1719.8837767495347,1424.0091587541815,565.9987803419741,1918.2223998848688,119.09156374984268,1639.84236374426,3674.990171589342,2501.1778388587977,3042.0374909833868,1729.0751940117148,1839.741736676568,1962.7929171221865,433.6700763998944,2223.3102872049253,283.3577347295995,1551.9000442445306,1616.4448602700836,2139.900690052745,2213.0366718344453,3594.0170855696997,3493.102276916072,2951.556678183237,1656.9309174857885,1450.7141251316273,1918.3087271394375,4171.853363609316,2936.241788358061,4353.558226503106,3305.100495097759,1549.349999665306,4733.431331854613,3413.995269832983,557.1405716959964,250.14703148033325,1597.7200502592132,4800.151296657237,1295.1065427760354,1197.8734706652353,1869.1598997570238,2923.868912518446,3348.524540135501,3541.398960040845,1805.4812921596792,4124.32414615251,6607.4453090270235,2291.299907225796,1689.4318624318773,3396.4684293392747,2491.2159240913893,3313.144081719697,3384.648411535045,474.3290414656638,5429.099191089873,3277.026025355712,4318.091840291647,2776.701220655604,2157.358012274781,131.373259715822,4549.705821185482,3256.214989112957,3476.7475149414336,1344.5253774358482,2713.940831739229,3086.3251961032393,227.46241613874903,1446.4946758843469,1164.8562490915967,2931.6022896182185,3330.9721810142005,1643.4742027470327,38.12817177115704,3672.07651017468,2827.3513896605896,7559.694493678491,1768.2435282126633,2190.5078123000044,6710.786790312104,2448.4718365856547,297.4928502723192,1103.397156388643,3381.1599162916277,1596.6306392778797,2377.651656246883,2128.4550598803157,3156.466308085587,2076.488293949622,2715.367757591628,1157.2872461304034,1819.8213305556385,3106.9284578405463,1733.1970041103787,1493.0084692827795,328.1848011983336,6075.96108282457,1632.4866779759461,2485.708596488233,3271.593572568836,2231.097834912255,2146.3833475367505,2139.465165889163,5031.084295931174,1158.8342116701324,2326.0331928623355,2518.602914340141,6347.1528294928685,1933.6817408409836,3633.8222543365223,6819.1383206335095,1225.1413819845282,2253.123201877567,5015.628831444439,3408.3013774290594,1615.4623711796385,2365.872809239563,2014.7037450741566,3613.4908006909254,657.6735683567757,2423.253724505482,3153.224962438413,3667.5221619922527,2846.587835550405,1769.0657440074729,1601.9802869283392,1807.070832396608,390.48123157579107,1269.872126397342,2395.5751280389013,2803.020378661808,2425.6811523237443,3046.5974114990363,None
2026.865487174205,252.18869498178296,2293.0560436013448,3677.679586277328,3691.0278251639693,1637.9292542214068,3667.267647738233,1407.537656272007,2842.705886438668,2905.8900604568257,2325.2671492837585,3124.7281092472062,2110.589730900088,1230.2243066646788,1234.3849798222232,1804.9430044272144,746.2108603634325,2370.3099720596288,2140.099396704759,2393.881182743825,1733.3599434230769,1453.599751987137,613.5097926416622,1770.6851777207003,98.38873097879005,1963.3178661346012,3677.304900972275,2297.690903763681,3182.4328357770814,2244.750450198335,1781.1677737507025,1934.991891067482,423.2607466033628,1860.8266324986048,264.1389185661121,1462.0401882288454,1790.6722902555885,1920.6115509926974,2108.932743002882,3475.280785840466,4008.2432819131764,3333.5739709601603,1727.7821282322793,1366.1426629574428,1711.254369402658,8642.667501636555,2732.4981243003026,3590.6000533607503,3563.442384371264,1485.131947151316,3775.987184737758,3533.793713335261,710.8773723374331,290.83069957923334,2135.4967613341746,5142.857589104587,1122.1642262960079,1267.681063600831,1757.589362798239,2659.5396672288744,2987.385441503974,3825.1198860999452,1517.3705162096194,4681.072415767474,5516.3492219247755,2280.376076507472,1749.5702807517553,3461.4482328219624,2581.556995051065,3299.8574849945376,3162.024360549092,392.70168456488983,6020.740266991156,3588.8473157528792,4391.151872356341,3275.0195337963287,2350.5830901987697,111.70997956751957,3059.051797870433,3302.4761222243005,3771.7932538162495,1030.5283731693198,2739.4926763225426,2632.2127572806544,123.78675229598599,1358.7918311665705,945.9159803071747,2771.133005853781,3778.428563186048,2056.922973349001,40.95377594852231,3285.634423069603,2905.0350213138418,5358.402861816442,1888.2334927708712,2123.6513954507045,6718.148507445076,2354.06065330953,299.78875353106633,1192.5309833358367,4086.3723970167657,1491.2439022188828,2268.100357908388,2100.595457110432,3219.00884862138,2070.5270269575203,3106.274136324896,1031.7362955057795,1638.09400100984,2860.2178720160155,1720.5000005645277,1344.704277162036,327.21022387298785,5684.076101456113,1648.0534692688418,2594.2350235587764,2847.893136551727,4001.5460720284254,2352.492328829292,2056.6758922150175,4912.301591530104,1163.32118100494,2218.5419497767757,2638.390183736801,6855.15422559058,1812.5437754643674,5037.20614129911,6060.2800525024695,2433.7102950141984,2054.232726104541,3483.2495146373494,3957.550029398377,1761.6378968764145,2393.113609141583,1885.6325382933856,3710.816202002632,848.8729723723758,2770.992807899904,3034.881967093087,3834.424227972731,2720.006892629946,1711.6353635870005,1819.1049508396904,2148.036523957302,386.839335135144,1162.8404586906681,2442.062906962685,2307.4141462090724,2253.415961177428,3902.8802000002447,None
2230.5532123677,252.62059229848282,2584.73750682573,3688.186073210158,3174.6976825300258,1560.0366775035675,3795.3397178754467,1337.36416729058,2904.260672131191,3692.873945687177,2711.840251130936,3293.354893019479,1850.146674791524,1206.4258650250458,1181.2405693499175,1527.6727332174344,1106.463571913728,2182.3866504402577,2055.3475210077086,1995.5336331546093,1859.7753932450726,1812.7318119989047,552.2235656493665,1339.5460621562358,154.44110754340312,1617.2747652373446,3582.471952826626,2033.3598578092856,3189.1712201770238,2666.580996510998,1663.2406686080658,2023.7622376159134,402.500355211604,1610.983271537739,283.09901761524736,1283.4362778903426,1738.2038976565934,1774.2709685749978,1971.709254280413,3458.8462454905107,4380.758891191454,3807.0680889672817,1896.6292927274949,1313.836787145199,1622.1875686354012,8631.544460954598,2411.6785420014107,2838.3313043667713,3974.911609287937,1304.0245813537151,3161.897875887285,4108.190641471695,597.3614291062173,383.185084808793,2693.656488837999,4768.014856442723,1370.1867147717521,1254.1228437691352,1646.4293539984171,1998.888445723109,2360.44967246271,3891.5701724490973,1786.9282977237594,4753.271535776121,5415.855122758433,2029.8753656458662,1761.2070445048316,3808.200198306557,2948.1001963810527,3132.0748855317747,3247.3862184519194,359.56157469401495,6590.287459420642,3792.2357148510023,4661.360255778494,3511.71788496997,2621.964675437605,114.93725055485251,2599.400304406048,3236.9402007581675,4325.351322931942,867.964492291846,2802.3651727233173,2209.966386327802,103.03931867188815,1803.9259270512127,903.1035262138496,2635.183136129248,4309.9134281585,2623.041176837521,40.694692165609716,2876.6285139726947,3273.299322744255,3723.15593670511,1779.8925882978929,2073.86419258468,6786.399595601474,1957.247045833916,387.1854097797786,1433.8071486597107,4884.606473009186,1450.1429563395498,2212.906160148453,2039.7115019918206,3362.871017061893,2177.8358268880943,2652.65978457066,1012.3231163451551,1999.0214159622608,2550.216093808704,1615.7194259213168,1247.290575951826,278.37312499611505,4041.9760313588263,1997.1032753607294,3153.340470495896,2978.4016233230846,2943.3059905592004,2893.4605892275176,2077.341059255918,4409.118164607261,1131.8773629398695,2132.6033856461913,2841.8535030145345,7541.250842906325,1703.6574885066007,4292.528718737087,5470.547522745221,1338.3436093522016,1949.6128122923828,2475.713004869383,4048.3754741364332,2064.5813845115895,2290.715582385631,1800.3052031991385,4166.644247011521,1002.89221823371,2890.140196822097,2934.9528128983193,3166.684319787231,2483.295586826161,1660.5527271296023,1879.2626167319247,2605.2648478133983,364.83289716919904,1091.1993641288507,2141.264476680698,2367.81685383795,2471.10840036778,3570.97450367399,None
2389.153688908953,249.31703363788827,2883.7543630979803,3601.6995556378565,2323.789238736841,1712.0457138082693,3895.919423592987,1339.5725776108936,2749.876509494596,3969.45070433172,2769.9970780590784,3287.6397106152644,1761.7776946575157,1158.724948484852,1117.2941549068412,1170.725730508276,1435.721359693865,2014.2184909833993,2133.3643649074993,2148.1617134054427,1979.3340224855367,2740.9525262547722,590.0968653090094,1254.3679916334986,898.6390155177015,1602.2691163361937,3381.2559500977254,3913.343854701272,3796.6278541999823,2128.93263882355,1658.183529505022,2216.5059337263106,382.7873144134027,1558.4476324182913,325.60341615460715,1201.410824031358,1321.5580374577976,1721.532035961735,1744.3243343769846,3332.601887647058,4662.856948598011,4225.282325827471,1755.0948263838613,1304.7208382807955,1746.3996999688552,3996.691778311733,2372.781474374589,2831.532565429618,4317.456199549643,1200.7984145234884,2938.315200343166,4034.856077104604,597.5303444772683,486.4527391339345,2758.3227625657482,3691.745734023187,1131.1340942539991,1626.7378444105493,1607.6799379341571,1869.8220850773841,2254.464597886052,4063.5784780533522,1697.108062830766,4040.091764090686,4457.023688726673,2014.775654497851,1735.7875467514334,3993.175142919716,3124.9317243224077,2898.058017483745,3780.7532633029305,343.60317199392006,7012.2104226011825,3869.4156587108555,4980.125173377557,3081.622645363426,2814.7937175359352,114.46651087672424,2595.538739618161,3248.668368708093,4942.688753692266,835.5462816056531,2768.412446580763,2108.647926200461,139.0134068514633,2012.3957222015365,859.2719112602522,2674.4783792006338,5031.530514357401,3144.0768144371605,37.87238132322543,2728.294874190442,4185.46225104498,4440.987498625926,1688.9082255057249,2235.539857703477,6407.923371749197,1755.304427070232,430.27865226258746,1769.3468596834878,5210.137678109752,1393.4462036333468,2699.254028202356,1984.4102034446407,3616.881583472343,2470.789622260858,2363.373975033381,926.2508293812165,2206.516777762881,2779.7637558708448,1565.8130971483595,1202.9945832246738,175.88944555399948,2206.857953714726,2678.696439207109,3758.2625653194377,3555.143373008045,1873.6431564987588,3179.0587020755584,2256.941825830828,4201.9205990701375,1150.520453598071,2788.1724813245805,3162.019385318935,8409.476065631874,1790.8964179925051,3672.0846923723448,5559.4988011334135,742.8187793199188,1954.8409981547807,2465.022991626104,3791.8718874590995,2521.330948306601,1956.4907729839015,1835.4693914777372,4722.198453845606,1072.9447216369474,2738.2616010255874,3048.696216374187,2295.683917308668,2789.4152770318988,1659.4860999548146,1862.4486372922918,3117.9083492488908,340.20654485208274,1113.9292947547046,1806.67244484912,2748.906404127347,2999.816405811969,2958.6980036879845,None
2342.879662281365,249.03441498986717,2946.01522282158,3297.333324188432,2259.7817492155464,2196.5835547455786,4051.993243232821,1379.5421734912966,2770.4296666481678,3049.2646377361452,3437.765972701857,3073.1100960760687,1735.605643525826,1167.089534600823,1185.8910010516702,1045.7132968875158,1499.1909489817826,2040.59925117983,2189.125846888078,2385.805044393812,2321.9823784833693,2447.340287101508,635.3406068984666,1390.6994101051794,1859.9051135507134,2013.1958703029727,3233.8835247060338,12580.645571308822,3805.9182773010884,1684.1858873543204,1504.7668401614285,2443.8453388041194,440.33313363905444,1525.3853178294135,325.39969647269237,1377.727660526463,1183.809351973283,1756.3990767320786,1589.3017229432928,3155.2496544212468,5077.927067081193,4521.778920218474,1686.3761096309124,1281.3871166984254,1509.4717001568022,2776.1781170560853,2600.8868979737467,3090.629800727705,4328.240680737348,1317.8995218770335,2743.420569180467,3883.9450100768404,759.2013872871049,557.546426391989,2594.512483156271,3101.8332782989173,1021.1344755011839,3197.613084327206,1515.7924253649899,2304.341650230217,2532.5890101811237,4521.168124341331,1468.59703754833,2948.1479522465424,3932.619419576327,2365.959106899309,1711.6568700783453,4051.82212154758,3297.324631554726,2893.5045996946947,4051.7470997636715,371.3542198978482,6534.849996185514,4055.8421388611528,5347.074823605238,2250.362805494341,2838.558350290445,93.26621164667554,2539.575639337403,3335.7953948449663,5167.4159616358365,828.3071658560975,2422.290897358884,2146.349395636904,218.36436479668384,2720.251370565339,930.6363621509594,2787.369439834345,5241.788790945284,3629.557461883845,37.554600692825744,5221.352955261782,4862.091579103817,5989.516126033725,1673.8585227839974,1946.2267305136268,5474.263654137525,1730.6496343229642,387.29390605228036,1981.2008902233908,4526.283502245789,1383.0603398186026,2253.8168588746053,1912.4847034836264,3670.172101489709,2636.5374149142467,2308.4744068300947,872.5772535056873,1614.3925849142606,2860.689464886582,1693.950757848513,1229.707213268134,194.97303078986423,1764.9561046998706,3368.5576365674833,3749.2840903926617,4321.5467215606095,1766.8498177392237,3035.3567467941425,2564.138929443924,4107.404466315999,1359.1203215450846,3407.376911253733,3430.3152587821223,9002.292793716642,2027.3921476987146,4531.283891590921,4940.727728656617,735.6330556535833,2097.965937136543,2409.6882225957293,3690.9982482231926,3077.4758956671308,1621.0604079211614,1782.7181559995404,5260.167441910072,1254.4575580332764,2633.3588572053322,3091.783882132632,2280.910913481558,2444.4525990157667,1716.2424793691275,1878.6712620412522,3615.6010532253736,325.11151468267013,1227.0130041197706,1705.5160407857006,3136.5556851426954,3243.0404807615446,3029.7502621745234,None
1999.0848562385906,263.2250673559058,2163.1173945127302,3337.173581187157,2933.211723567966,2784.4250896618323,3896.544762757224,1320.5621720298566,2688.957293829464,2119.584514633018,3314.2309162742304,3042.0442057578703,1649.0689615615008,1105.0992424692286,1334.7680902158816,1262.0762544713589,1353.7273767145698,2141.8539663760207,2124.2926173036503,2291.471178668253,2703.3924404265226,1794.4531469132917,676.5654824244557,1695.9053087739114,3320.8446265785096,2309.3246337693045,3136.8111545453335,8982.021220402054,4416.015259711474,1658.0697053884214,1371.9961376010015,2405.4802068479353,441.90936929350687,1475.6534528681948,306.4131942845208,1849.6325624029896,1221.3492317181085,1991.1033568650366,1577.6256368654424,3033.2683169428265,6540.542474704127,5047.545076420609,1725.716508292889,1224.3069753395896,1405.9991521890786,3483.731700271365,3065.429958432521,3380.186685242532,4371.9941539685715,1673.215369191098,2715.9851288680843,3892.692968011157,976.1894754019523,577.881692328612,2292.41582609942,2820.1225372289337,1014.5383793456674,3504.183570019844,1533.6524575210287,3703.1113404597468,2726.2804742599906,4514.22037688164,1428.1543976858075,2484.2421699626525,4336.9112278725925,2921.9907481231244,1506.020037282963,4545.478607262641,3735.7314127545374,2757.2919809363525,3385.426691285028,406.4669359067556,5745.4051326354665,3426.1022586013987,5576.625540780927,2036.220950129073,2583.491735751957,60.930879752650995,2513.120252320974,3545.614343447611,4149.969269147713,944.6028590393311,2130.361219234257,2277.9924937613487,251.294034657609,2513.9492947347635,1230.9749223469364,2735.7736141372393,4883.879767799705,4161.437860064984,37.37812472404153,4812.642591490273,5164.1871140367875,6211.751558052138,1442.072371955551,1731.5108971607772,4746.666103101371,1719.732000213104,303.38599553551245,1844.146667259512,3913.3515448872968,1588.5733667655375,1982.5434435300065,1848.8472123091867,3313.004353855651,2419.384808820242,2309.1130800770434,853.5910226772024,1368.337772703164,2793.588181478321,1882.5922854069725,1144.407684028234,546.7413118384993,1702.4207320423207,3823.6101471312877,3310.937926203525,5069.643917170235,1776.9870900156436,2939.7468101966138,2946.110086227307,4084.043020316615,1683.0558163397918,3150.728176661532,3252.374385146359,9178.343755095884,2037.6202503223487,4120.747628934923,4410.376594115668,729.8337533645911,2481.4213155486345,2301.4212479283387,4206.790244048006,3292.0484763858312,1625.4063974117275,1714.5654390360742,5528.664558882661,1543.4243161796617,2670.673606233981,2785.2478141147712,2253.1289382091823,2202.8674794594567,1814.2542976031327,1962.360202502172,4101.8296698008335,311.39152327369413,1400.5973802437113,1720.2474805716654,3361.807146178468,2724.677180933573,3240.224242652405,None
1908.2734266009606,270.46864759652766,1749.3285580603686,3659.281124691688,3352.6365375318346,3114.075655923605,3340.382939900477,1203.4125343534993,2718.60407267379,1800.8959965545928,2821.370196493435,2697.3695485024746,1537.6178238051525,1104.1697064479906,1136.138684013962,1733.5921877631574,1218.0902949767838,2256.1468671711546,2010.1574236592346,2243.648851205962,3144.670769420533,1905.3809557657294,712.859475590542,2163.9284253101073,3000.9403897301995,2313.5736955098528,3086.221965766997,4782.674910475246,4012.161994284953,1857.758902372916,1306.9895801545485,2298.501211178524,405.1314706161552,1441.817768665745,261.7180842478798,2319.979027016492,1237.9970435315945,2340.2759460126936,1742.8927368006448,2923.96326168655,5561.784679484863,5466.287487606269,1761.981557365065,1184.2277299209775,1480.4498485836602,3476.899789523749,3386.9573333748845,3637.950673259439,3808.624533203606,1846.5120352076801,2588.635117352873,3466.0404548985575,1084.1706005933825,592.408323234228,1829.2364176076997,2805.560719884623,988.1978831650708,2533.363675645157,2173.24679573066,3303.9114099146886,2789.273314705995,4386.225018152318,1567.3750544892425,2462.24378789987,4764.845570661915,3438.490486914244,1376.341236787677,5057.270718373786,3610.506706300885,2677.4927563871565,2733.5300461079864,440.9779432369101,5463.321670771121,2746.6551924960972,5454.0806764718845,2213.273566574104,2180.5510988116635,59.05274503085128,2395.323650356608,3903.481435825636,3239.147037672679,1153.6551655975118,2072.766002944787,2216.9367773324784,188.8325639798028,2157.2725201463604,1568.3187598329364,2582.5611913258704,4689.0068278890385,4996.675533121725,37.20356412013835,3322.6121230716412,5289.3973369136165,5355.717382549643,1401.8841113622545,1783.669642566804,4233.349447118684,1603.5021197194949,308.312198021914,1491.8734932839138,4237.92337877548,1927.0277451249976,1931.551932815416,1702.0912819097725,3073.858054549962,2233.5333153574934,2147.72071283172,882.8101423826976,1956.3397590835025,2659.480737921212,1803.6420071912376,1022.7129463089196,1357.7082807446275,1674.7885589847049,3959.0610036020394,2925.4714078021916,6159.150690208461,1811.5962917792885,2651.2644797132793,3108.7858198442045,4268.004703050789,1884.5704890592533,2655.489943056029,2786.6656205138947,7990.602592662464,1690.1200039904825,3737.6191614539807,4399.889896061853,779.3016003718918,2119.6526585326324,2265.298465860477,5228.342441745682,2663.0388917408523,1660.687779291088,1946.3355333448912,5271.499300563603,1918.208652969618,2664.038902775976,2543.7282963374064,2407.9696147264967,2087.971270616638,1911.3418412862054,2035.7071176629474,3488.459424077659,297.43014171646,1654.5170882315304,1806.1719351860895,3058.355475834232,2492.366270934959,3110.306207000509,None
2116.771749649249,258.80784612415056,1714.6465368096624,4770.200624544001,3132.742464127516,3151.7897417278364,3029.74507427873,1141.6128140219623,2955.8995808650316,1623.1961391458071,2168.671298702467,2759.6668728043232,1453.096708563071,1182.0337189687675,964.0842617917168,2306.7523812418954,1071.1981122042012,2203.3396911978534,1901.999978601231,2310.01041258027,3687.498296796255,2043.1364353457293,726.9366724016219,2757.0520499442964,1075.9488208137905,2517.2913980952185,3106.74111058146,4447.656538588969,2937.746875756506,1558.8885257486745,1275.8687384070356,2675.3554012180384,793.8559166293737,1523.0112878270647,513.3130948461163,2369.5805579862867,1146.233356405906,2788.872100577197,2162.657768480036,2985.9805733468547,4066.741343298468,5219.983129287218,1660.1971606889176,1193.9466461150419,1456.3319034131794,3042.2594141804293,3489.9729761314306,4178.859715334791,2758.3971921815223,1478.7282680348492,3332.7805090835436,3132.8893445700023,1082.454429141664,618.9315119825862,1852.865069582428,2636.207797440982,1079.4607387002568,2281.048911638465,4386.061930877789,2906.208293565794,2022.6891774984529,4485.148683503807,1814.2837257649676,2163.26120161514,4651.317358078268,2976.6035011958256,1325.7086624538906,5239.026270977533,2867.2868326197467,2997.728661232748,3007.452857236609,460.348766927796,5315.056259519351,2621.4690106067465,4674.998330506398,2591.727072453355,2009.6643600912264,72.43087700681635,2249.4426211674095,4087.763916682563,3625.4832484245912,1090.1371794780966,2134.3157303446733,2095.6498842257965,103.81996012784106,2092.823528727582,1584.937978505569,2590.2021540250485,4282.748735748499,5744.318374020021,37.07403833761792,3522.025976074001,5434.568564854734,4527.231150468816,1498.9227977258658,1835.50627592862,3861.539949645564,1533.5826926185364,398.006661099498,1305.4343597202494,4583.300270737184,2035.4752821200198,1840.0109908074396,1562.9719465384437,2977.068729441004,2161.8579806509574,1971.2834515137745,817.8878922825908,1480.6268525339585,2481.0569879309523,1485.1248499505414,1059.4860054010817,1824.1149994567245,1637.973667043867,4231.655099461632,2817.197745161424,7250.166666814691,1816.0524487459666,2502.3425762263423,3044.1081074816598,4541.463015576986,2062.6046591604554,2683.282469777188,2673.074678385568,5686.318686039063,1616.8785456435367,4561.259201916904,4466.695631517424,797.0907838215708,2022.0545534527587,2339.852166607502,5834.762559528725,1962.0691228234016,1779.8511211817263,2281.6012905842235,4697.265200011511,2202.753961411764,2751.33056158911,2462.180998312295,2845.637000632623,2010.4138649110464,2232.1404745765617,1819.9787823000315,2582.5639867493287,306.28947036137737,1958.7414197990024,1958.5854551675327,2515.150957016173,2972.870758960481,2720.932948861095,None
2153.73056679241,233.70721343423045,1706.870385358359,4679.308566359736,2775.8876376305543,2779.813892659215,3242.442260507873,1131.516444897319,3342.234819221574,1556.0048706350228,2129.076726959976,2577.2436521708473,1463.5216717052883,1396.617416292837,1048.178473999759,2794.9396443411156,1102.0537157579424,1901.4908250728488,2119.000670741124,2426.924088233111,4238.42358537975,1925.063408396356,641.5895391623197,3531.598843713407,407.45486594335233,2855.209398314704,3061.6213809700325,4096.40522477954,2722.2685312855624,1415.5443750836218,1280.1340962070014,3299.6300066193126,869.2235726210147,1448.900252824351,1185.622730417204,1957.1905737117445,1058.1236145559926,3665.89433043406,2792.1665353270278,3256.32208943792,4107.069085672846,4658.170302680721,1476.8496225989295,1189.4020445352521,1531.7224826206782,3232.5220730761744,3464.445577864159,4774.716616982551,2323.525149130461,1294.9345092490366,4808.953880276124,3098.5222699213177,1148.611048206094,594.6163317922649,1892.2176859449835,2609.340356977704,1315.39106121103,2255.957964700442,4839.1148416457645,2966.588998345603,1938.1439290406,3599.2552033133124,2100.605082393625,1989.877500057948,4702.133106209536,2626.504777239609,1290.6910109131002,4901.790828956451,2694.2889210226253,3143.2710594903583,3823.9685973808864,444.1354326907963,5099.075351832008,2861.772230934879,3871.232562976951,3144.5320958373622,1943.706885278196,90.5425677762636,2175.780335029473,4323.141821359805,4637.120828934187,797.1804830514723,2245.7649812802765,2297.499260864,85.49488532654615,2089.828547672993,1548.763087219631,2342.348213011625,3165.5070592030274,6013.024861525904,388.8197840359764,3807.054299185069,5450.7557059068295,3573.099994383589,1824.4021493794492,1835.4737615146482,4008.871614626799,1447.8088459192124,364.6021148585647,1234.909246534989,5146.34792683882,2009.013123503672,1715.0265316695363,1481.806586483203,2880.276415619155,2011.609193981968,1870.6260035123491,774.7494500363297,1255.3469659666002,2189.2801128509586,1419.0695514490512,1159.5223886580486,1517.201614253196,2313.817602140879,4746.932229191826,3053.458774980655,7787.442291623385,1926.0963059451417,2727.786660728219,2758.4045986609167,4786.138482702965,2535.309592699899,2940.445834330657,2575.4490711728185,4909.510901555508,1592.8558417454776,4203.022894809071,4142.061834954528,783.1542904618635,2179.5217350484745,2457.839816621851,5750.2216089935155,1920.6353509589835,2004.686740161973,2667.168855246899,4118.407104043245,2287.5359719615562,2907.6843806787374,2389.1314725218426,2850.4053029437737,2012.932637126332,2888.674144616387,1690.2482951497202,2585.075433786328,329.6888192579782,2406.932365577753,2178.822786353692,2478.748977013854,2793.6361867183446,3013.993455785218,None
1801.6440682406867,234.92969109086638,1798.9374474732574,3863.729335704329,2780.208997956345,2465.617364489347,3779.1363600334944,1303.8064650739645,3904.691136097461,1648.5187428191225,2459.376786460414,2342.800944580394,1560.5711829538095,1664.395848682396,1280.8232897912621,2961.3406471212547,973.1129462946367,1751.7419054330578,2550.424419270992,2432.0707891688808,4815.501864450024,2134.139400084609,550.0426539390751,4364.20741199244,639.6598773014517,3065.1385641325624,2958.86076977432,3964.4295142114443,2589.8170199692545,1610.9353589071384,1419.2999895693274,2990.5527492285883,493.95035771365883,1382.3772976246207,1351.284915816084,1779.6896724784374,1087.5721130225397,3410.5455519108946,3249.705258831997,3318.110199419893,4872.95576646555,4093.2884601238375,1356.513581596286,1108.5533016824534,1860.9408271842715,3945.353492649787,2966.198686715637,4908.82403190175,2186.837863278585,1586.2645265810309,5207.1486171898605,3683.216392345475,1243.8238297606958,569.9450241966761,1817.6850064949274,2513.756425533389,1563.6244407572467,2192.57566769021,3375.021953871889,3087.887654656835,2189.9529312454715,2420.2986784815594,2374.628787267116,2128.6736369079917,4473.407946686793,2974.714505977266,1422.190843271589,4187.697179654712,3142.634091856824,3208.08442132097,4581.922154932273,661.0413902381559,4099.196976042008,2580.3796496754057,3678.789750918265,3599.23721125063,1868.5527059696888,102.82650516496399,2079.022925456058,3848.7613786573293,5469.260926662749,713.7873417378364,2346.1218622276747,2346.3849592179104,94.19686391284063,2092.3853963033607,1635.2547280830288,2079.8849121154008,2539.860935742035,5878.796751422252,424.4689798682118,3599.3444278820784,5404.050777092967,3206.542447196357,1962.8775856281445,1867.1090704960525,4203.569000417986,1394.5812621353607,239.85081427549213,1174.0224536318462,6149.959326465029,1926.2604176082152,1658.4205026108593,1406.9556595171778,2707.6229329908433,1899.049653803743,1821.2379040725416,946.176789276815,1298.8031747942655,1911.6035733431079,1394.316858416464,1290.873191117317,763.1560808778638,2407.792670623201,5355.3568088737175,3280.801835007609,7755.496199971215,2180.03622178364,3331.0779185579354,2598.26174576973,5140.827152462614,3279.8696262098824,3320.790289750761,2508.895515743043,5932.20889460653,1574.1508424696592,3619.280153006889,3802.141740924323,810.1227157991952,1934.97967522748,2562.163074857181,5762.738949626633,1940.992435264043,2141.7926323380248,3035.14073229338,3617.306354413755,2251.968282661269,2564.0492339065945,2351.206593442652,2424.249335884541,2187.239656089251,3594.371051614068,1521.9363325955176,2389.595092919436,341.5736052525293,2937.9288614533916,2443.731244074791,2596.198221451282,2379.334579490076,3049.1875469979386,None
1555.1842997035064,233.46397808896373,2096.07687467318,3524.3463682091924,3432.5930772682786,2281.514615623783,3804.115274856631,1596.6656659740952,4621.565198644947,1813.9078662000825,3185.991394621149,2382.597600843133,1870.253667815524,1799.5605661747732,1363.584577112264,2831.501678372224,730.4487727851027,1688.723685826857,2915.0341690095343,2322.356643181092,5403.623739031624,1867.25052158822,585.6256181846331,5048.429008376896,513.9548488384346,3280.3416396862544,2495.4838836114473,3969.1303329794464,2507.385932555292,2122.6360261326613,1757.4994729702414,2169.112987649267,433.4302542579883,1338.9920429485705,1741.1947006481726,1873.7975733640899,1232.2306634327397,2479.692079038791,3256.6785736087736,3094.554868502736,5737.921164221486,3937.2768004223244,1335.8351192360033,1039.3327464531758,2222.0776356712704,4564.956055772987,2519.627469831004,5373.270133316761,2086.3335858967407,1873.1461962388846,4794.734286736044,4650.688551584995,1100.034726126449,575.9108816845497,2066.0646227427296,2452.2551104210243,1792.2600290440867,2129.568335383056,2942.280705796154,3153.602753233071,2142.719707226541,2238.633022180201,2633.2465768920238,2223.505108661597,4536.466307741917,2878.928679910915,1744.6118132024496,3953.3542818144615,3540.328764652059,3235.051519223966,4901.762450042216,850.5226646383952,3155.407685634178,2340.633274423417,3563.104638830684,3814.317157392385,1800.7715500551055,102.92437470852327,2009.1477600912192,3376.4015577027185,5539.455431021186,668.5896614867993,2645.85717751944,2437.2366342563582,124.54406329983765,2386.8266129737162,1619.6135645333093,2084.6371852651946,3080.5923279371273,4457.264548055358,163.45502991490582,3354.0398582073753,5409.518817290067,3231.383191287365,1616.180011239995,1899.875458827876,4015.7999348689577,1415.4611547882464,164.88653996179784,1104.556147800486,7192.5828101498555,1936.9778715045761,1629.1683954490018,1325.039412937569,2655.3532868213256,1805.945498685012,1802.2724110328381,1302.6540780164235,1415.7442996935047,1826.1151642709408,1461.896672858855,1456.9626359629,292.8021984693712,2191.0839441254598,6066.870485767939,3275.0239387620372,7765.301809967468,2448.664405124501,4431.606145672884,2457.3625372567826,5629.503299299078,3984.3811766830067,3693.6795180015974,2428.9464010086763,7195.180546108753,1496.542247957427,3522.586914364059,3983.7032964578707,952.2409825168061,1962.4749582465383,1971.0218662568045,6293.693727894769,1930.1083793673001,2110.236939882744,3244.638598340432,3632.241817820248,2262.624294699714,1956.7712136665289,2382.294910206441,2278.175202748743,2382.8474696721987,4015.556128728272,1435.9201512856093,1933.9402811974383,331.1847951333915,3775.271372870664,2610.2854589512813,2837.5698419969453,2556.8393450942413,2878.9266043522425,None
1608.2553631186813,232.75915729224167,2472.320691420887,4295.12077609952,3585.052134171465,2068.768852371463,3629.0319017089223,1862.106543227761,4316.68594598897,1936.920763603304,2850.0814373835938,2515.593224281885,2448.077057246701,2033.5836651047814,1368.3720029692108,2560.5549894605065,698.9654844947925,1758.6709072993824,3234.5596790924023,2194.9518798025947,6041.533664149257,1697.6273460777145,598.1567301895901,5304.247180441234,477.4651001263736,3323.047160461858,2413.305283726141,3904.764109746368,2491.4638026848247,2595.4250157095707,2133.475667162103,1925.0441915979682,434.6190213190087,1262.7539130669447,3587.8474395454523,2019.5306912712815,1348.7073685044588,2735.443823517864,2767.966636172419,3099.8254734187653,5874.28544938602,4368.406877229649,1372.373422251747,1037.6374090277143,2641.7649321312288,4754.842563232395,2312.2328432896165,5990.2679773233895,2043.7809488187625,1998.856165049868,5074.602821139643,4818.121785353039,699.1368097441165,571.3750198502637,1910.7845545700175,2397.4869131126998,1841.7752177057691,2050.2940475680584,2978.378870324783,3181.4584714600105,2454.5439832452885,2665.501698680743,2636.626238250859,2589.715588841088,5472.676916395341,2600.15571301924,2135.1375938987358,3795.4502186353807,3678.905527317077,2635.971968513285,5035.303466408012,606.8277546477561,3169.014551543173,2267.1558854269865,3415.4321441142824,3878.7574318209417,1822.513432559323,92.69953592550779,2051.2277629742416,3407.823013840677,5490.116827756923,971.4983882933917,3199.4819751412565,2470.267107514991,159.03929229456062,2205.1662073053626,1425.7412923209854,2264.927791270654,3540.693074475525,3174.1131373970306,81.7610165388142,3297.998761120633,4347.306776666026,3219.7541743208394,1457.5887089171465,1693.1002750597854,4177.780734393521,2050.9963468965016,210.68966665161446,1043.49802527291,7583.165020528118,2488.9022650421625,3499.900614643793,1315.0276420450662,2526.3927392034343,1720.1647627839434,1695.1145223929118,1597.9197928043359,1473.6231645552662,1727.816668928509,1651.0395512932284,1590.3848351853635,188.6389027472356,1830.235697816664,7132.536813180861,3610.821310913026,7802.0092290218345,2725.812952709397,5409.270633331928,2326.6669015133875,6036.795724480353,4379.297039059438,3880.336207077265,2166.799368982843,7707.946815357327,1460.1319951190314,3385.545132773988,4287.111206836934,1196.7796812397044,2168.8711254775158,1731.4344853949115,6921.7555871061195,1757.9510070958931,1874.9779949670465,3568.7959815018176,3805.87053263807,2352.6089865444605,1846.2187543730663,2452.6959155176146,2628.206431088876,2513.4718778891784,3976.019123640173,1405.1098025972503,1775.5644495566785,284.4395804828781,4481.968387871338,2745.689442663647,3251.669196374312,2311.1554360461496,2592.7824651134492,None
1760.4892862415516,235.8182494687393,2766.8550207958483,3867.7033840398735,3445.3287484063844,2019.798277704587,3176.2605547596113,1856.0645139981289,2937.619050864087,1866.0248517496454,2185.118578127847,2688.6659863327345,3220.5876319824583,2380.2849766681993,1668.4861261992444,2756.264681426117,675.3776941654198,1773.8771344415256,3190.661360482235,2069.815114556352,6657.111199935663,1924.4955083559091,566.0754622079621,5491.6583003331125,575.3147449732535,3092.2036177730306,2517.3849575744234,3857.08116021966,2514.0341621709163,2399.069894760401,2184.0096287785764,1888.649672549561,425.61530970223214,1155.668001668605,2709.8800520150035,1801.7780912849453,1542.886646636966,3135.9495355087984,2494.3823700896264,2906.6094741078637,5917.836683394348,5229.915042169042,1416.5334595148315,1148.8549396565554,3095.264408334988,4110.155317890291,2369.4655631391643,6196.7621829208565,1961.5897377757087,2220.3668869477315,6951.486435163175,4235.613712397223,634.2349097176394,536.5592389148752,1555.3773815453708,3083.8018824874935,1739.5958516466526,2048.83273163448,3045.437103544469,3194.252570002653,3310.891751673081,3094.0795940819635,2471.4481159855513,3256.2989256931182,6379.947770450038,2155.99536110849,2405.4416306757707,3349.631633934233,3816.4760223419253,2074.530302610144,5045.161066920619,422.5791194349523,3451.7614339451784,2222.1481560810184,3283.618591446193,3392.940665515555,1878.2587965683008,82.85600872406602,1846.493539660032,3451.529454830558,5337.55732824803,734.094461405329,3804.983059242939,2587.3865375097625,169.82077905262267,1981.64174684008,1355.8087519345245,2493.0534641084478,3766.3214604355153,3012.3899351892933,81.2093052281832,3150.263721775961,3322.7590664443683,3076.0701111566577,1694.5978286691598,1451.5659166465784,5219.563477885506,1994.624888040708,237.9958002595241,1085.8959782767427,7282.1614210768885,3393.0234872098035,18848.29362421788,1504.5356494842445,2286.652194381892,1677.1550748534173,1526.1537147692209,1798.8396631437245,1495.8860464212564,1652.0977021052367,1746.6237525549295,1694.4474144133853,205.1241917914145,1666.5954613150893,8315.645191050635,4497.884837589945,7809.487724447497,3077.208721210214,5714.534866818183,2213.41877630844,6034.527879459907,4438.295565875735,3673.7842079687,2062.2441334682167,7899.826243816362,1420.6767779387674,3376.45197697431,4567.689350748368,1392.31123623035,2441.078492425346,1683.5395384227545,7171.35378590586,1673.049363603644,1597.6487172388336,3946.314910440175,3818.367702410001,2382.9045579210488,1780.5014824409982,2275.4247468597728,3197.857165127516,2710.519139553292,4168.082786472526,1253.0125209623573,1760.1442293738276,258.6008472305265,4899.835663371478,3041.2666251639457,3747.7856939588564,1833.1568822880886,2493.028122961572,None
1929.8281849554185,228.34859543972863,2357.463180075013,3283.9722351530577,3344.187643182795,1875.6077727989225,2802.2146491924823,1513.441655826721,2302.9712768507825,1590.1786608667462,2188.8399811992003,2863.160098788638,2991.4911525337707,2527.0259005925877,2053.728675939165,3539.7196310889185,650.0278453114262,1738.6229281666806,2423.6024692659835,1955.874685056544,7100.0607157714185,2334.332858978367,536.1651788590308,6004.25117974791,1121.1170376490234,2975.9721467559784,2638.233345373096,3937.708802296337,2546.4594695421492,1895.568794026895,2330.1227076624136,1845.308008140877,424.39221995839614,1462.3196541904965,870.2280264127628,1613.9701146501764,1770.740884217714,3374.385842908718,2902.8582342928053,2198.4477809468044,5754.692702196472,6201.967929558466,1450.4458333249484,1409.9254520503084,3513.0581391764254,3549.1012938418853,2959.557463856816,5700.5729923526915,2120.663140603416,2644.616240193316,9495.311894503011,4295.371583153657,633.1805239832388,485.2082996672003,1504.776018943042,3144.080551647601,1770.9330982366284,2193.119128936275,3074.685847028424,2903.1525224964003,4195.098863486871,3208.4611852027583,2979.903491864245,3873.053879349775,6807.09681215374,1923.920166965508,2694.719181939317,2761.9704711342133,4081.212277170644,2043.9209300030213,4284.328983215188,471.3945993016854,3836.605440023751,2195.6975115771575,3166.1693320776367,2668.542853877733,1931.5023620319996,77.79945113987402,1675.5820013355428,4001.7568342154077,5063.287886995689,652.775111319533,4099.640400993818,3082.994714352723,160.68815461544486,1888.6241088699826,1875.919324509207,2787.8718396607287,3231.9830934007155,3117.935298419461,169.79018041240843,3168.240568338381,3896.9315904197547,3011.0789199022965,2200.572303032457,1480.0153816393433,6494.995083659126,1515.9053897460656,204.41312777533767,1319.6378818175294,7331.912763507241,4365.86226155536,22106.450804393167,1803.2232827517596,2314.443316943686,1835.9053219176767,1436.297161412143,1889.3031290055603,1625.9071324386264,1630.0104073518328,1747.6820993919455,1867.3535619027734,209.71417475813985,1678.9887427181989,9376.343222906438,5454.494364026241,8218.637937612386,3406.345524480848,5641.464660570728,2075.847655581377,5704.302929064732,4200.477006230697,3312.6391126113904,2027.644571074636,8477.85361056782,1427.7565770770846,3604.9573996607646,4073.516984415082,1537.5055916455804,2816.5861249344753,1725.3227923094605,7432.4946471905705,1590.8756675886334,1351.8290657604784,3992.7271573228295,3753.577127864092,2412.668836916436,1672.651261466492,2142.8019782743067,3682.843205311037,2598.7126856657737,4960.7116518214925,1222.3045441708005,1698.621872557074,241.57853313704655,5394.914739718256,3502.101527666645,4280.636488702701,1861.2472320144605,2417.3008046528853,None
2077.0987993149106,227.15877935514038,2112.6189148096905,3454.1144114946787,3258.593577819864,1855.8367934218734,2729.2336430932637,1245.592457115584,2418.440299735589,1500.7768490432638,2176.4556382701267,2913.2752957076427,2447.944750609236,2406.147662534168,1732.7499939605154,4151.966960291135,626.8930249978697,1719.0395616429566,1978.8174155967802,1940.9670127969373,6560.011630010148,2660.30228306898,564.7879409599922,7010.413850795652,890.4831318629796,3066.347467549351,3151.599209009641,4210.599956543521,2542.899222165205,1954.012946913824,2510.4585798423623,1776.739085638047,442.4556375326508,1266.3470879872145,488.839378129628,1673.263962641612,1970.9837804500855,3619.8048302745283,3106.769406460057,2083.5748153949885,5762.108876843548,6665.334136267642,1341.1909359402114,1747.3138317134774,3884.556709201916,3292.123145960049,2842.797858166345,5372.028690442416,2626.484522901531,2380.4612618739457,8793.0918839081,4734.240707778433,638.0114444970491,454.5074669528372,1566.3557924712175,2908.2466557422026,1784.0341385590634,2443.0297211823186,3164.862468151533,2762.40405052559,4350.8198541062675,3763.867710695979,3883.821911832276,4503.393560099902,6993.652849242535,2005.2984472947173,3226.01438753052,2423.139980799132,4124.939598968756,2229.178424381654,3089.3760898005394,543.0790742079158,4353.639006816041,2230.555876761563,3141.2300432229945,2466.405199955193,1986.096982229332,70.41030713113425,1576.6507635728974,4470.516269541171,3797.9269520555895,652.0344024050603,4133.209625653008,3788.778037318645,141.7557214666117,1812.8653786303466,2481.3856022654745,2823.8708296715613,2543.736357568646,3854.4753725697446,500.60516505692544,3459.545901588604,5005.37005131762,3297.048120188385,2606.962890094411,1680.0716256827013,7609.78706099484,1564.8300755122782,166.43954314465768,1457.518200544361,6989.109233689955,5431.116197123941,9628.983109034112,1987.634181225374,2453.9971346519096,1996.1372375682308,1470.6632807327512,1930.8988806339719,1859.5342398406024,1731.0988168921235,2065.8343146673096,2293.394083241211,183.52342693123612,1641.1901564392251,10381.242192699716,6293.263621206003,8663.081682049446,3363.391485401896,6021.180346478435,1959.3203254945252,5922.098387409455,3532.1262520572627,3163.0183204860664,2002.8043606055774,8856.282504675555,1427.9945530433965,3912.221444660592,3118.1305844159924,1589.4689849213705,2883.428713179104,1929.2423226080814,7603.091793755658,1559.936127403209,1138.6012616036044,3762.1018631308384,3472.5750332705747,2535.195921883931,1647.0008383465415,2339.063440124809,4004.5074967626106,2432.126370367313,6096.597177999368,1198.0757235672095,1671.8782770716934,222.2003095700904,5778.289008630155,4186.002233511682,4982.886481942313,2971.095757652777,2313.1216168873707,None
2226.5653969439245,222.25549986141988,3460.9746517745057,3264.175322101309,3214.540465170305,2133.8825204362165,2472.196497366137,1199.9492572257257,2591.275795686205,1427.9924445217782,2173.8758380769564,2928.2334153646757,2260.4987210326976,2097.0742896822408,1243.540307295969,4639.3725072611405,646.7341054465475,1875.7817780030634,1797.9672209400126,2049.70785847031,5466.276484550146,2739.181078108065,571.3095036573553,8230.12551073356,690.3878381404381,3034.5711497597845,3616.032756064983,4275.623455232211,2450.9893344263933,2245.381337625884,1861.66801155458,1704.8977378088932,506.9304236212181,1065.8991477625284,702.3788603611293,1834.5357728264398,1893.0171161634455,3337.2638971466827,3202.9315902947005,2356.998188764468,6313.743508034833,7095.365446508548,2297.893061210352,1828.4231838315466,3583.9273503498707,3097.7736730558404,2405.1917802404905,6499.121028002706,2998.579234859433,1709.5544880483496,6622.8085691722,5043.28179182523,782.2093994885315,455.0621972143925,1649.058545486497,2719.1165497541597,1545.699691813172,2775.42987821008,3300.8916899895225,2994.9468217937433,3871.3554181227305,4853.878752420312,4788.951632203753,4458.865779842803,7055.805433537677,2056.3549132598787,3754.7787492255457,2291.429614976149,4290.403729961662,2553.9000898245017,2878.9544613660137,532.0717432076108,4874.927711433584,2287.352757958752,3232.894303597351,2421.886218582131,2073.9749276096923,69.39466361087578,1493.5401054734216,4637.440036419815,2239.51365163032,914.7393750465907,4329.188890269836,4491.518962256969,125.51123919876551,1773.0324984627805,2942.892506598975,2323.5428198989284,2943.780703535503,4960.81319738212,317.45507271163615,3887.0438348282,5933.179335299503,3806.2316168257094,2320.7134078764693,1888.0038147665994,7217.053869367146,1698.6253202245898,120.93755228688283,1381.5046022139145,5070.210316002132,6687.303894715038,5532.328583976291,1719.088716162355,2733.4332176656812,2101.297971546196,1582.0514560098575,2025.9103395313527,1998.0977003539015,1826.3718647206672,2596.050062186692,3045.081371773613,165.4635355988759,1581.4172988155194,10377.2891841177,7142.2614314348775,7683.478122486671,3513.128204933175,7171.480113694739,1933.735562344349,6850.272455471513,2765.185914891914,2721.6735676998505,2031.3326339041607,8943.587617745752,1328.6628060457526,4249.988369090595,3193.900672688964,1408.3123520266377,2429.26773753064,2360.599676152865,7261.616876498371,1483.2844006202856,1101.6625651842664,2899.032222862956,3098.8816323632623,2638.34153018228,1729.2785512270352,2636.394705750004,4129.3056596838205,2754.28500207308,7508.6600768169865,1230.8681522538816,1654.729428557997,208.36306092171654,5918.578517655328,3857.2822335620344,5316.380319093593,2414.5985314787963,2300.876326032402,None
2429.960886288244,221.3511144313657,3781.666291963645,3020.9653931607972,2821.9430351678247,2217.644467621334,2899.21873718919,1220.0754676420888,2715.785697279633,1603.4038651464475,2153.131927609704,2691.0582239023142,2411.568651958873,1735.6983244642518,1095.8288671124137,4828.174531254229,697.5236217858908,1921.7740124265906,1653.7014750253345,2202.393217541119,5455.485350073687,2698.360299799412,541.9251157577721,8739.750259322094,1227.011676035493,2742.4826288571403,3483.081350089123,4183.48902880372,2298.0916769629434,2276.469822082109,1665.6413156380725,1612.8963357942214,641.3818276404947,1110.0110888763697,904.3377343863198,1857.9828621643783,1673.9149583522799,2327.666172823427,3870.7983863155428,2922.6741448167304,5327.577627551473,6622.1887264647885,2439.284169312078,1473.5165288151475,2664.2855630312633,3454.451776829979,2238.276756165351,8142.576663918145,2905.8447824446503,1666.7370418574383,5210.349414581598,4968.23994259733,995.8202024406016,477.745820258572,1765.1746278183248,2432.136775959181,1329.7173416187145,3219.269708495808,3274.8412266840096,3392.821417838785,3390.7178194573403,5763.4151980209435,5275.73775595323,3145.479009985478,7222.562689107604,2180.1360183753272,4047.394123355285,2180.9908898622753,4185.597427687787,2838.6608065945647,3087.653620262965,436.78520639903604,5313.411572610204,1996.4027419732024,3267.373446683935,2356.9092025848386,2235.9959770106875,66.94893746238945,1415.1154740945942,4955.124570589766,2120.9453708593337,733.9707700308237,4161.2456394625515,4915.165789765949,117.72841163697338,1749.7272010212173,3318.044229368847,2387.8030520210323,4081.678378262119,5963.895516552513,197.2436657300185,4705.095010637839,6243.330030721534,4142.581349274375,1780.7113170994064,1758.4479330787444,6319.248373054661,1842.8728290321249,81.1926271558266,1332.0823655502284,4110.184004029761,7902.706705461627,5068.221141584505,1426.7153164400381,2845.799817325333,1924.7138194907727,1741.8520819665866,2231.209383703766,1808.3466718786096,1808.8882195408407,2704.631606769737,3759.669935125856,139.67233825292666,1534.2164877769421,10124.957952181385,7686.729223535454,6589.477367133844,4236.587602180329,9469.270638717437,1937.1908749737602,7828.469825073468,2639.3582286012397,2212.347488909425,2125.795091824265,9756.97326743762,1331.5439320651535,4693.219523106574,3893.948595342402,1114.3106608255991,2048.273134339688,2768.6003617710835,6317.684594285119,1359.2832774598805,1040.2885868133424,1964.2964958339614,2814.330397016577,2403.0685604280757,1861.3424901328547,2628.5302233360385,4450.166889632396,3389.6124899818237,8825.37889021523,1080.9445462424903,1854.2509344330656,191.81774520409118,6028.926778510899,2861.065596227486,5200.392895154706,1867.6905328951195,2440.387629374357,None
2339.762241203197,223.6015385981588,2581.3760757539976,3020.976732720338,3094.9171024103807,2103.1596822908537,3995.9487709546083,1219.3201687339135,3020.5995784478228,2222.574877405894,2085.62646711373,2358.2868716457056,3280.0071995519293,1724.4190442425186,1084.9477149765798,4328.776631380901,681.124040275042,1749.1464133084014,1635.9181033950636,2500.914717595177,5982.182808101347,2477.401056053543,510.31669577246595,8030.413841316164,1105.7787993514557,2434.082812363724,2853.277270982947,4438.096463419174,2175.004784059005,2263.1866707251525,1878.7603048485487,1524.7935798111293,673.680419162569,1320.205824059746,909.4954789765044,1877.7096759021265,1632.1978514577256,1968.9451481813894,4291.230186717249,3596.2863519656808,4561.637404919593,4716.15248734133,1711.5762644481838,1115.8350888680843,2232.9883162188603,4012.8364262688788,2294.724612859949,9652.747717820457,3232.2664063589314,1780.1734382531806,4041.2250455286494,4093.4462902857135,911.4827461733354,453.2247402843757,1955.0348413370389,2338.566030882682,1271.8696246413713,3472.0189093030176,2969.0222386451173,3796.4108526967384,2926.309377438571,6169.849704038579,5354.65670504419,2381.4938431231712,7467.230801462673,2887.9636387287105,3469.1663365777117,2316.6216802002764,3290.466948043549,3172.716425787445,2669.857091631305,380.51955629715667,5687.038754375323,1812.9869340505588,3016.195470107948,2263.545481222244,2406.384160693934,60.66069261504883,1473.7641961838558,5631.854443123084,2505.856279612653,607.1737026419532,3587.579318185576,4731.054995722024,123.23782354490393,1822.0527109515576,3716.017250955259,2755.440678203404,5053.976824700469,6302.2964281425675,241.57340464620725,5935.0458430295275,5775.006678915772,4412.744492648032,1885.017450335281,1577.6054362890518,5943.231180346157,2160.097345571762,67.67732068719856,1270.866713043882,4211.739137701889,8752.494422263204,4934.410334930015,1681.902632453544,2655.340466483614,1971.3794912889603,1951.6500160700725,2586.677954457533,1608.1661632112705,1824.8247474837235,2619.5812290561075,4096.886930414611,131.8419055001789,1454.2776976517553,10644.06994684079,7522.109946140519,6974.202063831148,4561.194928169668,11904.225465846206,1850.0026960654986,8501.455937911143,2573.207609837769,2277.3892869102287,2398.335589796683,10910.285111001273,1175.9540130300459,5325.576275951083,4400.514592290387,853.9956849678247,2004.8839809107556,2692.987329258233,4773.212839356672,1403.418582650995,1024.4703116099438,1947.6214098758498,2526.4552013058833,1948.2501138164828,1952.65336420068,2234.1787371602554,4115.143277061529,4316.84190867966,10126.831222196528,962.3157885628633,2320.6968074353713,180.04709990920082,6669.017461644631,2705.5431681031155,4458.874634629282,1864.647055961124,2652.634355292551,None
1948.9143624053434,204.8093447301878,2169.154002080648,2890.017166326266,3308.672458872388,1811.6635912433273,4668.0920141287215,1367.817009282179,3078.850184594866,2738.3991454285365,1992.0744119749515,2316.522613851915,4173.780485137447,2119.835716006883,1067.7286667880749,4074.3656175398323,635.7006804185505,1623.051514291234,1621.5844740168882,2978.282067962462,6735.190306756256,2445.947475342295,502.49135512065396,6823.017592890355,944.4559883459365,2514.8309201816,2579.5672259592225,4922.9963525819785,2080.232320111988,2378.417149500113,1943.9010774807052,1615.4840029447855,581.1075446885047,1623.8647308755994,1021.2374090418488,2275.866039073599,1892.5561445113306,2512.439723512989,4314.908960740715,3947.6364365442155,4311.088840651312,3334.0418583835826,1650.102648641667,1067.4406998304194,2301.135867043487,4774.994961812025,2501.444312211907,10934.073576139985,4237.922142448479,1707.4087529027895,3707.579990416113,3478.955858244201,1049.8589214370597,409.9093828058239,2011.7247915828198,2351.161080120874,1200.627368928737,3323.973156738398,2835.504374289601,4061.443448209078,2508.8763807159507,5936.8776489963875,5329.192105343167,2991.135903583053,7161.634755498218,3965.3332503400898,2311.7664811084837,2640.98746566709,2617.498974931763,3637.26229978602,2292.189571538772,381.0732664151047,5764.823808173994,1752.0110480419962,2713.7219943396426,2182.7675533396355,2505.4311164496976,55.96479437760294,1679.9745459115447,6453.473827096317,3126.33308657438,712.9847344757753,3246.2344480214033,4612.11745663501,134.49839396698937,2001.2649105669198,4168.954102394377,3043.571250663087,5813.550105361873,6699.276248196695,309.6519229125988,6999.939802342678,5722.971610692399,5033.971578380701,2178.508284039124,2102.661610848041,5170.4409304411165,2576.344895200632,71.93820332249103,1216.4738889534215,4487.851770281166,9348.789367322845,4863.0943597441665,1778.1903207387156,2617.94318583456,2233.783156115188,2317.8685834621056,2720.8169835829513,1620.055451800797,1880.8717121803088,2843.5836077945537,4206.034861686693,144.76552882910792,1541.7195625393301,10848.17617745314,7586.481894370963,6332.526765424076,4493.113587040611,11861.16735526598,1745.0970154055453,9134.77187814837,2410.575023684853,2629.3595328218366,2814.0663306771266,8354.976469979021,1106.0511677089746,6200.2632381840995,4350.35708671732,957.4047055045593,1951.2248187704581,2498.130010039148,3716.218352600472,1561.2934282841259,978.082045928418,1938.2014937031186,2108.9537385782664,1711.9441594285408,2056.219352341851,2345.675041757264,3303.7243713522585,5651.080984477927,12007.10358131527,930.4942591548853,3119.4182865316075,176.23453803803352,6885.577844602881,2569.72393272131,3384.561837100854,1745.4876509578628,2706.650598255867,None
1723.7984115156382,190.21066349181643,2464.9252723907557,2799.3756967228833,3093.9715994013263,1662.44816231175,4511.486286855749,1195.0199555989036,3109.384057341291,3123.715284723421,2091.6153992262603,2344.8334828909037,4791.336061575632,2559.782928285753,1034.340444529874,4205.8964131136045,700.2403340628772,1508.1735710353394,1539.7783080133065,5182.217926101723,7414.509846008644,2936.453966668037,484.5019723254825,6706.997399052049,797.0696501579606,2656.9610753067223,2451.080376110376,4777.303091707245,1958.2266557923651,2296.6392208189345,1857.5003875836887,1916.9824467159424,658.0282301145572,1877.00996695208,1276.7827300450035,2763.380896904909,1588.8196187942542,3063.3099609287706,4238.947726292456,3988.325007607736,4365.473750843695,2968.626104060309,1781.4929185412802,1087.9524724915784,2336.5065403764465,5231.393717408363,2635.432482202621,11847.746638927789,4870.90754658783,1633.764584466721,3744.980423705731,3356.61161593402,1022.6332955499423,367.5978691987866,1929.4766795249973,2515.3819926062474,1132.031367339119,3121.877604530032,3087.9421840917234,4281.069229851711,2440.929830280583,5201.5802837084775,5119.192914202063,3866.544854778586,6860.294728401058,4556.869903773286,1995.6623600056305,3119.293453398133,2495.1319368906625,3982.0806778792216,2341.4036630701376,370.21640781093316,4268.038038426134,1787.0376455227695,2606.828904715,2186.457736809762,2452.8448904650368,52.92800138352679,2001.1269499828463,7048.537564581482,3666.7199850451366,978.9273493034452,3645.832557063594,5403.592935982835,143.13958790926242,2003.0999991097144,4798.103141464705,3288.266580497222,6601.682410479956,6810.863804066809,290.5193094677677,7298.010830686941,6465.317036094702,5500.894382887039,2495.430399818992,3184.198639039196,4627.462727999437,3202.737234991014,67.21492685131177,1146.8905806661867,5225.97928752883,7792.657757385336,4976.069259625029,1517.451794431647,2347.772404196386,2680.1895703072532,2357.861321871404,2560.4159112023012,1676.3342216902481,2011.5178133730553,3060.2661398411574,4712.1919879001225,142.45794767272795,1841.3418285711505,11097.857419876233,7857.020131814104,5496.027615042547,4453.251050041413,10423.356333412295,1687.6161501747297,9614.321869025689,2287.467501400162,3297.831890286263,2734.5233306136183,4459.028207803196,1116.2386663381008,7582.668176840976,4069.3277436851095,1458.1843172696522,1839.043620735192,3060.2494503568532,3791.863312101644,1769.9468045194708,937.7871461651916,2123.969820484845,1894.910309930375,1637.2559692805967,2384.934201193884,2097.2133408477953,3020.492871489188,7110.239772161101,13444.244661674717,893.9492828516545,4102.420427141544,171.3626163778409,6590.457343782711,2680.6575832539843,3140.468991096239,1670.6945974622906,2473.12413844272,None
1568.739929598343,194.58551850574668,2287.464968086746,2773.7825727250106,2600.5269673692073,1595.0700316833445,4413.594440278509,1051.3389218727398,3530.469978524428,3427.4498481402197,2343.6759570923277,2367.365968043644,5597.55579370256,2832.7533567743944,958.9652934807433,3399.260399561785,843.697802502857,1577.806208834005,1580.8511632930474,6300.741366170436,6542.50539842344,3550.063775954542,455.89958429071487,6648.875863639454,706.7753639697613,2507.773513594722,2533.6224453843342,4267.822619488324,1840.5031223130634,1985.9832607230333,1710.2094826086538,2332.874778144493,877.3164418702611,2035.9541436341344,1378.6138628758108,3047.0203959725673,1359.569123729982,3369.463900033116,4466.260772255529,4021.4103446933036,4182.469599635777,2839.6448699302427,1879.8338793786347,1075.3392305625239,2225.684841572316,4970.86344272764,2571.8178818475776,12375.622244256008,5047.855126610756,1904.0242072850906,3597.3572736814826,3106.860279886073,905.32535152478,342.49725772795415,1895.8238668629856,2902.739869135576,1080.8604055663259,3217.1417492928363,3743.960286573025,4525.553289106586,2350.520251351918,4381.8204121283925,5419.002442069581,4483.109117630392,5506.557266794708,4728.248933668659,2146.2014536185197,3855.7224890913067,2985.2895507493317,3892.5311796033134,2157.4853224861254,347.8062913339336,2901.107887178165,1674.3153186883685,2492.316247954502,2147.2895037502813,2177.328682124209,52.06476270072337,2414.1058190239564,7186.554481667163,4443.063913715097,1407.821565618392,4656.062030798139,6352.315738498577,151.04318910921762,1766.4298643734332,5025.868858270282,3179.517911577939,6735.277252339613,6514.104146417465,282.5057619919597,6591.009311116693,7567.606981437491,5448.443649333786,2613.753509016703,4057.0695450426488,4408.512127151331,3880.3973614643232,59.901074091155465,1084.960013438688,6099.407029817152,4745.813361966273,5184.561643347412,1466.4657791362415,1975.920048174553,3335.293885443233,2111.4701522921328,2560.076387663801,1793.6713093582491,2137.0956985893267,3060.7618896190647,5520.8935507910255,141.91900540079652,2059.8025419095748,11164.974887529575,7849.663173932911,7151.329686507042,4735.281392784585,8941.421939571654,1577.6073580261925,10260.7333764909,2245.313751489015,4004.170538020348,2401.8500317540893,3995.5108593990913,1280.139205489322,9283.775610127936,4376.572958920388,1172.4879936116315,1752.744295163301,3791.5765132645174,4012.420667436466,1896.4331317660753,889.6866250424011,2365.380457804465,1704.902564676686,1693.208880928377,3102.868347701145,1895.3696516985824,3225.662803024342,7853.401447185797,12964.854315374878,841.3156127379608,4484.069697081506,158.65090684759684,6812.155729220686,2970.6080220139665,3610.399309395183,1696.8817124270786,2457.653740926988,None
1527.2706227835638,202.8367517450779,1977.9202202466145,3009.2764202115413,2520.5813517945608,1537.5694405558704,4751.407862529271,1039.618366417621,4339.9729427849825,3918.8040283449377,2601.95498906552,2318.738227281827,6813.247418715789,2975.1608653147955,896.7397605483163,2640.917176181091,955.698086102786,1590.4621242558808,1515.6601543031504,4662.487772234437,5403.3854489801515,3605.553241156271,424.89263040261983,9877.361904746534,697.4577105499941,2544.811470422924,2914.389483650581,4459.016085308571,1718.84355974308,1702.4966018618893,1585.4407585251254,2727.443677777393,1075.4135691752174,2011.449691797416,1368.988784604588,3075.8052837911946,1314.757331187382,3832.334909770553,5058.286497232958,4077.153230426488,3926.265222466919,2825.726891097407,2243.167836452549,1000.8458121701243,1993.0948342548907,4488.735837481495,2385.548259044744,12857.560263207344,4987.028822228067,2449.087260131679,3483.0872175421405,3113.2136684869115,1155.995226736849,323.6769712925692,1913.188117737249,3496.4369933365465,1016.1857480144753,3344.967512995889,4297.563056906817,4951.599645447513,2215.4227934063547,3675.724604330689,5704.311494229425,5081.097850544827,3800.603418600018,5023.0748067001,1998.0688780564826,4599.5049848691715,3702.0129434083333,4047.905000940129,2049.6771939341493,359.87203923435135,3396.453576136141,1582.7938169132144,2346.3254826866987,2052.292285105096,1841.2923889837946,53.43545568372162,2783.631955315411,7319.695323830644,5289.1151260690285,1741.6970525865204,5229.652332996925,6767.166919144469,159.52446138810973,1947.243560086107,4640.438524243666,2650.43518936939,5183.771900787432,5825.9021209615075,184.989196744198,5247.041114536936,9002.58932788253,5605.483664767943,2344.1727478916,4279.325212914914,4168.605871046433,4555.646831364903,59.21452120999341,1072.5835563547105,6905.1431482805565,3638.528965329466,5205.610821923672,1684.703103411981,1834.356674975477,3757.427655131134,2325.5723114429347,2572.646674491097,1988.8384405230895,2267.9115980688653,2949.8051194039685,6311.524220059366,168.5499218154419,2163.689446034047,11190.134448567584,7858.670155904703,9087.38486948019,5114.342405293482,7966.102321418067,1521.435622224219,11500.505265016203,2264.0561941460114,4392.703756496767,2407.93510865102,4146.640526944401,1577.2997913077172,10139.853553301617,5411.7297630885305,919.8360356287628,1715.3132863283413,4210.9705382630045,4056.060991864416,1833.3117305563221,832.6959485215257,2104.364536166444,1637.8608150729244,1741.6782292351393,4060.805293674192,1857.4936909540108,3698.208697467592,8621.003243567558,11254.009769814147,849.7641473886349,4120.617719908076,149.03067434750798,6796.503086050312,3375.623452937137,3868.6733618669386,1832.6083824655268,2755.8974323649772,None
1648.7924151690206,198.86191224847417,1876.5545263695487,2913.838874653931,2193.0523516335093,1479.3668662595844,4741.767536649677,1100.8706229471604,5002.613653200843,4752.056187669375,2762.182469716108,2033.4045315979401,7774.237859362464,3012.011269310152,843.2059352821078,2394.703653176457,988.7958044997107,1643.8735733174026,1478.1715191905216,3606.6749727113215,4869.773592944336,3440.916827945635,456.69221767648554,8808.451004165663,688.905705672474,2414.277697930148,3485.3038726869154,4931.241660963868,1673.7038926707814,1775.394581308161,1563.0377576230026,3434.3936018933714,1146.3384092275571,1905.978715576801,1352.8806855306375,2797.3871066734255,1250.9435157541504,4261.4389189895055,5515.370187763156,4024.490235012072,4311.599124359273,2753.503289553944,2436.1957016034603,1016.4192532917999,1922.825264940836,3961.7068059475732,2304.2431484742965,13241.60114067978,4869.097424767902,2907.213402784399,3501.022132623444,2964.8896402578607,1588.8594090829056,309.23955009558637,2043.64403111456,4104.688044451678,959.2979696277988,3367.2250532721946,4596.0532585921055,5516.747549507086,2149.1896550832776,3340.8516574422715,4806.91379133245,5736.472169387924,3395.944068645725,5799.48242073819,1699.7808066840714,4757.489315079534,4434.677413922279,4758.545037694388,2294.588753284737,385.95066382197024,4477.262803536394,1562.5268531262684,2313.0182971070763,1982.5047797396733,1634.7783299559699,55.83816322666579,2996.7773153057856,7600.645824600899,5655.792930413645,1759.3228981081786,5292.5928874617875,6580.6322932899375,157.72218819619056,2382.121006209359,4710.349414776204,2110.3248087015013,3492.537168514168,4993.974269949212,125.38318517303922,4381.72257441118,10563.012410478088,6467.764098713711,1873.460183382399,4454.161012225751,3920.9112249008067,5483.7727388333315,57.45432206065846,1140.0737969110155,7244.416294001718,3195.360098677523,4855.0757976808445,2034.3523737352948,1729.39927880014,3959.695338318505,2852.877596891479,2647.0692605600616,2271.507128717074,2298.9505916813628,3005.566836384591,7276.015406856463,239.53825336451789,2414.9506581105884,11134.172040868412,8521.031336333093,10662.515340804002,4856.792651620419,8512.043208920431,1528.918617754933,12391.990739325332,2240.917468164694,4611.178449833194,2399.045146591025,5384.745846584045,1937.9511251337412,10091.730119534928,6893.604458417491,932.6894680983555,1711.4247465059725,4629.217579755193,3958.969493922268,1750.9079865660794,785.8195388547354,1923.1945590533041,1590.6939247324106,1833.7873802737568,4654.513711079226,1988.2761047329784,4442.5862596801235,9400.924508022006,9119.106173678947,928.6433040332043,3353.961491751319,138.78939911967743,6900.029675856627,3573.771031437887,3863.490868100193,2155.991268322477,3179.752440686837,None
1963.9903155801946,195.21239954523705,1826.2027905562995,2840.4731126644747,2034.037513280814,1424.1693410161315,4845.515668445324,1181.3976440967394,5165.916402275466,5121.236297518971,3014.2262742604653,1684.3872486997063,8341.70106683858,3175.1822484369,851.719725094206,2324.3090785307872,1056.4544365543159,1854.5550059727946,1445.7915542958135,3893.556020183853,4076.881692858671,3483.545726004407,427.89382090633484,4604.140587615683,725.8009753860472,2162.005007982836,3716.487419369768,5222.4493118505625,1877.1120258546005,1924.9337004095066,1714.90505214322,4372.536951033089,1096.759808772226,1815.477493004102,1384.2758304287656,2454.258651599083,1188.8772587052274,3803.8357085092243,5744.6065788774795,4453.1833241538825,4820.229879861438,2647.274823395793,2609.344079334924,1147.5967989302071,1800.593319191726,3798.767952963608,2311.9675765517113,13113.486881095334,4661.514871156459,3195.2244430556834,3591.5741165892464,2833.145680203293,1848.3155332497445,308.8753883332531,2316.467719161262,4465.7990692113,912.9976060852388,3477.4696186928636,4755.907303327931,5953.478709607634,2191.620629752214,3605.0648611043907,3795.095228439765,6020.221398799114,3517.8863631786585,7017.467392181432,1705.919188894353,4615.352354332898,5279.584555351891,5268.2031385423525,2724.200039538488,411.7413189642268,5269.6674076703775,1581.3749968670402,2146.955392025734,1916.966985483688,1533.6895200558606,56.90812333474884,2786.3920816388127,7475.0150564879,6038.257906764487,1715.0470501843972,5562.88393233223,5388.6510353214335,153.77065451091056,2645.9718057466125,5006.882957732701,2050.0650066273997,3458.2555400758497,5171.269498301661,89.01308604004824,3852.2181446337718,11671.530909350184,7708.407497063605,1754.0110271869698,4868.502746917631,4064.4663133037816,6279.878899048557,58.10286046915309,1301.1668834666714,7012.748396965072,3199.2702954446563,4399.662168496426,2464.258144611922,1741.7546781863953,4717.566006883005,3575.374560811825,2813.084281539005,2488.5193509718483,2175.1920063870252,3152.664718887277,8066.597131032826,296.1563444698313,2757.6877021485907,9058.883853250074,9502.74042426239,12272.729727736985,4548.265926750456,8333.501854468856,1640.9818903422854,12714.496464748428,2365.7919025469296,4413.361877662476,2444.5439606846194,7591.012071800744,2312.8162079745784,9503.125959615858,7780.868597764952,1048.3407479424422,1712.055446740471,4669.981600372359,3818.130080817765,1587.68037153443,736.8816974597606,1989.8540262960519,1595.6400721373104,1880.3843570507158,4729.654718382672,2373.317068797028,5605.732640969159,10087.108091644188,6794.084983060359,1020.3466416467501,3265.553158317001,132.5088941681582,7296.147121005393,3735.287791010014,4154.393115401193,2545.276039468808,3436.3437303253245,None
2391.6152430799484,208.5282281467304,1772.4951052308502,2990.359645411429,2083.34849773948,1396.3794001083234,5461.9890654083,1251.7564897489165,5181.212617228831,5677.650481889656,3496.7722141638424,1559.905260505398,8452.600507054685,2946.942803700693,1065.7414940768288,2259.812113178158,1105.7068421166416,2183.8167944774227,1551.123175678647,4476.66434687916,3966.899625123525,3264.987616310513,461.58147609215166,5193.723395465304,896.3188299555804,1966.8243654440616,3551.339941410755,5385.238137107632,2319.700375940983,1986.9363905920306,2075.08237054108,4975.3885166636965,1117.9726375851926,1787.8711351256354,1376.91360422711,2239.273371109657,1177.744465571718,2993.310912112342,5758.680944726684,5171.346662160041,5485.563629706384,2551.504387949131,3056.1613364113464,1261.5049937898145,1692.5290835292008,3600.704943247927,2438.76139662537,12035.957286319719,4681.269736828374,3356.607682254541,3593.193465139995,2761.872529892156,1675.6420707896189,290.00276552593135,2105.1728273886138,4498.807595972714,882.9779858857173,3662.7213970588236,4380.658192111012,6341.441588875871,2343.54257975739,4253.8602800908375,3055.851180031762,6022.9373875760975,3975.3128891727297,8500.962155309984,1831.1909276982017,3275.686949525524,6027.939931122735,5454.3006225720865,3066.860276073817,420.28718104922064,5631.086181260834,1470.907849576726,2177.3115620506205,1867.3975390578669,1444.3361346322406,67.92580218640686,2343.011611499544,7036.797861793174,6817.1658611643115,1861.288003812324,5606.70313575055,3409.924590108769,152.55816461925403,2905.3504943365124,5187.328945197778,2388.83126350207,3972.001089753457,4748.335585993423,70.10081927350147,3722.2360459445254,12538.42225804289,8764.461169474718,1950.118854989408,4736.80550144541,4130.601463110857,6256.367529186021,62.088570336640174,1453.0383161770249,6822.391526970376,3278.981236003545,4558.702105903344,3284.5438810102705,1664.7883699293868,6200.952033733369,4278.838547255622,2859.689182425043,2518.0996981550447,2174.105126053746,3249.3524131809704,8485.581627379333,321.32903275117246,3352.0419018897132,6287.9434048240955,9824.875750683555,13290.99266561397,4557.173971056508,8067.386907434976,1934.3446627439566,13199.295578789975,2442.914034268118,3924.129707694215,2689.126452707363,10037.198444002566,2691.53806675746,7569.688674905429,8601.961336196642,1102.523270060034,1763.7089361177066,4318.200232259035,3687.9789175625538,1548.9711945353283,692.9225741671153,2299.376535552472,1662.7705190862923,1855.5665895107154,4869.6903089986245,3106.612453017567,6862.463892980826,10772.860196913723,5667.662335042573,1087.4804610760234,4050.9407086164447,126.18288274185768,7485.464370599074,4089.0676530497294,4324.398712782543,2991.9424274690664,3626.181986953487,None
2874.9986207014117,225.09572872491964,1670.2850834447067,3327.312222573209,2385.420806293352,1569.1753630444596,5744.018204899535,1466.3805016829806,4616.608351833518,6095.527797790766,3899.8005412498164,1439.8439552734305,8082.094616653271,2349.9023712845506,1425.9086554759024,2196.088789531767,1142.643637725136,2710.210166148263,1720.9694223862177,4395.756552381027,4126.836443654894,3285.8034016208503,464.1198280056677,6110.58590747603,1162.913424148021,1920.683114697135,3695.383978992637,5570.349303718794,2700.407373132619,1979.7693416673144,2540.1052542426874,5939.831383450518,1148.425923860829,1643.6437456678873,1327.3656531715746,1993.6823985569001,1167.5674919405305,2695.680017035716,5400.017318993938,5532.013351775841,6335.1387143925485,2455.392916881556,3374.593787238004,1166.6226650685958,1662.3335970393293,3289.226273102399,2297.193197444265,12259.877451814396,5140.152242723585,2927.2977483735576,3513.616143845941,2784.244869036697,1328.7750676653272,313.7918297111208,1910.4409986377343,3648.93493602529,855.890150684691,3787.1114391172914,3333.693426005971,6495.6320346050925,2579.881456978212,4646.868584439508,2618.714720369965,6706.807648998614,4749.24191301498,10184.00856109374,2030.1995313918567,2560.8945319595314,6926.186921937591,5268.037166821415,3285.3365622804754,406.43905533583677,6061.397052601581,1370.1575906881835,2356.2716587057103,1812.878473785372,1344.742561934657,63.79785743605792,2484.345924942392,7436.73441729049,7644.068985484972,2031.7801325912271,5735.115215158911,2389.2487619319204,146.01942185301664,3043.8264748472834,5083.623589213192,2203.293114072281,4601.777394944121,4069.8550173434446,66.4524403846645,3882.456394356188,12965.46467621191,9707.422171281603,2247.11526281722,4065.9867344245863,4155.434058741832,6343.997933692168,62.01234932882186,1510.7159843776649,5436.946116472404,3639.5289015305707,5041.716648837597,4691.265915520491,1629.6918775808153,7942.498849088287,4931.741706361168,2836.4181547302032,2537.323760146924,2603.2881713387947,3349.534565890891,8222.75385094577,351.32294085155183,4312.933107012869,6698.640954885592,10123.660287787678,13457.480321762258,4686.181186191,8594.267955026844,2291.9706495303376,13475.931001665815,2143.9161435955552,3892.312206924536,2995.389770791249,11616.219122723302,3225.1195707758116,6275.5367964108045,8898.03394822703,1227.7399344777768,1868.4269017733109,4252.803594856968,3501.719140091224,1674.183157926182,659.4740065523698,2529.044007554474,1614.1902359640314,1716.991858263105,4767.668539405297,4205.722617454496,7884.583312410591,11489.853728610044,5273.831039562047,1168.954051270887,4559.797278411283,120.94453139573868,7807.240911863717,4520.323866701489,4333.461903416371,3478.537791060744,4242.299208240221,None
3318.333067665167,229.71599908216288,1555.4009632782502,3954.481819829032,2758.7851371879865,1979.896874279148,5638.534476971121,1672.6986396064087,3572.7039237141503,5602.292427868783,3918.1117334601263,1374.2218917536004,7810.399234694016,1919.420419616318,1678.4259996077355,2203.8235812296675,1190.0485595650935,3504.7689208535216,1887.9856786601486,3734.230270926968,4384.112904863729,3538.4571832648626,407.1307142408258,5798.9982541860145,1389.6073582059632,1960.6605752673945,4160.505212876225,6052.786262609478,2838.8104202510976,2000.3693316764663,3172.6469451887915,7164.656617543348,1075.5896909135831,1513.2821956653895,1321.854431006257,1964.4751205896425,1503.856645265171,2363.4650301401603,4646.249349462364,5808.432991691978,7357.360787566466,2380.230974450722,3374.2049365554444,1291.1461904054966,1873.6795981055059,3677.2679410733294,1913.0329082996466,13776.449604786629,6226.230754698936,2439.452946270816,3592.2173068820534,2883.0202075712978,1350.7582842317813,339.05938326038466,2161.4186729985504,2482.265007116975,836.7808219670047,3520.246461589433,2580.8209255449106,6405.535258949554,2771.3018492582905,4761.835421105049,2500.918431157232,8056.182488169765,4749.898397935151,11434.630968458447,1876.5501340642047,3278.4248973969025,8248.483053985266,5098.023940180266,3687.051130412954,396.33745693751257,6419.525360637699,1338.6921855286466,2611.303275833839,1851.7136682791242,1238.1977923528455,51.72830618616561,2899.545645517493,9003.307431310877,8117.295199571169,1861.158202231839,5975.033265209556,2620.153458162318,139.89165599061252,3209.661032118918,4835.4517300734915,1903.333867271666,4625.241200284958,4094.7685648443053,62.051652729227825,4307.489406786542,12910.481493693562,10404.822134402662,2610.925630021813,3889.842250820322,4204.180545937372,6479.891307661892,60.51357083913528,1593.577060985946,4055.535946962932,4321.0451285591225,5365.0202881447885,6325.529625193535,1588.3991605812794,8996.26499639051,5275.863484210371,2914.407817452053,2684.629088843661,3059.367769543408,3366.43987143262,7698.850514908381,373.6735611917107,5433.500368742133,7987.627237490852,8592.24616114825,12246.640197029876,5122.191505161552,8324.686510361995,2423.885106579776,12732.204432989094,1751.2186081325635,4016.22089946932,3339.049329518597,12052.655307922554,4221.056657173504,7706.523533167002,7706.179263037181,1346.103624677314,2047.075801130725,4242.373796614215,3090.9307197703083,1942.2252509237314,622.6942416846348,2605.2038966389537,1475.6799349377975,1561.9253821697935,4412.591531582383,5228.829749988113,8524.693399575981,11341.670991192575,6078.209542202843,1197.0457069962838,4464.1266058422425,117.01182251261412,8670.046259211902,4838.353658041672,4457.709750540017,4016.1564119857853,5425.008007315298,None
3319.0511599644337,236.8665257453675,1466.6751533710712,5418.854130592068,2433.583663129536,2496.4726537204238,6219.40043572901,1812.6325883754205,3111.0709738186383,4877.668309970105,4071.240599173144,1316.7101208009594,8478.236616141487,1890.2918765334632,1513.3179942724407,2459.605517160323,1198.9306825422184,4194.0602509853325,2121.095356937441,3501.5921691972176,5015.64156272855,3865.6338400726563,357.5488123031739,4408.605303898029,1548.4517818883494,2047.5641632710287,4359.905501771282,6567.7891079496385,2671.590304020138,2181.540750840147,3752.752732763031,8062.925566777684,1024.0017080414402,1447.7516168582508,1338.054573322724,1963.1936263932325,1722.0587504331247,2003.7998247652365,3782.703164041847,4922.46267250831,7918.962497385587,2329.2533440748,3335.1096736948443,1818.7635290688659,2033.9887666150562,4428.045164545476,2243.212761883055,14780.160559536023,7318.466977175652,2507.673691375765,4111.310452713003,2759.793472919843,1440.862811877829,331.78803293131483,2734.3553391491128,2238.335900200827,842.9444582543484,3383.836541371141,2869.6221578751442,6747.933192414993,2859.1067631787205,4786.299141128568,2418.49910658289,8870.51019268603,3813.390609164737,11237.285491577839,1771.2881230247158,3320.7787904188035,8864.85550831875,5911.353256465291,3557.658355965552,434.33581297754984,5692.2963307961145,1265.3415685321268,2829.432558930652,2029.65591101508,1148.8049165001755,50.2709880187254,3273.7497154472608,9263.188791752616,7671.2804214849475,1625.6953608583374,6229.850034870008,3469.308621836891,134.4244816129126,3517.290125102977,4667.415174974262,2415.333116068988,4570.586361937698,4343.167638630984,53.042660064647634,4608.844958421466,13589.945621378516,11438.176334199228,2986.9789081165404,4464.178410446546,4198.637755739318,6259.535965016414,78.25618835752688,1712.6686005149668,4046.0587375040186,5639.148143396236,5928.052034504467,7372.81663649275,1740.9264839504258,8781.90413343201,5564.258484638585,2690.838569309011,2842.676729785345,3099.9039292519233,3289.2157003259003,7468.4377388356825,373.5338367105344,6482.08727540374,8776.033572420818,5330.263987314221,9633.975282889032,4859.0925455459665,7402.253683367167,2393.1878586082944,11650.622153548467,1548.3680445668829,4758.729315100835,3561.405417813438,12454.633526243908,5334.947181308571,9248.122415084265,6948.558513843183,1388.8742266105953,2349.6514961956896,3771.604426783777,2729.195129162389,2293.5236650966754,603.0278263197148,2442.246680187432,1429.3303107443148,1533.6922389322754,3817.2129198495268,5267.159235353739,8582.445377920516,9587.011057541817,6935.256722291137,1203.8153489068436,3394.194896047149,111.69676931592386,9476.658907608497,4342.73795730081,4775.174123988286,4628.860205549536,7364.613050254403,None
3035.24285212018,236.5036370582969,1428.1777829109976,4762.439905653278,2103.062228811511,2886.651023399509,7561.671589866234,2134.867171021139,2848.288917582984,4159.312090005109,3785.0766456978135,1244.4192372026578,10216.770481045553,1939.6809757376113,1250.0956321445155,2983.042667944817,1176.7075072484633,4545.358020520711,2408.059769640321,3386.3076934258233,6077.548717652099,4068.369685677005,343.22981632526717,3964.528235183461,1473.3935706728867,2347.0616178286145,4045.656862902743,6283.040716580727,2381.2144903018266,2402.620636747073,4154.027824510614,8447.89367885433,1097.2384039414019,1422.0297818441672,1333.958804433647,1963.0683153399173,1454.64107282999,1962.3170483285407,3354.8738326738585,3879.0012190899824,7790.616057686997,2335.390433709908,3730.063826910663,2398.81631051724,1644.7028198061444,5368.8905239204605,3136.039616782461,14647.058582979807,7956.199360704551,2553.190123814135,4925.371379235705,2608.6205870758085,1490.5262726679057,283.766872064524,3434.6252803644206,2357.8349443372213,814.5992428427344,3745.661095684704,3588.2517312405125,7559.476859041702,3069.1112003707617,4838.83366500159,2385.405171692487,8969.478362480584,3237.5550297826235,10637.706947124714,1928.6139736122632,2671.524751508189,9327.107988475971,7390.450413120115,2724.622373958961,457.3690646556387,4073.989933460439,1225.1294092655478,2897.9921723506604,2274.5360343417433,1081.911951130858,50.36196821374927,3541.835198679544,7431.201109544682,7126.753353243104,1608.6879039555595,6916.0993068882435,4126.803864126605,127.78835552791641,3457.6948181321336,4543.976083342044,3532.1248494962797,4891.824700455812,4496.508415322349,45.4276455665314,4606.598256715199,15002.966521361122,12564.34137181364,3403.3260052712044,5244.7130995371945,3777.7801716451618,6332.83267799163,76.7965952172478,1600.976232026615,4380.537066737224,6894.685336954514,6501.833676921021,7456.1812014578345,1626.79805029505,7942.2734315741955,6226.579558054744,2245.2565769824732,2766.7862935667167,2804.116539246587,3469.636937602494,7173.408045524238,322.5465183621842,7408.385220314405,8816.86537243198,4546.322232603281,6872.640973709234,4105.027395892718,6716.77984704237,2541.8356428471616,10963.531857737133,1433.0658508381607,5720.580191950914,3243.449240713681,13479.168860027781,6103.874889363412,9771.547433421214,7424.789110725575,1407.8094760191034,2440.842710733425,3832.653567133904,2398.2424647915773,2765.9935894869527,595.4539465867248,2437.729317335022,1364.6931218124328,1527.9897457994198,3148.687144132376,4677.9914078135525,7662.054902628247,9214.439648556294,7142.296696774185,1301.9513183069776,2552.278705809123,107.50503888646612,9831.74515844716,3422.368157884744,4973.2598251921645,5134.7425769420925,9154.407751447538,None
3197.1500628309723,275.25946191976084,1412.8517671248167,3764.7311474710164,1983.3226818247465,3118.8695937313787,8923.261021768289,2517.4440430023515,2975.2059174516608,3926.6309133966884,2847.155726080137,1163.2848580173675,11723.883360897593,1983.7847244914426,1437.4057385278104,3638.7388688876836,1153.006607751418,4713.480137331439,2576.356026485193,3371.6766349504514,7484.836163852289,4233.821572301065,316.64436038453,4222.379664145124,1196.6120737170547,2121.4534091583537,3624.6963926964263,6165.305319559406,2314.918414658761,2651.9408783524045,4544.9289886224,8581.638045819962,1203.6690693011367,1487.4809044119256,1267.109735946152,2026.186016390112,1065.6373926106344,2015.3286253859487,3323.110184738054,3561.491731245741,8037.439071900942,2281.315735120104,4431.811837817801,3240.555664234641,1454.8433299501141,6567.993547245048,3727.4648043291504,12529.537100368889,8579.633328799777,3133.7220062221368,5605.588100452635,2584.8948825160887,1475.7111865241714,251.1519621163374,3931.815303825733,2320.619707208231,739.7495934844899,4530.461091653058,3570.340827705755,9173.496365400335,3169.098967386589,4679.280341886964,2467.9700328737217,8677.384713471725,3538.041194111697,10986.554148363342,2428.338480348671,2650.1435940609767,10376.484966637474,8630.545953384251,2224.879284856162,413.0491868967505,3356.385800490117,1286.2175114905592,3234.066467339859,2579.398057873581,1033.6945546348063,50.81940272946943,3947.5676408335357,5706.683192418159,7560.158189871004,1562.1827018708798,6658.684806821918,4506.097102331474,122.78624889703858,3310.9959501457533,4270.654518468144,4547.4472201909275,5404.866147021477,4544.704025378559,42.46747856509571,4785.744025704841,15405.118988159267,13134.561684538428,3843.888017610894,5798.118279999528,3252.2264362255955,5606.683047771751,59.417513937016295,1351.438082071898,4650.019152751525,7103.277855092288,7097.496595823443,7343.6195141425815,1394.1659255735901,7701.70425524581,6664.9770338834005,1841.32306933306,2317.396708420028,2346.70359475158,3322.7271849786607,6847.284010584882,262.84494477718533,8132.057753350306,8342.173905414193,5261.342890227409,4536.135810170965,4218.953122013439,5887.341941535368,2792.7510341928996,10030.611695845733,1360.913926879321,6520.203654269157,3383.2622009903084,14195.216406246418,6437.22086342321,9107.234593715166,8308.097591252177,1509.0317467300247,2547.701810313464,4463.360196876074,2109.542166343848,3356.6051984505284,597.3573503556413,3202.109152247161,1239.9897705563346,1503.5157720458185,2644.483705114736,5679.190704437202,6155.12536172675,9572.405276665191,6923.867295248167,1390.5048120067843,2473.258839583428,104.3434678099016,9363.76377323448,3207.508441097661,4734.804990587428,5435.782201360161,9952.325226413404,None
3550.238890514082,362.8058281966059,1411.8070873749027,3792.7998736468053,2023.583165837956,2913.9834636368096,10090.80438823885,2781.40704744079,3250.0235143012856,3664.899737783718,2663.796066790362,1099.8477163418927,12228.760122277012,1891.1189958374107,1881.7752422562635,4362.943196172474,1104.258345573425,4506.33805885433,2379.538839001424,3535.015757703119,8698.760213778378,4275.489938405452,296.98117020768484,4867.3358265790475,1112.9362234844687,1786.6848128056702,3758.292171848609,6193.511771147591,2482.756763656395,2975.5066457493467,4796.300350931118,9138.618315451691,1327.1466581110235,1597.8421911665562,1114.781003860123,1943.3376957378641,1007.6725491229178,2070.8358478037744,3253.6179528904768,3551.8132745714033,9238.36200269002,2151.925335381505,4420.8443253735795,4185.420414396382,1636.1075310717074,7571.7582664375295,3800.702927183481,9994.2639601948,9316.51384668943,3355.7587170577117,5726.053497534028,2551.307718910903,1522.498421659877,245.2039031619367,4246.391914867684,2279.1131516220075,717.3474713988327,5257.8985287737405,3244.1605604732817,10853.55581313765,3172.2685171120183,3730.389246334475,2647.888961491426,8639.194265733682,3733.5285923197625,10876.668220059584,3240.311978914221,2856.378100674166,11307.075029036288,9092.213199077112,2114.212789538443,363.9491306154836,3562.125945883956,1494.4970882082205,3802.797143080356,2768.508326383668,1001.4457916866718,51.38905613178506,4520.851448321302,4494.444037318277,7983.825692826029,1537.268550498193,6050.278530599614,4300.0258377289365,122.05863330269699,3250.9208413022084,3840.654414908523,5298.217226021652,5581.365577501397,4895.069889209786,39.57942385978874,4979.4636829417495,13402.973641796036,12969.559549831438,4239.708092269292,6301.473466310416,3244.3955287075933,4222.685441311762,57.64253764544868,1295.673028493172,4425.813351244663,7035.602646237505,7791.579159233276,7128.417880787296,1283.8597035773105,6649.157213764427,6853.249071658022,1617.0337526303852,1963.1493060797918,2052.4989640318204,2774.8403989953845,6557.388866512856,229.12709998215405,8902.773238623355,7589.888293925013,7084.270894679043,3574.1426168379166,4475.519204659512,4742.407073512622,3160.3976266789473,8692.593760858696,1277.7234438477035,7084.132242690954,3080.430931667369,14568.822551667392,6391.204767255845,7628.257279888633,8100.803810076098,1564.390231071081,2862.033823769949,4837.670847786944,1907.984989031647,4443.191119736642,608.8914371699854,4038.2709885359727,1196.7916941853807,1402.9255712405945,2420.789941452329,6953.674771671414,6669.467216424738,9813.310906709112,5861.586701157564,1311.7199984461204,2541.7611772180207,109.18187705552444,8421.810758798218,2852.6793442314274,4511.951157024338,4903.642140658391,10875.86530453357,None
3790.6443458965455,341.00378759689374,1430.3839784111758,3894.056620573526,2205.675030260211,2411.856677949605,10879.777207414132,2901.6165838939082,3539.2278023470485,3119.662968120707,3050.763697482302,1040.0214850170923,12263.715397118976,2268.232766229675,1654.1388952791208,4996.824649057469,1040.1994933101182,3606.6096723294454,2285.157495489724,3997.538985825858,9337.910636946166,4129.034933869273,276.79654583071726,5329.995417547478,1053.4401098956553,1654.5626627011522,3729.6445602680733,5874.2084845705485,2810.9011960174603,3401.303813562185,4933.989398529731,9523.593902466704,1436.5495745811525,1839.4044613538906,1014.1557647669612,1720.9781462065405,1011.3853770946516,2342.4232645299553,3666.859060876076,3671.758246965459,10715.978748179843,1990.442822077932,3432.7255236840388,4980.332556552491,1628.5757968960993,8175.268977441168,2974.6348970952063,8547.920576347144,10425.297498149395,3037.469013639811,5321.47120524293,2530.537679226593,1635.55443386427,245.65193226097423,4460.64834876194,2244.7862950555527,691.9673674598507,5102.197964625127,3982.859380810944,11887.92268998824,3204.364612298733,3125.8030431274037,2771.1341808382317,8862.490109568986,3506.0659614996034,10675.12406597578,3997.053741927388,2873.5273703440184,12377.550391265331,10022.485909704023,2165.376771636088,344.88744911913375,3467.9290909619185,1774.4413037276058,4858.746797923625,2885.6996954609363,928.8603927493725,51.679314716667605,5247.463859156335,4069.5482370592013,8559.880205215588,1456.7654891212885,6035.615172340538,3894.904704452273,118.48009893859673,3088.8732480899353,3765.5403455271694,5994.144482654655,5273.068975043198,6158.777077463734,39.256376140026724,5745.60042864932,10233.195033236663,12968.586118346899,4388.668249312693,6961.238967851956,3735.315036773154,3763.841866187112,56.5978588661951,1230.6897242101488,4426.647630874149,7355.823387049682,8390.364625105649,6124.833081709176,1229.9798502862461,5479.481497832645,7416.540570561679,1521.4664380153283,1855.2584563389307,1802.909041707564,2702.5968214044133,5966.8600835024745,178.0607734776456,9954.487556933045,6644.1307517134655,9325.053523942337,3487.7538809610987,5148.3838021226675,4315.665379805755,3129.4131007022424,6866.694979402732,1229.3542292629863,7588.030933135435,2433.7757939055286,14740.869699618444,6742.7526360380025,7566.110627008797,6446.213085496053,1528.6896709592536,3170.358873524602,4625.2556270580935,1685.1453333772147,5512.316503380117,591.984060910013,4651.158465341654,1146.974825912623,1283.3713489036618,2232.700962408943,7238.903048837697,8189.527180027469,9280.386643544254,4323.9141180068655,1158.945813216247,2569.2073645515525,103.98557885340307,7729.594587597254,2707.5360421850164,3887.572816121386,3507.376984693772,11802.597711700137,None
3846.963104024758,307.6607548994452,1460.1069699965603,4309.710495244372,2470.89570616001,2295.8723038603493,9507.145314255074,2921.0240910813263,3742.734850603997,2781.5123353493627,3860.8969094668864,970.9519763390656,9320.877091418095,3039.1789992921504,1265.8649198648875,5559.041039779971,945.3517860309457,2516.6088433783393,2699.916774027348,4680.7452065145835,10315.1799130138,3928.5721527633177,266.8785576226137,4342.00689466386,985.4154060205278,1580.823604857821,2765.195490413085,6037.616555278011,3277.696636779165,3229.1577968526585,5270.47628900285,8872.723706980474,1601.1670030345565,2197.241415281181,964.6358660048547,1707.649171984468,1055.7861389009718,3049.7121373273085,4321.545749429317,3263.151541124323,12372.04262625981,1948.458346496423,2603.3152262838653,5371.723353856372,1696.1386729943827,8328.578812149583,2565.7503641814565,8009.524795464755,11230.936171341376,2857.746817358662,6093.089347247158,2520.073553353436,1728.4429308780727,242.48219840895771,4533.35265486827,2250.6578626241408,647.2743897659794,4634.822066724098,5068.8693853238565,11038.40815806632,3145.0344042762163,3687.180812607848,2965.835695135411,7027.30197940989,3772.350363074566,9586.863956731391,4700.301142531908,3147.753747795965,13272.343760310296,11778.440960830812,2415.1619123375444,330.8806717228205,2989.732650860205,2174.8099543312705,6208.65760877466,3251.7376412294398,820.8334383213257,51.999885735059394,5721.697760686642,4066.119316921197,8014.848724315044,1387.6491760327515,6018.317946254809,4108.019988915272,123.57733177393068,3272.1864664664176,3718.624779619481,6440.332162800187,5403.801132181795,7694.050673735835,39.11196349097658,6924.201151960597,8456.517935633674,14144.5583604402,4227.527885704563,7818.157561850237,4460.356141521093,3767.927406191368,55.11058919845229,1201.3852211994968,4675.9969443081845,8087.882999644277,9130.569921311213,5179.510603833558,1250.7212612291264,5561.758626879396,7714.957169677946,1465.4721446877293,1794.0211538154115,1587.0874120080327,2486.5167649072378,5125.191354773338,165.99880721643882,10869.054028584009,5580.646459325247,10428.775794334551,3646.813750708795,6220.7514429906005,3501.0967672116044,2608.339645467685,5373.787840084635,1211.672834164012,8299.625639322328,2215.4469468353527,13990.089806292983,6492.714618225461,9190.363445296554,5604.0249596378735,1595.947840744697,3469.4773777036216,4230.4570465164725,1510.41383942588,5823.745461659174,549.2766396000418,5342.896467091171,1015.9457231182033,1206.8755365864693,2202.5245255872405,7183.379883448122,9198.334243702902,8380.832027099557,4131.415443523784,1109.262260429973,2714.5157971037233,95.29151188799194,6403.3274144032675,2657.784471039104,2850.414879172732,2518.6883048924697,12027.10404746167,None
3844.859907977601,330.8468510039502,1555.2303781491248,4886.935963528187,2802.914235517685,2316.4688119590664,6785.218779828419,3291.0212133657647,4028.50816166434,2529.3553117061692,5025.661457349045,921.2063369432688,5064.9353014377775,3583.195516946348,1206.8068454742227,6019.1410443604655,874.9607178158466,2871.241082197141,3032.7162774699013,4645.479776949859,11351.058281970709,3389.7193669041335,276.68476405624733,3346.7572721657148,991.3790901836916,1522.2088983593394,2538.971983595876,6525.481925713373,3973.104322967309,2685.536096041149,5307.867346576671,6248.357989125611,1735.0543384322393,2517.7865967678977,914.3890023788107,1629.7966578267983,1152.4527877618766,4126.456250347745,4106.331668382018,3765.8258221504293,12459.037020326377,1959.4323677266896,2354.9340640342425,5367.441014825089,1895.4480679537046,8260.754462678044,3263.9613030677074,6303.6124276575065,9833.010785320032,2571.6563544821233,7516.907293500937,2590.350783644559,1798.7073199771155,239.68746831131736,4463.087998537473,2064.8483927248044,613.3019734357138,4937.696206880665,5989.035699670536,8769.387921012156,3044.206378736178,4580.313016550644,3414.740799949556,4408.983778524383,4904.714879721496,7193.199589522932,5474.460221813917,3960.982334112132,12615.385265194549,13092.343421254238,2806.2753016238426,321.6461386727201,3036.3932442493738,2632.7843625270457,7068.5691792802745,3308.064525606417,772.388971359708,50.07162434980083,6138.833251728325,4904.498062375797,5952.865877512106,1301.2538765866286,6131.93182251923,4781.124798426057,131.41187258600442,3913.5840711275773,3354.3786274462736,6827.194525096294,5691.452488349765,7424.344683194099,46.499542257566176,7809.472252215694,9322.133092095113,16108.555932034094,3879.174800015459,8211.434952043795,5093.0460098161075,3984.152079982763,54.41121546592159,1185.8672157356184,4467.034887331383,8988.687791478264,9710.320868003975,4510.5267411858,1247.6163485194704,5901.811557430339,7479.6464215178,1468.4057525127128,1734.7890959070153,1483.9507709253955,2316.333250272773,4451.6869256406735,148.33149246890414,11740.71020972411,4404.652757364484,10296.223645520102,4051.059877903771,7191.895463472745,2757.7424039117777,2508.869617503185,5968.279501845013,1216.6510647103087,8556.671242200115,2200.319785649468,12796.637960313059,5993.645905959436,10206.46926587525,5974.613773793638,1653.385138145899,3624.5402663118703,3554.7792613053784,1329.7345591676606,5819.930133937752,553.065805621082,5849.668500460436,901.4983599157015,1103.3517666816467,2109.4566612785948,6912.4498802221615,10317.45261611957,7568.576210451762,4402.090084608502,1127.325304544477,3235.435094960725,90.76734083389448,5624.035383377156,2408.9839635894336,2379.968313264188,2614.592805385889,12430.289472229126,None
3772.4193010940694,340.56047023102525,1811.070912132592,5302.77500637494,3415.065592808247,2270.650635116513,6371.916710943738,4009.710299741451,4095.0329371572334,2457.923962428429,6318.185791306208,883.3447723438173,4890.8169019290635,3883.432102960689,1145.2439020603406,6110.648598352104,840.308897983584,3869.532095878866,3192.8802923108174,4109.785122340419,12084.32032573155,2786.705573775195,303.24323701943155,3672.971349103609,1035.2753525326398,1490.1206390663945,3017.7443560416414,6823.4954971131265,4636.694261692072,2718.8284688601425,5213.386740971864,3942.376235360136,1867.580188202296,2775.8678462100897,865.3731748044502,1550.0826405819848,1266.206725300394,5100.559485708535,3366.635285338942,3909.133506145108,11154.409274958482,2011.5384342289826,2380.6491705421868,5613.950640402973,2177.3960742494905,8904.538586129625,3649.0015481654436,6583.443418744346,7054.842820978434,2366.23247732216,8549.50667910193,2736.87572754167,1906.6653627632431,240.31003279466188,5334.528470468209,1963.3328693404992,614.4925144723917,5390.546531684505,6841.2659455980665,8362.390864344761,2992.241243705694,5271.671112563697,4179.161997951623,3575.418768507321,6359.272239846754,5794.018998965428,5711.877643385974,4364.079177566255,11537.189271492294,14014.104456418765,2876.630117120809,307.839614416406,3560.732787161656,3042.917852709964,7322.796479881747,3144.979489884868,751.4541108861009,47.82502807195489,7370.682387887579,5782.294736128235,4981.4854805816885,1252.6558269716788,6816.7596109307115,5599.1254542996985,132.6685263168763,4382.340144198832,2888.3135810204762,7358.885627725213,6013.4067547268905,5896.493499479668,50.20070099615072,8166.869123810656,11059.909810760237,18031.64485732087,3346.422743349952,8065.371027103329,5255.6822359703365,4830.283983492272,55.54478170539194,1136.5391028360268,3990.921045743041,10090.974122645644,9616.199490461566,4427.1129124949975,1190.1370315087022,6713.809914176762,5779.595784223247,1444.3407069312561,1621.859718576989,1510.2967124413144,2330.760931628913,3953.762580587429,143.07970960332784,12741.047521170225,3667.9969516458177,9607.408941372216,4706.178605397292,8158.367340243026,2603.978682524028,2506.069819363496,6645.329502751512,1193.95256892864,8893.117480312141,2238.779544233386,12047.68980941771,6365.4327973723475,11220.350168024228,5805.768249350073,1668.748709862597,3915.201532818439,2928.606548667583,1182.4196041368089,5747.63003236721,499.08179431567237,6478.002142423539,802.4144764771752,1053.4621726569997,1994.0520498420974,5775.995367623633,11185.56362377198,7078.6651435175545,4448.458910583248,1059.1078366945078,4285.3305824022245,87.58341695993812,6319.318133887686,2295.610900565785,2185.6375764907643,3112.7354898526405,12949.213761338877,None
3945.540944056371,330.5033087061424,2138.5670590843038,5270.4881407309,4136.735722902849,2254.211156708482,6091.576029194277,4250.428920118087,3751.907029026429,2496.435683073421,7256.554529780386,840.5932612896645,5714.429130405703,3994.855454164663,1077.3098781262365,5930.868608013642,802.5907066368367,4549.023539459802,2986.315465601408,4271.223044580501,12478.845513109734,2918.813992416951,305.0376406065765,4033.1827623602885,1110.472601727333,1520.9961215505155,3535.0911109977906,6908.9431134380575,5612.986531615681,2916.4483682505293,5917.075742801118,3515.2846746488103,2005.6844160862995,3028.939628532328,820.0783900236867,1621.2219504310574,1433.722716738734,5679.420391503435,2747.333878529837,3600.910113707646,11109.100379150246,2158.882069601638,2449.481103343868,5720.802377585533,2740.1111131320667,9911.421567006142,3764.9690045597213,6401.984169947582,6100.150350670363,2286.737820413829,9132.885112592878,2907.4789450808403,2305.371905859794,233.47459058113404,6365.203568452307,2198.5491255359266,638.5594888315999,5723.481505355587,7658.912797620174,7521.175364931733,2951.831884318643,5637.7063129357175,5016.469937737461,3296.495770410012,7393.916932164573,4458.612805592418,5674.9205950627065,3498.8167440258226,11281.19869699599,13898.598821771282,2464.185704732767,288.60097985989637,4270.081655576662,3523.8641514119286,8135.691964954336,3280.815742137767,677.837400931187,48.858853291110705,8837.481631358349,5336.3921722039195,5078.406317673402,1270.8635834329725,7618.294236187209,6590.251448445815,118.95510991538252,4907.868408416977,2551.5881334618757,7710.566322978865,6595.923500932305,6076.1841840121215,45.938775623579254,8128.625208274743,12561.943449227769,19352.970289322468,2771.7886560881157,8167.07650391073,5758.6772612323475,5580.6910758363365,54.33923146876072,1061.6805650308845,3766.4239749784856,10934.663801079498,9626.178780041122,4327.638962769106,1093.6236285950197,7029.0350208744,3669.3076958906763,1304.3158189363292,1460.8655795246634,1461.478264730286,2591.743780268071,3462.025109937676,162.9810513746685,13826.52482716597,2986.4345205224213,8803.01776044106,5415.704555728639,8413.294483497039,2579.708471647325,2478.760035550029,7031.934860369211,1109.8183555960966,8845.140774331347,2118.0743851119228,11583.099555994655,6488.317909656011,12289.582229697175,4685.477485546289,1728.327026664105,4154.438648784426,3344.539248558038,1047.777686635403,5565.468717951522,425.43694332556447,6984.148748790182,703.0040901316169,1024.2975791602994,1960.1481601499224,3904.998842238822,12272.21295798758,7040.639471622241,4703.361998386734,907.5121036839653,5276.172104619501,85.64310123280283,6339.548229389751,2264.9390865181313,2005.4464167856866,3863.5846388267155,13073.57396805485,None
4116.597215851045,329.68565286420153,2507.095825131579,5336.410022695482,4793.6721649734145,2471.7733506293594,5625.10039647343,3667.2434529736456,3590.587505326247,2574.2663869110706,7334.05695857261,773.1401205992344,5723.675334289844,3841.044664333703,1078.6318065999826,5834.030664532503,762.2461814854927,4805.734202086162,2729.5502701302903,4919.320197523513,12185.190265548903,3020.958215510785,259.3162129408725,4043.713889030413,1193.5648610878588,1652.0567643230945,3971.9788011191686,6367.852258370208,6671.898896689774,2926.3033253031563,6684.111941682964,3809.4524957961817,2032.800506142807,3526.9403953112956,790.5312340634501,1519.7110526108895,1722.1438420388465,6325.959727116387,2522.4639081204937,3928.8329230557692,11040.513039253809,2369.218220555981,2169.82288447693,5116.496697322681,3671.350676443208,10998.987704582458,4031.085226869941,5605.006704488697,5295.989988164542,2301.991082831019,9448.153371236287,3202.501998226117,2510.444328004231,220.8855581163533,6317.364936404282,2843.704444073779,691.4295302188997,6185.957048412065,8265.880526182618,7310.766048950043,2900.435448562879,5969.609526178923,4802.855123743855,3310.43048983614,7723.3378382031715,4426.920076912452,6284.7893257363785,3112.7918895069456,10086.635244633448,12842.312148597945,2167.471479524371,268.2523550549995,4727.334267755449,4336.650028999801,8838.076588133654,3232.78522986987,572.6522892999571,47.42793529759472,10059.522469440906,4297.173991344414,5487.118308407189,1308.0136087420524,8167.0465743592085,7272.512625658169,111.2647999428783,5774.6855700261485,2283.9387852585583,7788.983338594588,7244.245147976238,6905.325442811285,41.24998209399063,7476.999190189009,12264.540432275071,19508.60995789339,2269.8066164925026,7662.532808455066,7022.046612016503,5579.653405855331,50.902812657596705,1022.0429464978098,4008.227837975147,11104.538187824775,10252.165607319774,4173.046950921922,1000.7574925785384,7074.653161815885,3266.354445990469,1128.4827232442951,1268.6650731974037,1376.0972379979542,2733.57281694153,3227.686742366392,197.86870657110927,13784.042962325331,2360.848313891153,8042.845770180425,5504.1422699547475,8052.563465381363,2617.6858051007675,2307.437856726023,6879.155284349808,1013.6907288306712,8015.649597836618,1998.3477778469394,10732.40500452494,6544.633196923113,12949.612519153345,4950.7032314285825,1810.1435748766821,4499.447425973015,4071.4602717017688,982.3282533430588,5236.478643469562,396.8691570067652,6294.027275713418,619.1357942310632,974.3384295441392,1837.8671927354349,2976.2299401054106,13203.977146236717,6617.052423062576,5436.387494283167,856.9026331697377,5821.20740010163,85.7334747738502,6126.622645769571,2105.5033121513957,1963.1621860608102,4692.726893129586,12733.174347842749,None
3879.946093632209,327.28184234954045,2972.8835195209967,5058.8549481046775,5511.684871288637,2506.71157609597,6116.62144566045,3268.790314462902,3840.2711980123663,2606.0575982612704,6807.430871217903,707.523006785054,5281.486370563443,3625.793187354856,1248.541984045839,5607.129370736152,721.3899591917092,5090.058280879571,3081.6122431030512,5366.325840187171,12189.058840044507,2822.7616609175734,233.53837553477862,3508.490449534013,1240.5410941454559,1735.0832331866998,4167.5289147808035,5314.226814773159,7597.148086233451,2786.497831120297,7132.990625136353,4332.7337254812655,1931.6281191346454,4236.6962944956595,760.1815333951367,1341.6277285306226,2078.891468391901,6654.609247592571,2763.855947533922,4785.0819932714785,10493.533423169783,2283.3345782984647,2082.75664116018,4782.706215148343,4524.620013469127,12236.827594767945,4829.795029464306,4967.352710769113,4878.612880475178,2302.978808924001,9560.841957013852,3961.9437602620333,2299.9852663560764,214.53289235987702,6038.486169485099,3530.752750268747,774.1686599118333,6240.389143747215,8309.829289761954,8707.307397360913,2828.772322404899,6097.693488038889,4178.809609198686,3552.8627119994103,8207.922571774738,4601.945569886586,6523.743712360913,4123.331095719832,9435.645964403111,13105.446877912871,2309.4631019013964,255.3866552649952,4061.107948772035,5088.9077971007255,8998.89755941321,3153.287831362413,514.1560046692084,45.83468571620855,10934.272990620962,4298.725442276467,6133.023026491953,1398.7164074035502,8542.732121356423,7255.424479652047,97.37420313231377,6819.3033779577845,2076.18146415626,7355.95826899519,7608.6839312083375,7280.780203564991,38.432980198067625,6457.298403787341,11087.125901966872,16302.801228474265,1934.4857184999128,6328.158768982569,8076.84423940825,5041.744941008446,49.74491664109986,1101.1381602583735,4606.879792901446,10700.487020505103,10732.346542400574,4294.7269630462015,954.189603631776,7004.938585075211,3264.065367654166,1048.9263554544632,1097.283234106488,1292.0922964645356,2644.066529319733,3057.0274877939296,196.98507292583258,12417.75671117308,2216.9858191468907,7971.424871471504,4755.2176325733535,8259.252649613096,2599.6916533952867,2228.161816727277,6288.854883377866,936.3511638318173,7894.605276218478,1889.0302920746105,9771.064513820938,6071.9571178434135,13498.355482165838,7150.981048078587,1861.7747564480262,5344.35153387101,4301.815564093859,929.0280484210916,5241.757778360403,379.39297091111314,6062.495224848725,561.0391206658995,848.7946896652701,1585.233190919111,2816.1189204900256,13621.933048967128,5881.275331223696,6213.697992342232,851.0196539150552,6782.005273220312,86.9190551923852,5788.203177351385,1928.50811262868,2140.745573610658,5153.786736977593,12283.943369282586,None
3211.6610343359266,320.04617487475787,3438.2661163936823,4194.154532296172,6579.877894643362,2532.932240179757,6297.766418264265,4092.9685077688373,4195.743384619518,2708.153322366823,5962.1933823435975,664.3350785156035,4729.159815272278,3790.355504178748,1622.0711352472547,5156.877897434575,692.1057068627017,5712.523507117521,3535.886269060447,5137.043049404145,11018.416951282114,2423.0184759207364,219.8668287005415,3143.897301704369,1278.5508741305134,1636.8461366757047,4381.920421989337,5567.632562612585,8807.342502712037,3143.355218200308,6810.389865175287,4308.732986059109,1941.6610166242651,5098.991793578887,712.9739116989923,1219.6868922433382,2312.466136335178,5748.118728487006,2853.207913743461,5930.357850782078,10411.283219404317,1993.6474593338592,2335.152831028382,5286.361930171173,4782.601344220991,11829.566345038364,5715.340811618134,5347.258005139677,4610.553841487335,2320.4184207399153,9546.147203699578,5237.440607095762,1997.2164596392947,208.65225593577057,5147.621201011431,4042.051054611345,835.3399581578366,5413.789598628533,7563.306139592657,10325.26815743487,2744.5903108393536,6388.091838610366,4123.88415730845,3968.6578736450397,9573.906952124704,4633.13877055881,6103.581887524753,5283.970344534577,9199.096125578968,14030.607273284983,2845.3191159549256,243.07264597111592,3362.3724427005686,5718.905346781048,9015.200736616984,3409.2151082060523,463.13164466116274,44.685417195535706,11279.89312065215,4990.423781591664,6309.683200934576,1558.5022643459838,8837.95634403251,7279.023934347009,92.71183719398087,7260.992311642624,1888.0551990755914,6462.1757046508055,7581.647711247957,7351.980389342434,38.0436391500013,5954.6851619412255,9926.600348353277,12070.91141054367,1744.3079951343293,4744.074894407889,9012.517525479458,4318.898217742822,64.6164119561484,1355.264284070205,5540.2070897531075,9982.769944903108,10073.029793447422,4784.794911435803,908.6305474499173,6555.474234372421,3166.064882196583,906.086804465924,993.0903140864656,1165.7196138518655,2719.6649342369237,2908.596850663615,170.6104520146714,11400.732065107644,2103.421948893736,7989.02836963634,4396.837412790701,7971.687679272707,2341.227260153088,2426.554230354989,5144.112231534292,898.941504611341,7612.642866656261,1781.0889960451414,9173.803735013797,6006.116534231966,13609.847114806862,9364.850956362972,1898.0800753103092,6492.5033289678,4158.045462371267,823.3834300876415,5635.3818679500155,369.31937891507624,5798.452960482155,523.2263050583533,701.6215700233977,1501.327194544585,3080.6196221908813,14308.491315417004,5160.811951958836,6407.201092307219,840.0516222933435,8088.190473837732,88.89843996509525,5339.311016948477,1741.464954342193,2373.8897852560863,5379.597132356159,9714.265065670153,None
2969.0090202008614,313.9765018491001,4110.0718758020785,3548.0635550189595,7756.409647746646,3281.4331578530605,5168.355554028027,5504.639877436654,4208.127348529535,3085.423268614544,4448.357272433209,642.6222992763711,4061.3488787433776,4666.408892189504,2070.9587832775896,4606.4231239090395,625.6641378692917,6307.680431437469,3620.889828079388,5091.021167126761,9232.850667208302,2263.7478487886096,210.4877349724456,3064.409232167326,1346.9325755894952,1519.8647880204135,4461.46047067084,6350.801973563567,8582.27647051093,3637.844249401529,5254.099601951967,4116.371252018359,1927.2207370503625,6043.313967913466,640.6237537078995,1160.1367449994634,2425.530686377757,4410.1493958089595,2683.321131391729,7148.158927979894,10891.584283927043,1933.010419991716,2829.717115069784,5792.2083566337815,5327.442141304361,11002.045213169673,6159.016472155535,7068.276536480955,4354.317301262925,2284.22521134028,10463.340773856698,6097.280456449302,1845.009278761208,203.39106960581128,4445.831803872788,4365.368649157643,844.8610636503598,4963.519607182348,7241.6183982542725,10807.46089662976,2714.79711631246,7275.073777956413,3530.358058280029,4534.034928711408,11406.37449968513,4298.647978754675,6165.100735002124,6117.124398148305,8904.392836753614,11454.322447649367,3536.0328523548797,234.54190029506873,3895.017520854185,6768.264528900617,8841.238817908732,3797.0200932355906,412.5072715416448,46.10713169811178,11820.878970167663,5430.9658451869755,6642.065024446784,1702.298014524764,9205.564690815367,6912.509298252883,79.73098091036566,6837.099189245351,1731.010725278438,5945.062784782299,7169.436909864413,7472.577617143617,37.845768983872475,5380.476902406607,8531.574035566464,11070.495847197812,1546.2975940264835,4309.028268809816,10130.500796628065,3655.033798176153,146.33963004786605,1654.8953937131284,6884.73130875925,8929.14523936295,9045.99201951162,5220.747940769839,855.3668409203664,6218.9458185457215,3229.1900523661748,756.6431420672019,953.0401334357554,1043.275537423815,2890.2925415880186,2960.87645376034,176.93330126989926,10151.344139666218,2064.7059373864417,7227.921508448188,3977.761520175085,7398.180755600491,2142.4067278103666,2809.9787119166417,3710.9229037315417,939.4740199421083,6922.564181830042,1741.142741815943,8489.42011740973,6911.34991303184,11747.215648636418,10583.574145303945,1900.7654255546888,7209.953639494038,3967.4582709094757,754.8531410353953,5538.417164626094,356.9290429358739,4723.119621173162,515.9057504346232,659.3902856166268,1400.724876916536,3984.0242890050044,14691.736852525402,4551.771673939901,5923.48129905171,790.2924178865352,8681.454145712643,92.41443610913822,4982.034781203135,1543.9376873020324,2589.076662408268,5236.784836368385,6684.181899175062,None
3133.5410355002973,310.4248664270787,4715.670051236293,3211.4490864786853,8160.925420624528,4294.2316800882745,4710.966495641586,7222.514756764562,4068.056011232685,3809.12087462596,3067.575474523827,627.097713794311,3674.915934604693,5164.457476498485,2672.8496438786674,3812.8088642439893,555.1623668200599,6245.089596244399,3604.673167464129,5131.1910729300325,9240.27242368001,2273.44299326706,203.58448795583095,3212.146835307837,1354.9195463559704,1456.7181848166254,4531.676187301733,6797.12446219379,7442.214244932704,4174.808307781084,3663.464012263044,4050.1162976450532,1727.1685802034704,6979.772120895916,576.7076161043319,1118.5826395605843,2526.0999902775147,3789.4657936065705,2506.294682632277,7310.579208384509,10534.219326208276,1878.28019412254,3395.759074547718,6509.213497032833,6686.468748900174,11130.966561990546,6164.973260298698,8530.031240865459,3984.3835184038257,2214.051481322627,10736.431208767252,5730.660314020607,1768.9662094320531,192.5045485390124,4371.6481353949,4486.398517091402,855.3288081357921,4847.2541692285495,7600.234303777774,10484.91007978869,2595.185827446953,7277.899334266856,3205.878123031457,5460.265120475986,12748.947624107037,3947.48866277068,6122.94634218917,6632.430108470593,8711.838597908401,8407.155643490178,4216.426023946801,224.90337977149252,4764.800520631404,8174.681812093401,7610.176257281189,4374.326363588958,384.2714781754253,46.15492780091972,12611.155249471132,5822.042534932003,7343.918368723543,1865.6930066624136,9792.513658596667,6376.481786894334,72.84048408447634,6756.320428779528,1578.3304107846054,6032.797023205239,6690.075424461239,8026.520596908901,37.60602068996478,4935.063140662914,8212.623054815878,10170.729411193195,1411.5370659746645,5502.607515631161,11079.441570396679,3405.345413724069,128.5211365503765,1778.1559589110361,8365.61013948879,8054.758165939547,8675.119154877626,5265.675460623913,815.493985010378,6041.532064126139,3767.3730828414937,679.3769795356311,940.914068695543,1015.7200704586256,2954.6960781217185,2718.8301379726577,195.16583971955242,9612.613090585673,2106.751817512779,6669.912349794987,3186.091450545376,7329.579139189048,2397.9298173907528,3493.8449692355834,3285.6257194017944,989.2826551825633,5654.873614702015,1707.0865237754058,7623.740395034558,7327.885345149316,8034.7193018154685,10962.21014626536,1715.6665550829882,7321.703733726082,3771.9631129163063,769.4899571563193,4980.363589249612,333.9956657017133,3991.329405897087,488.0904321699545,626.3789657355019,1246.3047691225122,5283.49895625511,14428.371488810944,4214.106971347204,5465.856640168187,732.1659197829109,8922.122029841536,96.62690079248176,4682.607009908102,1356.9545366481966,2637.6258877140767,4551.33906189011,5963.285292096849,None
2366.8141477568647,290.2964202770807,5454.97551884205,3012.2831442316387,8009.457901492322,5313.449110275712,4677.606322987213,9262.162966150938,4050.287061515263,4866.106130828224,2942.986561524273,613.183232230188,3709.734088345511,5005.8287663786705,3419.7249321339973,3108.4335915858087,507.43544547082945,5593.5109425364135,4005.856417418295,6076.135118273993,8687.464137488883,2443.858744097089,195.75167271515633,2957.4287755048,1222.4411006429445,1358.1386002406641,3953.2292431010255,5936.161755071032,5709.616685164293,4914.055421244816,3351.82364025109,4056.695771748297,1678.1791935524254,7655.908467178951,532.7902598795246,1095.2903732118968,2552.695751288456,3660.383006491783,2425.358168670225,6958.819431619395,8600.259962912573,1824.2561734449407,4135.082971728024,7357.270439640381,8386.597654578958,9985.548920456551,5121.370547189629,8238.576724407627,4023.6583850415627,2344.8038893100797,10701.630687848481,5261.771052205586,1782.268707214405,188.26001334421443,4037.7585626595314,4824.45947147466,909.7860817820367,4462.165031784475,7682.327339445492,10377.380284773195,2458.877524107713,6108.109195612043,3121.146396845896,6995.555816450267,13530.697510957185,3733.789582104281,5704.767415793432,6790.21284715415,8305.456221770111,8476.342579513717,4388.2932922497885,215.61235556786386,5726.016100612097,9570.618583843487,5674.723014184369,5470.68160452886,360.17472546942565,44.29867453574344,12619.078332915804,6813.912511912904,8002.694444566058,1793.4077123692139,10526.906530353655,7016.908172699147,68.74666729256138,7517.444317054519,1372.7441713575854,6221.320624272975,6329.363613033856,8271.002069451133,37.29977237943028,4528.5074573039365,7108.079133450511,9094.942192284314,1359.0121654115278,7461.815275161823,11922.437860938811,2889.888189520525,114.4982485700398,1840.0724529184515,9179.668716706685,8160.892416452562,7816.808729324708,5553.891226860737,806.887145216303,6005.576501933986,4869.141178001488,612.4538458953873,921.6201121657001,1030.6540978277953,2887.7142561735805,2386.5197871960595,163.40125292287556,9081.166919442468,2124.4184841607416,6273.580942437352,3415.6941046664338,7126.025052654464,2742.5822441073583,4251.724395065075,2831.2848371015916,955.8292942685252,4954.747522008974,1662.1139395794846,7116.303038659602,7364.245698817504,5926.8640336632425,10000.19423459822,1478.4617294213062,6757.908772823364,3584.662012912753,765.4605443084158,4641.104327571546,300.6427670744881,3764.2062000262586,451.98912648951193,582.0224981599483,1128.4888934479554,6584.734668516689,14860.987273822366,4079.9498546056775,5626.921486354581,687.0167907113807,8487.461249046619,99.56347602763277,4426.095640583585,1219.2396015455772,2529.3284029018096,4602.157961735273,5139.587181024735,None
2262.522064496909,291.3598360507642,5773.528356546042,2908.0857083955243,8082.395317117839,6529.311017664981,4634.722962290886,11323.17364434794,3563.3598195170143,5288.03637127646,2839.896739612509,600.9129140588763,4123.351242778328,4752.836410521165,3960.4547954636982,2649.419747524334,461.51461472668234,4713.396597079041,4790.041175014171,7365.501989149625,8147.880330265353,2803.607639088749,187.1343755242097,2691.43335847281,1079.6643086413187,1296.70993548612,2969.567305855341,5342.974746742631,4068.255156908281,4802.100433719189,3331.8427646751056,4515.8928911513985,1621.450573349506,7430.117492965777,504.9081479276104,1148.1648738565934,2617.419998354325,3598.2917870243227,2559.327322063735,7041.107674646358,6486.243267205389,1801.7973700030493,4943.351526639101,7806.407462670848,9980.119545711594,9111.221697675432,4072.2784323040946,6974.88601728491,4254.955728754027,2524.142560995559,11437.80183206297,4259.622496376952,1830.922340809677,183.9333160116811,3466.254898486261,4937.439591476192,935.74148663136,4763.42704443708,8183.577344904483,9556.437940251988,2337.936412662755,5112.553958344191,2893.8315512394433,8178.517246505279,13964.562924058791,3696.560748829938,6124.238292254881,6971.193669460306,7615.528919602742,8820.446730101305,4233.8036033689295,207.3161369556685,6333.114506538401,10504.018910941335,4810.677743207174,7134.133643402561,333.3318341047105,42.443799800223495,9772.813644642943,7729.564903971823,8544.306125175803,1498.014707901819,11023.864871385884,8423.214985363662,65.52989142567601,7948.930785291309,1214.5304397541431,6182.865743438203,5934.854847297039,8144.284743290797,36.999034367136346,3815.159337858559,6096.841845062002,7902.5759636121475,1194.1444685831352,9024.541638422734,13193.077302753582,2324.3273596545127,102.80645581864958,1989.5971520390963,8982.285051409417,8578.579070599952,6010.035880167248,6456.4466147757985,841.2318511131731,5653.5138279225475,6207.466362045949,534.9678202451379,828.6588234062673,1013.3542301854817,2809.1324993506237,2284.430775368421,157.70063142019995,8816.500226977865,2040.6418078081915,5625.078146022945,4327.531021190003,5753.902459908441,2780.4986120982426,4686.924701506026,2520.5746088236897,882.338112109224,3918.904148943602,1645.4930610633621,6625.842924769445,6955.929679666057,5393.385864374503,8643.944415922058,1311.4711100889815,5993.391361144604,3011.5747521967187,647.9683383281546,4397.36353497396,273.92038501617174,3825.648285955017,427.9186466692505,537.6907002947843,1043.481076367824,7356.1489026638465,15692.731717171155,3969.3845587384167,6497.297941178639,673.7214944144978,7343.138967315826,95.45880400932451,3954.338165032473,1104.2082885075688,2332.281404304881,5190.652678849386,5455.251109261299,None
2257.305209858244,261.1309871220771,5293.912080377095,2945.1164608703484,8316.849900840905,7765.18120538424,4252.738475002543,12388.655585084482,2840.848159374503,4669.58729359369,2833.2406709371917,583.6634724358323,4618.37499960933,4261.674200037973,4518.192044805479,2674.82034187407,434.78084475834265,3567.0764380860933,6103.5582502244,6566.017125546615,6353.142838503985,3031.829081005713,181.569556586204,2729.212823235459,1084.7429084542102,1241.014492089021,2780.8379489343406,5354.461392225893,3109.9211814886603,4520.4827732977665,3319.349604003247,5313.7489223650455,1597.8570023857271,7032.639617559978,474.0528688778267,1189.917101099294,2592.490378410908,3576.8870034575225,3087.93933292368,7705.007622402444,6275.772372891764,1861.4730934362753,4576.421300913877,7444.741573533425,10873.081383467395,8699.197455337946,4688.415490575655,6880.531753384326,4659.9375587926315,2417.850964365824,11834.365183929514,3374.12735687396,1901.7425044370768,173.03643143206304,3400.31983491154,4896.3599885149715,866.3884795701656,5457.72006813503,8768.31118302523,7732.448563000374,2065.703368880769,5438.658025553001,2787.263880713193,8495.819531324662,12700.289579169596,3835.822804628149,5851.061286205407,7230.690407890555,7363.373407890795,8671.352909979576,4747.966372467553,194.13011592760608,6540.202865539879,11181.095103331108,4297.989824739903,8044.182293204069,303.24585456740243,42.03876447505286,5288.041819551986,8724.18258482493,8700.891432466453,1443.977537755995,11369.008289580537,9622.182944027176,62.74786183905743,7647.997358791978,1068.0262394936585,6392.42037573183,4972.3163759746585,7512.688582469191,36.73141937022433,3168.1890407785622,5884.01942904663,7713.007837694627,1014.3691178511352,9492.747776789563,13784.207473494367,2291.990021950105,80.7906227962592,2215.5221641576454,6776.1162187646605,8408.453597610282,4775.065301238995,8096.008454495117,904.5122689886676,5049.69527489228,7170.68872863385,469.70508934717833,666.2692765044594,957.2194474141296,2903.7843089510966,2037.4036795356217,158.7317383968966,8912.333607970078,2000.6459026687867,4918.593803284514,5754.75026079578,4301.292266874604,2492.412161426976,4823.321426913782,2275.128768789811,823.9362519418646,2697.325050771876,1585.6574655232398,5218.084352202658,6487.253615577599,7189.076478272425,8529.963947651404,1117.5766733634862,5880.973092445829,2532.6449148081538,524.5501681920854,4210.04346049985,260.75131617073606,4417.383700357087,420.8682347935716,498.39437817416496,935.7047148333099,7805.957586451035,12686.658127126384,3710.004621232488,6701.682394547011,622.8583584406364,6905.140153039053,87.15239296966354,3523.9063359811994,993.1586981492194,2135.5709337962135,5730.7289225036875,6792.526251327782,None
2097.9356003912108,240.36689435198517,5044.6399045671615,2997.9994593792717,8676.941570970403,8831.98685033736,4354.892640188039,11667.20575988915,2937.6522024307405,4106.538841250551,2968.782084767157,549.6744680601996,4783.823602220708,4282.323999744113,5104.242433081077,2754.906641683992,410.58777698629854,3116.278279662681,7293.472093181229,5927.674325519849,4064.80903450886,2931.1646967364727,178.52450857360313,2651.8888690359263,1142.1929744356135,1155.851590347274,3196.658231715335,4656.462250399774,2907.5670135578825,4777.944744559001,3297.0542360877644,5756.150588291619,1632.0398186977018,6584.2061960583,440.984234558142,1695.5189869668204,2389.804414326735,3495.0580779005245,3767.683547401189,9510.138687546852,6430.212466300026,1949.8383852780328,3460.725679731745,6354.447491331371,10864.839188932196,8031.719939796166,6144.838811622334,7959.94262676585,4650.713152667856,2186.876833039679,13169.60930884781,3143.76109373104,1855.6793746678907,164.73751536523864,3432.2602567887657,4713.174873135016,799.9663205452207,5928.740350528808,7201.680191079548,5588.740743740417,1768.5613138973922,5699.057618209378,2877.9166341495757,9665.25479132232,8106.626553431344,4035.272235972621,5123.430028406658,7975.090226212442,8073.781686970959,7352.4998497607585,5685.092167858326,183.34928772579448,6855.115456675497,11722.353238583397,4307.793694425005,7697.925973152714,270.9948252554789,41.97922153765353,4641.801175518505,10074.71481620093,8817.34113730587,1472.7474993269072,11791.03715183318,10012.088297911536,60.00900117963963,7370.233795099625,952.1558290769631,6982.09609256414,4255.378258309958,6291.502628769793,36.48225715811287,2624.2519438227096,5635.2010457385595,7098.700646371433,865.9705469669278,9747.31280418936,14449.700376194578,2383.836203275345,68.48520178202958,2349.4645513005394,4199.398499113211,7615.27231439513,5143.206206840086,9935.743488225446,920.3615998481093,4369.536406048645,7941.635465065841,404.15897904945365,552.6504379347028,811.2004975188376,2944.732636062049,1745.6656727773448,151.20657275194114,9780.65555346856,2062.1676520269607,4490.9399146181895,7163.585037388916,4222.530047266222,2315.533153531641,4712.125234753748,2133.6792074975733,706.1357070197888,2500.830616907278,1534.9340420948156,3690.844031038909,5478.2937839401675,8901.74838498615,8793.712510033822,1012.9530322685033,5574.6236305445545,2313.945616182016,479.7931799304786,3882.7364521709374,244.73639097362468,5312.155139410086,397.37082297775254,459.43382120468283,833.3807012326657,8830.635175873036,6736.588241886926,3335.934699930392,6746.283831517561,573.106452733323,6829.40071497286,84.48443985105217,3129.5182514325484,911.1197009550807,1998.4971432898074,6048.033115743655,8479.245436104773,None
2278.4874618201025,252.69014583126625,5013.609419440492,3169.2257313068794,8711.408712820677,8706.753797748039,4155.087169603421,10766.673961804872,3391.270912355896,4071.9567849648906,2875.438405344604,511.4806193289341,4970.1404835030735,4315.728938921643,5405.92559816487,2514.985674273141,379.8890710128264,3898.3185954918895,7717.310329187666,7041.5230122927005,4041.879483632584,2884.519664740554,174.5711590912843,2660.568157725045,1178.6362978645527,1102.9132674289458,4300.057937566381,4040.103542897008,2921.982332835732,5814.36599864861,3202.790995899204,5147.616856179089,1641.1292819426267,6023.258440288956,411.18559473000704,2314.454446495218,1908.745172790797,3201.2743247438593,4233.468687901248,10523.666462140778,7934.476999538327,2152.916459377311,3154.2208472396874,4675.51289610308,10661.143327835558,6505.147024993207,7733.861099840156,9370.438671743335,4095.3911572056677,2313.3684289776998,15485.276838329262,2954.976608644195,1755.272927998997,155.90873313583674,3346.6164562476984,4246.003433016198,782.4456841165062,5909.5567438417675,5531.265605551737,4177.1434066414795,1541.2682911684672,5631.921722228111,2987.72273436316,11461.887526536078,4014.452624525984,3984.070648404524,5248.859272492411,9291.498631100349,9430.934316677669,7640.035122522862,6956.977786485832,173.3726976070949,7753.465531738075,11543.900439283818,4217.534994571734,7716.672020647627,241.77230416753483,42.08279668213567,5256.91658611983,11879.788418128188,8959.344999997706,1446.7034519925742,12349.955942301238,10330.455851569815,57.3012962182496,7159.027859119338,895.7078209962234,7630.601817311102,3820.5549676196265,5185.562264346082,36.34202901537268,2157.4727014986997,5659.759530703621,7186.228806707473,742.9767842252613,9991.369213930004,16914.181004360333,2325.3066394265993,53.340750326298476,2374.980137712387,3737.002776987859,6295.098984636718,5985.669499577502,11211.717758620956,912.2533586163968,3368.2362588376714,8474.32840454918,353.8920711077263,503.00377035781815,690.2242884538183,2747.250840497593,1549.843129710996,147.13163975443763,10032.874608849344,2200.495300348476,4081.982711534397,7634.316456413152,4812.867713954639,2297.2415608204715,4295.1166254843865,2080.99743496976,663.9217240253199,2588.7651743233937,1510.1904278841519,3080.153103421069,3858.353104859938,8971.689570992441,7595.948060817547,926.7421441197317,5642.342985708569,2061.02280361877,433.57173874802885,3400.877969916441,228.4959780805033,5689.374061560559,349.4962740762069,419.75759585204383,783.7436235815541,10124.793108098746,4857.544240289043,2794.637063447064,7044.301180617618,584.7668959343991,7019.240500978453,80.36169751071313,2558.806576233263,852.8411080299281,1782.5466805044812,4965.1882107231095,9827.30450592264,None
2576.501453459125,251.75573663881718,4919.2097563607895,3592.151577392316,8773.9329885937,7339.630061431757,2913.07129515287,10306.8548274029,4075.583841124471,4466.859251948255,2628.5179021567965,487.24034241609286,4426.1008701963865,3894.413212018581,6092.848340196562,1971.251600547191,344.3365553645768,4946.1256795544405,7844.415561741466,7938.184844306963,4768.5010598215795,2650.7732495798264,171.42352300169418,2869.4183693303626,1100.6556749859244,1095.56823345557,4034.367946740293,4319.165381037277,2883.0230593425513,7884.655862355391,3187.039536317189,4805.772369231156,1661.4747788718107,5891.666237284395,384.92599959811173,2269.5532462738165,1883.54540339664,3106.087527677352,4221.947285578593,10139.542786068752,8998.361322388037,2276.936131763136,3113.249594780067,3609.764349903992,10885.959798728063,4829.7566346486965,8850.414891987675,10908.532783487371,3532.670538950087,2560.994460624684,15579.229947913556,2827.252904079001,1706.2607500090073,148.2470642239349,3190.899849492366,4221.718002418958,695.9110467072346,5403.307728413546,6517.876119473668,4160.557869569679,1426.0828325423458,5912.1152439248435,2972.160951940667,12582.054529517663,3958.608445385504,3849.979908389128,4488.072346121633,10700.260403467732,9085.83982093646,9428.1613766352,8732.909001851249,163.08469816740308,8826.419893101338,10729.001328922745,4038.991516094764,7743.815391588802,218.97254747335262,41.82597628851985,5746.067067347962,13777.782152253254,9141.359615436848,1378.3890997180915,10816.672432677758,10344.60676423505,62.185321438457215,7055.23334218425,827.1470617465989,8176.133999300818,3188.127924451791,4943.108456680629,36.14425956105549,2048.1384381925022,6225.120397170655,10028.664572262043,665.2032598837936,10229.73801095903,18275.92398994906,2166.8378279781878,49.11107670584399,2539.611607336246,3763.115287698576,4482.174510904558,7067.444921827859,11859.56030752157,981.7159944293868,2513.3559826656196,8102.40656458059,317.7826478500345,442.9530955967096,634.1293680102193,2329.5316610069985,1494.3548629213258,159.13636107028108,9601.1203342647,2447.255408455554,3617.266544862508,6459.625741236447,5250.211877392084,2037.5611343522892,3910.407905571259,2010.159236693484,617.0318610514199,2675.327455555819,1546.8243979368092,2504.0954761022385,3159.517182455736,8852.385562836558,6105.213016312003,846.5404477982788,5667.496033338673,1941.3589587946801,377.7393880916704,2872.8123432714065,211.8558352700876,5885.052329497386,327.34000462116256,385.3447258225026,689.0678075429613,11168.622406364932,5018.736088212221,2291.0487864437805,6738.179815135206,577.5595624680334,7073.712403243858,75.67999894419954,2336.940728159052,847.5001192225782,1441.4420417864974,3225.1410238665812,10365.815169907428,None
2452.3469578272848,213.7303688426713,4862.116985946216,4454.6871908162875,9496.773508967297,7220.948605403779,2777.358465911315,9403.41944497648,4627.386927641873,5266.210477498945,2547.204897749213,464.69702585788934,3949.432261500277,4257.952542110238,7373.856035555328,1627.9752084169772,312.9389007240787,5726.8337210188365,8110.569459934712,8121.134871618559,4561.017526821727,2298.464290995517,167.06692274926115,3024.005195060339,1040.910695001317,1070.172362209596,3384.3136518085084,4723.42670206065,2865.3839378773573,9569.212644641506,3295.6959357501933,6052.594663966257,1722.8685610762775,6011.7472160982825,360.1047522315481,1825.7897529503132,1917.7070250694094,3210.377845985879,4565.736284937352,9142.352219201875,10136.554365155293,2160.472830362783,3459.0319889514185,3874.0052442037518,11184.72328668182,4343.801009478692,9159.202556374372,12496.3550647155,3274.551704746925,2679.0733074104724,12438.217145919103,2733.6757551869173,1632.6534496747754,141.47480255190652,2766.252816218588,5159.414505536521,632.599579951579,4862.802006710179,7167.168142103565,4723.5443215222995,1398.4662956058053,6239.074947550966,3074.713698025434,13063.801240421057,4655.9807503147385,3586.1517752988952,4087.9990996232177,11789.496245650329,7717.544557686936,11088.497889003556,9836.636215776703,153.61620914397915,9645.581976243982,9197.961236623565,4311.567021268116,7397.308694432931,198.094342156102,41.2607391552804,5963.518044158592,14788.150720022359,9466.383649291072,1315.373930504477,8541.93053484839,8948.777895373914,61.86795189950764,7203.0245277330005,747.8648844786297,8307.884784710253,2882.91607554786,5083.157949997729,35.78126117670765,1983.2404306677008,6277.441124886556,13161.978895104341,608.6142785262181,10611.181819048255,18899.911300195345,2192.1943447644294,46.322226141183,2587.581250326917,3887.9858928637123,3147.1003883544768,8722.135080754395,13392.148535469987,1134.2585510429944,2307.7596082777304,7564.961304899186,291.73591847785605,398.28591334563964,601.3355462867756,1948.9271080221836,1506.1846884153172,198.07162075232387,9570.782101646097,2741.474688725787,3287.5450368934376,5036.896519706807,4982.849966779294,1788.0935066850063,3676.8911334724953,1960.6261549255387,521.4187141393434,2673.4259766261466,1627.6942708437527,2401.1348424265802,3623.1509804020284,9374.372017252215,5727.10689097853,751.2342334909232,5178.960881420603,1765.1617700376144,324.64828263232175,2333.5190221606767,195.77454163042884,6095.464786598457,313.5855643623398,356.2455541288168,588.6643909372588,12221.507518880613,5192.47548599183,1998.754794726388,5913.999741994412,531.8081502015142,6784.717659511573,71.16020858699748,2147.6969831351125,844.4471133844231,1190.5355279558498,3105.6698987638697,9704.019971071219,None
2117.2526085754153,194.85972463984382,5422.623162652518,5295.021314541059,10374.302906167726,7412.160821553743,2790.6230315564367,8920.99887590678,4890.8483413252725,6190.227120412369,2597.9831999932644,458.7691167930377,4230.940203693775,4211.643791251214,8103.9279198646045,1535.9308776981686,283.52642404783137,7032.79074686845,8704.631621488259,9019.493086399827,3725.822862199317,2028.3391173912128,159.5905994613619,3165.971144077311,1058.239678875421,1068.0191345013363,3991.5596194904174,3580.586484546262,3070.311450887904,10391.558702162933,3633.500924761882,7605.8311737773165,1845.6084702722367,6172.47644747078,330.0602051361252,2256.524888740649,1803.4221799665554,3438.638452178078,5469.654670373324,8185.157824579784,11588.22997803772,2112.4020116797374,4338.912978276133,4909.332616436862,11883.860960941509,4007.3390988225938,8174.172496682898,12994.167931990762,3183.692139032384,2778.078136745445,7587.64520316453,2659.929425541182,1506.4268243869767,134.65796778676034,2372.232863619625,5832.358619629119,613.142901638817,4273.12472612194,7150.528496708094,5530.579896293573,1399.21043056109,6083.98874877211,3312.7219112782714,11953.219334270576,5933.789238763028,3452.707671308532,3965.282854267069,11960.224429218059,7634.460946041621,12050.866968850733,9475.846969963291,145.2845201987766,10285.715075897662,7644.528321044538,4613.768359221967,6903.914093548492,181.54296116341598,40.827501745989096,6338.9270514661475,14580.259331211924,10053.189349623073,1243.317589200005,9276.442652059,8102.660969478888,53.344425757787064,6853.569522114682,708.8324991670129,8271.628071039559,2915.0510467948743,4840.026848164571,35.51748863642653,1855.1757644368915,5785.738462474644,15057.074874678485,570.9994693845757,10882.115649048616,19121.44441279374,2227.906999918377,44.840788853949746,2639.9615546865525,3902.557963045791,3365.100916279001,9853.522112171742,13983.349250678228,1194.1914800216541,2006.136456093088,7117.751832070635,264.6087786229268,376.13556214547776,543.9276899918241,1793.988246168974,1582.6043327268646,233.26513902171098,10082.76152179011,2798.547318374002,3178.691250350945,4973.387688405526,4444.996215711715,1681.676463002293,3349.973209375214,2178.23603441806,467.57756338057413,2652.9924119290467,1733.4560481316355,2580.375199686005,4504.231687031353,9715.64579475417,5612.19608684893,640.1151367545085,4444.956142438818,1663.9676303792246,290.1839149194365,1992.320378010122,185.1659369373874,5838.412642404572,300.6413648558066,334.00744107707413,511.7411728599186,13229.604758922029,5525.139654754181,1746.1714745122172,5020.814247493599,463.2885087742929,6243.676973130393,66.79918570348825,1956.394282272104,814.4451505997138,1006.1096455455144,3794.8647264205147,8324.204755050037,None
2116.0245213379094,182.38276930318108,5943.7993748058325,5298.122940560869,10065.230931312954,7231.21917340815,2737.951770037555,8440.56925179593,5143.451177052547,6810.353832048242,2695.1890195196593,467.48862242272276,5085.886507980004,3395.176325938453,8133.28550937456,1447.043161799611,255.53930284661428,8604.914465169904,9755.141569402187,10165.492832945234,3355.8013906028577,1924.3587642534774,157.7419220486146,3439.343033719474,1197.0590110658584,1213.0814430390008,4843.496554908348,3233.2425118454908,3034.27198204984,10038.07393385006,4215.318165722448,8930.767322820404,1934.2134108043344,6045.5336725030675,507.52638314662295,2261.9677321965532,1659.411991503952,3786.224020515766,6170.533937656706,7011.464272591196,11509.499626610736,2156.876836810397,5829.216226014415,6213.826936070402,12542.602706135947,4591.4016871405875,5652.963971364063,12276.092206236843,3262.917803219521,3130.2035472537104,4742.113100518931,2521.292432731374,1463.468509543113,128.00608000370372,2515.594470370134,4829.415974753919,603.3942006195115,3633.608593510285,6170.097586384221,6302.18378631431,1391.4584513383347,5812.635610274175,3727.852633010912,10164.107898218585,7935.586675498394,3687.720228010091,4158.987732895526,11687.055479785105,6923.608368100718,11442.159287982317,8995.362074471208,138.19379587338344,10654.661195486138,6795.602598466614,4853.925984388142,5806.483844141045,168.65549102377707,40.35525442659519,7266.6997600047525,13865.931329983045,10174.725429290544,1159.0232110720167,10565.362503321516,9493.451762294117,49.62913355396664,6349.389937558471,657.1589983698815,7060.627449080107,2875.473201139566,4599.659902922422,35.33814595595617,1827.0167845012384,4619.4688175522715,17213.347948170907,519.9135592011543,11071.285183189793,18029.856154720983,2245.7230469641177,44.31747144704502,3039.4773130864974,4499.409985923515,4023.5648918682396,9406.401421328384,13099.925702116914,1098.3980522515667,1775.6424533527838,6628.766897693798,238.92374323884002,343.549815045692,474.8536843411033,1850.797025516704,1631.0025663264669,237.60191273871965,9828.521367474015,2552.95763756253,3109.5164830410718,5135.62330269328,4589.978078010043,1590.6212538816917,2978.4588413890197,2631.060984753331,389.1702129226727,2712.2294047553933,1754.1184288393704,3033.3767211853456,4741.820854034976,10103.59435430462,5969.044250288915,570.2762268476467,4325.7932220148505,1541.935179232175,271.0259201471406,2061.2099597710767,180.06973667598862,5522.348843341653,295.62453451964865,306.8435148505628,450.6755023207925,13757.706760168101,6564.108536632205,1594.7022235369884,4413.860345625708,402.7587782212018,6039.052721815888,62.74270447411829,1616.0373775858661,770.6856075484593,898.7367001087033,5236.795260854743,6929.957302108399,None
2026.9815791612596,171.23684568302278,6458.477521708578,5039.146439356847,7615.067535294028,7748.714931566272,2677.885047548505,7781.479889256854,5386.73478303807,7464.189522151343,2820.206530913737,475.00117809304885,6477.343962087553,3475.338066181748,8204.52279570234,1319.40360815852,232.0902067628805,9388.66393650711,10232.918552213518,10533.661419598042,3288.677683348931,1852.0688958996786,155.5052591282318,3916.8838192534163,1519.9876067288824,1401.2330479296622,5138.3554040312765,3349.7534466575153,2795.218763640991,9673.076389030351,4949.273045373351,10731.982847464624,1735.4035671694676,5699.18009068224,660.7941024702428,2051.2270653852506,1521.9760941620978,3516.458559293996,6694.069359255022,6950.364740053155,12358.230665875632,2258.709292766038,7804.781252115749,7199.857696329262,12293.611115220056,4342.975009325343,3906.843327693382,11952.754465094507,3496.683430322349,3547.8246009932673,4351.31503126051,2413.402799302425,1367.6060509419344,121.58710634289669,2494.539794007657,4228.446394935726,602.2132526993064,3281.067558872542,4359.228648228364,6575.737861053157,1376.1112391277154,5202.133114771134,4206.466650811225,10914.72655173759,9516.18032983234,4028.082097181627,4199.959463972737,11820.908134260091,6703.34917039205,10484.149926103812,9298.016216198625,133.17943033866092,11132.075124051024,5569.39186980359,5228.092065502671,4750.927342205463,157.91294214374918,39.87176824431607,8341.548499081948,13089.273480983406,9602.9310087708,1048.7719773823162,11006.343106105778,11702.618593091169,47.98192641346509,6800.380251098391,587.2429038148482,4583.302165230345,2635.19340632844,4554.020377612907,35.19375454185078,1834.456011105044,5351.462558453885,18597.91413682944,468.8031034743848,11526.633338156931,16899.15093833267,2249.8768197218,43.97312127484972,3340.5879753736713,5825.334723102792,4564.125690856121,8616.404515250259,13407.46268547565,972.1400068021356,1605.5125142651289,6346.255187514112,230.6364022521838,314.52873240916057,456.18286028635515,1978.7400191347554,1621.0982864984937,207.43101667123668,9028.591310640795,2278.4676647459714,2793.321007007401,5059.236664352905,4656.3141475412185,1410.0047996294818,2470.4776473925917,3401.1158931247783,342.27588695254036,2777.5023849200543,1729.6533460727078,3676.3978191043134,4479.789298961529,9286.292873395363,7244.227082652506,516.1253480374965,4682.495500033243,1480.5479141619119,250.4131130651364,1957.3118484740494,190.54004973519963,5499.957284299398,293.5983155970926,274.8081514022321,411.164756306537,14068.475066994506,8854.471079785966,1571.882143658809,4070.432053226653,353.8660621644582,5956.814433567352,59.19937047691902,1385.5259663261663,727.2224540432596,797.2337565670184,6511.708093955705,6448.938638003698,None
1889.3573168893251,162.86557458059508,6825.142644510501,4844.466980686109,5281.781833289775,7550.194902935778,2621.8047035016048,7311.738702346202,5246.71300748249,8296.186775993137,3238.2117078169085,458.25910957019335,7966.951482881714,3651.769863018349,8106.6553479275235,1202.4129022326595,213.83947143965767,9589.75325542453,9460.308774804216,10527.877179339424,3867.9433765513786,1597.8002355042913,146.8714420016143,4672.633727965644,1980.4132435560773,1575.6650425136402,4899.830168149946,3700.548819340758,2741.8476057510197,9537.798317259249,5685.586764045944,12682.992737225393,1497.0020043249094,5408.558038258193,891.1867392226648,2217.4064489670486,1444.0467837984784,2866.1606855451178,7236.2885186547865,7955.086640040576,12786.415358751705,2181.1175642606895,9922.040750039609,8049.502885228057,11972.262945428567,3557.877371277976,4018.843948939097,11014.03641067243,3965.1693725788377,4274.5543332694015,4371.844560173959,2363.3824383689025,1299.4534065461169,117.10625176361029,2213.0280042607683,4038.7653061331175,580.3373481100289,3063.1204256236388,3471.5396330078465,6542.765459725625,1419.6928968906525,5107.419603755026,3818.363820712664,11706.67097541352,8723.545424233655,4538.171879106497,3775.0973576675456,10746.301792379189,6641.820950038915,9312.387354550741,10406.304733633997,128.84008221491985,11287.9620878967,5231.163559019781,5374.746109599847,4339.890772053059,150.84060884150014,39.42206421599225,9450.566593012616,11852.78749651205,8587.582729207523,969.35022174672,10775.254120001428,13744.028645433364,46.63321292602011,7668.320202447394,514.9151267163137,3870.5487303655686,2256.179439058621,4549.841876773407,35.0510225067608,1895.9617477590573,5704.169440883669,18640.534464199645,436.44696112132203,10991.847811865851,16015.733618231998,2353.203161962365,43.33245689588028,3270.1785213069315,7472.554926833721,4637.320556150465,9366.864259946451,14233.78610452376,845.2156194613917,1536.487815774299,6493.425086628263,231.43675664454636,293.65042829046564,435.94041599616935,2048.3086715412937,1506.3650767915326,174.3463197543401,7280.03998279908,2026.654823820679,2393.8542887594017,4890.626599547744,4115.660998598791,1235.5794923575618,2357.508936420381,3945.0442722711296,326.6922877180049,2709.3997965153426,1927.1526234890189,3928.6805306970473,3675.986088501799,6674.295121458242,9735.405978870129,468.3282507162813,4697.540462903771,1378.2826260324719,233.84121987301293,1778.1091096924438,204.77073220118615,5388.905447573538,284.09799810738537,257.5833635079781,376.3879647543937,14693.602980529678,11413.443922722949,1568.6139058120386,3503.715740984888,322.12377760728486,5348.691981485037,56.17366518707711,1519.5599037822874,759.2698754521539,706.1597596512681,7096.9256042275765,5893.373224327347,None
1810.6508331347673,156.16762940684978,6503.326579979262,4172.0467792135105,5651.362582708906,7287.61818736529,2561.4363124038564,5642.461776543059,4807.776737027251,8358.010997913212,3951.6899698612374,431.0555980234739,9727.366629949345,3291.6306438741576,8086.527122595816,1109.824120746299,199.29908866162214,9423.686989510788,8204.529419028848,9945.96988819996,4255.809003318577,1373.3463503883909,138.51907409511958,5797.9027718956295,1954.8233909951089,1735.4956760679574,5303.326341368344,4355.528088818992,2811.3725479037594,9817.813507469256,6879.246712138643,13008.109947618172,1515.382521464698,5097.38480686862,592.5529728077441,2469.3032344697303,1367.8136156960816,2934.637473162768,8184.318835193982,8755.075131532489,12383.875121247287,1911.1973899501804,11222.772221858977,8330.94991898308,12226.987381798272,3960.1734489520495,4374.469313155416,9315.19967232127,4940.601256114432,5398.175087900933,4579.871919797438,2345.901213070821,1269.54747564235,113.27061421663488,2093.6924522724285,4477.075783571609,540.7138502566868,2915.9144966897297,3417.0531218284227,6416.498684636692,1405.4999725963019,4626.820363778551,2967.873842573645,11907.769331279096,7675.5957279729055,5302.000055767539,3467.674202609875,11265.10683647651,6177.211702725208,8212.792093022423,11535.500932838664,124.79709866239557,11039.209149514658,5305.347259689484,5137.222515921602,4207.831751866063,145.55209170200737,39.037554616147496,10461.694585493908,10807.843385198255,6971.381320354607,939.4681617364647,10711.197609146704,14927.645377203191,45.42510658667675,9116.822006173628,471.88358471842827,4705.173735241205,1831.6057338842954,4398.3756580420695,34.9085152704693,2009.1072032444931,4027.5576668653466,18215.4249498498,389.19574091481667,10079.497332134344,15302.892992921084,2510.220877057593,42.712972346168506,2882.231612163307,8615.938427634586,4626.632321553549,10012.035677038077,15157.47285121488,742.0691042750396,1477.2860397402246,6139.873955664449,224.25438178706887,244.87019033145125,387.8087176462703,2159.429595811661,1366.6363325918792,161.23186674423025,5332.920560800103,1983.2609162325186,2068.021806460116,4564.032724144628,3363.1587767874103,1221.7802443322796,2249.1369355316833,3767.033666434139,306.70319920064185,2549.627864111073,2310.4309082562986,3764.656407892589,2548.543386494997,5614.078400821317,11380.427784481368,429.50854286210887,4223.8211960739945,1216.3842039818626,229.48758885593503,1629.5061979192126,193.2170181691626,5111.497921588921,262.3498719548141,245.71477698324844,341.4468968589691,15521.098490085378,13414.148020699022,1532.8505365380875,3245.250771528775,290.3746261988864,4615.733585963669,53.496378211351754,1693.5746054117906,795.3511939075385,619.7430134042934,7288.755690297491,5011.860769731575,None
1818.8689860549564,150.3921556494523,6297.585279533684,3831.184627101064,6454.528638550311,7668.8625976144385,2486.214071264325,3927.6795276498638,4005.356887541921,7610.80505947521,4470.858997664539,407.2758130982639,11809.714723513353,2873.097545092499,8296.196035281891,1033.8848796072116,188.73678505514084,8756.776681174624,7548.2118837795215,8979.949667390154,3827.606057336637,1305.6448278238186,133.78661612417255,6929.916177702747,1479.514000879131,1828.5207186841985,6249.71228066296,5088.828373350075,2868.5237685833645,10100.975639031269,8310.66845058009,12047.9720132566,1589.7608137404666,4365.724028636014,449.5080398482232,2472.0730260185564,1324.7239765150355,3428.5930933474488,9372.33058707174,9298.125981398016,12724.36916291463,1762.6265918084257,10880.02260889694,8151.679331818105,12344.199384681287,4179.6669305761625,4529.479811617748,9344.635509350224,6534.104797228538,6386.207584720789,4845.267407235976,2348.072239470649,1277.7249515916953,108.3275111742346,2069.454464892237,5007.115213089197,498.4149398315663,2818.9845152590997,4119.156960507396,5822.5253437897245,1347.6018770720998,3990.6604931106062,2816.111449331852,12156.025829000451,8319.325423337836,6017.537449370496,3234.36480736547,14142.48181144676,5850.9066585913415,7797.06922389575,12106.117929762939,121.36172445128368,10458.643372778546,5206.817236933343,4521.290095773657,4087.760188995876,141.40939394090248,38.69934968026015,11223.930493021782,9015.114708776262,5252.01614383655,890.570134393007,11090.059355892405,15593.795374603627,44.342274201557636,10909.359429333435,435.0127273677826,6098.204621804868,1500.2402799958566,4033.462889568269,34.77349951583213,2005.6392148651025,4014.904365877202,17139.304197121033,333.7932488643395,9279.555759527162,14773.001420187666,2647.0919892612264,41.98761721984671,2586.8630428860597,9289.184373296428,4915.511389857381,9985.232787860159,15132.922161050325,643.8127752403118,1404.7314791757105,5406.647233961712,209.18153240632904,181.72488636518187,352.9009808731221,2313.599414235245,1319.9416548658266,143.7456428305251,3921.069804805501,2027.6680377146781,1972.5953157710464,4436.2511109717,3215.701094876901,1204.7073444347075,1901.482875183253,3421.3713931066645,286.27990270095347,2372.983002795973,2617.8540236316,3536.6023279218816,2120.6820803114815,6234.025240692997,12043.05300833648,391.02488010942847,3774.2351185821362,1003.416852909608,220.1105071643737,1534.243503945237,185.34080542492828,4799.962157606436,237.6762753218607,227.9950419538366,313.6976147628268,16416.149707597502,15029.70388695086,1417.7735018543958,3148.340267746503,259.00943883634085,4037.530409366704,51.09667991834079,1643.950345072744,762.0108160846678,548.808658887354,6759.947531900589,3921.884603157713,None
1774.0552866826467,144.17110106085042,6791.957050796327,4161.098229882378,7712.091000686094,7835.113872587688,2370.5360741738923,4372.507499628655,3412.464052780772,6920.579577911267,4706.943401716027,385.50500861741324,13537.121721620564,3087.674832434465,8147.900158537262,961.7759493754132,184.92914251593209,8237.761389822572,7374.598935298866,8609.6922592263,3193.293095006869,1207.3434194193185,129.3435090763269,7074.673686103653,1206.5263406496138,1910.8930405854928,7255.707261826764,5956.6931056880385,3112.9935683745243,9298.255029411215,9473.553186946338,11390.009457330276,1677.0331303475482,3544.811190761461,470.53251904063677,2423.481015486152,1332.4847938785224,3975.374949539045,10364.455231725833,9345.453763923055,12747.169606505493,1690.0959161194064,9522.560555752954,7159.7351070758,12109.225310243815,3717.96998397215,4473.356338346179,9215.374799591416,8744.584195344005,6462.289776580071,5477.651197860251,2363.7638379844075,1316.5661986932355,103.60781659062573,1880.812145784077,4956.044177699509,469.9695050981416,2977.039901427185,5626.346770924033,4437.0162754045505,1298.3011854565116,3479.164447721683,2751.242171043815,12047.802658249453,8389.45602979015,6559.69887925021,3431.271221626876,14274.759285422395,6274.980043601205,6465.857166895278,11657.782443502992,116.58314051674714,9525.785260825107,6084.865543819038,3730.9806927778027,3777.0357907420703,145.9860434253215,38.385124245323524,12086.23048026156,6082.927144047748,4160.2797867852505,835.078462169612,11546.57602603691,15400.653336322463,43.64588550325428,11332.594260148133,408.3989863498071,7606.64462983477,1353.033036175384,3588.8294177428797,34.64379486959578,1900.5072058073606,3788.132544338408,15231.796495822971,291.7600278478501,8458.738066253416,14411.300168836831,2861.195259153766,41.20759169837997,2417.3072451421185,9693.675531622177,5164.800163941839,9307.984619665172,14749.644603541203,574.3107024435857,1349.5507621182746,4635.510417788537,171.58058315962117,161.73771920883956,322.69821657704546,2229.4599962484126,1290.3259815567706,132.04951995146112,3436.5739388100487,1897.7165050123936,1959.6557526453985,4499.19360587052,3228.572495933059,1058.9226338845058,1788.4003743764572,3218.707794535656,261.167011458287,2239.661739743603,2589.0857018998345,3339.9126119979246,2206.3025747122765,7292.154790114031,12742.41946872954,350.7333462684598,3009.016673679525,811.1993388548053,208.22632111138057,1343.2748329633407,187.7706867886609,3901.412017111351,232.41220462166297,219.06057844111362,289.09017520578027,16960.288302830333,16800.42918053135,1263.9513109703466,2943.752368450149,238.6661752488797,3688.5802919964585,48.97141736772934,1495.9799292576315,698.8166412514513,495.0435675240014,6523.7529413970215,4141.097492965138,None
1583.9271138793079,137.94190504592277,7299.134601495259,7668.2853008180655,9562.872165243742,8192.765196191085,2348.556129785991,5100.172851473757,3136.227806789244,6460.633118336346,4846.215234747154,359.8917614909797,14099.71586724264,3638.2194970755377,7252.2725464562745,914.9335363541333,191.0966438882407,8481.478427817736,7386.121672037049,8833.542543335041,3198.139835845749,1135.4355611905498,124.3946229700112,6666.178682781851,1077.854410705867,1986.9948588596264,8126.609159880702,6839.306953130168,3493.7144596006106,7637.112805770898,10972.522208554721,10453.744999860985,1701.8656598975629,3044.011936866937,418.1503176114709,2606.1435392764747,1288.73143645572,4316.367777148111,11641.088986357689,9039.683662764402,12920.005833530406,1745.258730143403,8605.769021356504,5848.251415764605,11914.877381633809,3255.6562257550904,4358.00019585264,9327.065893588771,11331.618896315757,5861.520221102678,6404.072194672435,2461.27811812864,1310.227175279831,100.49823234625146,1712.2223529113276,4602.06681689409,462.1119083406289,3186.696138738083,7262.660031485311,3526.8222881971637,1197.9603763742155,3180.064564671555,2613.605712034379,11317.745817745465,8456.368050624333,7428.835097926634,3973.748879532152,12999.790027143357,4826.637049631308,6253.188231481697,10691.402309195544,110.16343240574987,8209.196722060833,7424.324182142072,3145.138114026516,3653.061954458132,156.5229684894966,38.10092555220177,12539.52497456635,4722.886125255435,4146.9744173761055,777.9317081297393,11592.72969202552,15993.120643323056,42.96384898089448,10819.285768510754,373.5633317394337,9278.795452751134,1212.880715850206,3328.696511037041,34.51831207416786,1842.4351394566854,3554.237018259137,12985.305791348046,257.152755690918,7498.93545395821,13015.20982311382,3034.948814014145,40.46687102140572,2039.842890217,9782.959568082375,4912.229530068113,8714.305590157133,14360.00729109673,506.5649098773751,1323.641977404459,3946.9234269147996,124.98276179012913,148.70494370025062,285.68930444334933,1976.5266234686926,1116.7136832160409,128.7047101294138,4090.2363513482287,1764.3015513593923,2137.332530776542,4201.844925708985,3187.152971056697,885.4879201552812,1672.46362750327,3014.289385102937,243.65272208883124,1994.4505178484947,2379.518560310032,2944.408043383753,2455.180524925847,7685.527024259665,10820.908455366216,318.0190213149965,2151.6819868970592,686.8825330382674,171.35522492661363,1128.751822210148,185.38670835409945,3150.452593240518,240.7939672115831,211.43258079435623,261.15472543008497,16906.99133315869,18045.658272837958,1094.4107208793455,2895.386400249325,231.21727748068906,3353.9018374469847,47.095665214195535,1327.981745023002,636.4261491242338,436.65825630811486,6689.4599056807665,4727.4036919783,None
1454.727631287074,134.2463750456,7867.635612310971,10488.02789551358,11783.58572321405,8651.717886779565,2493.038673921365,5687.828377486302,2711.841382066063,6148.292745554182,4866.820603939574,341.82609456400183,14037.9447822326,4333.414122348769,6202.470317720806,903.1492465804891,174.7886566082346,8536.390937019001,7131.800924253519,9279.464770173026,3167.370267211733,1125.7302982230126,119.56006647856351,6537.81657428547,989.3471014964744,1864.0240623613047,8437.885048684611,6856.037899736775,3878.5778812957174,6099.641228636883,12283.160538438457,9779.17723833472,1739.769847369052,3111.348185074361,1266.3234182275312,2745.0969439410987,1149.6278693433376,4471.249353337389,13585.661221772974,8829.227515357068,12962.88115862079,1878.6186949663697,8227.843281387195,6004.741750603293,10961.086529137798,3165.6438828921277,3847.7753763521623,9306.700637573262,13268.002384376694,5206.400546468445,6651.593238869696,2696.1047855621678,1209.4725702419119,97.39441008417664,1608.5968357452866,4462.477939151962,446.00142525969665,2888.5867707357206,7952.220265842948,3504.8917972254167,1077.9003630496738,3085.3071140713264,2411.7201105246413,10308.538590911898,7589.831823939942,7715.8539636075575,4797.466923496506,13933.536058083448,4048.2502857926615,6035.21656888189,9339.257995265034,104.70145881078994,7485.974089020247,8262.141261224679,2606.3675171734917,3513.161163289069,135.1190422488487,37.839647979496405,12079.798171358289,4604.916632722754,3888.018739626129,730.1429529717009,11350.955252013928,17072.732361606308,42.126131967221646,10323.87948616948,355.4942848258665,11522.81095499199,1069.9742079226955,3295.642110618766,34.40067482903123,1698.6656857767084,3427.6896380963112,11893.852312919646,226.46808741051257,6319.5321031673875,10779.05796048272,2905.503963879326,40.321440467385116,1565.5632944383765,9547.8171712335,4297.495368985949,9191.681978350707,11334.591646973013,473.60875339297286,1289.8377871657076,3498.8913025628945,114.51130411281409,137.2695556146891,245.56323290177,1837.2027819203838,875.3010238843203,126.75833883946932,4634.484992762147,1575.129497193044,2278.994821277036,3673.489978797532,2896.5344756980485,756.0846905428942,1485.7506281051474,2560.777038695111,239.28424308725792,1610.451606407881,2183.5487444836103,2627.8895352604927,2702.5472960216016,7313.333421700387,6836.059310404045,298.9084637803361,2128.5431051173687,570.8601293022049,125.27119101635769,1005.0791351539957,148.940557903811,3273.9524732594623,233.41162698966968,179.42584661925915,238.30253103162948,15805.953716789087,18611.518832345908,950.3372818293956,2834.43271429428,225.12391492786261,3093.601463046145,45.46167882615404,1129.3486913732966,593.5962110632082,418.99008965424736,6684.813352339054,4708.531637224217,None
1319.916973591927,127.45512561433664,8403.973695349277,10165.07611520931,14663.104743703045,8575.48570391049,2711.265937794054,6177.6196602723085,2237.9382389168954,5863.358016144637,5093.463513035338,326.68753014754583,12313.967888712492,4943.873370504083,5603.389000569521,876.3069449623657,134.20703802701547,8070.2748519090455,6489.244419250455,10634.210015646291,3045.517714904565,1183.8496774794767,115.25890764066808,5911.350818390863,884.4016799100633,1704.0223886246436,7580.2059197395865,6605.296277367329,4164.053585475014,5834.0884135787965,12691.037361013738,9413.796099631629,1801.076011358661,3268.052469107747,1600.867847407269,2655.0632773839898,921.9364441415868,4646.153046626872,14970.78805306179,8948.852656911393,12063.690228381896,2049.8624084411995,8143.94326049715,6809.338505469674,9816.498218006733,3322.596331462287,3894.0147047567707,8525.558436577772,14115.338897254429,5047.063462730491,6640.4408794873425,3054.648907178731,1149.100815203235,95.5044815870125,1580.1559625455593,4918.29601408036,404.65952129795664,2277.5644565794823,7818.815673767154,3418.772009990985,990.0561103905558,3116.287134506293,2462.7908467043508,9594.795335072022,6284.843517358464,7728.3266872761205,5743.011729258784,16108.869586614754,4375.772441627672,6236.637083368882,7640.965868462872,101.17600725978187,7392.498903778746,8555.237545235554,2327.5348430104973,3158.4773681258125,98.63524788698368,37.59343323274025,11803.423890962064,4832.569738898287,3396.9166007443914,703.0925478693331,11691.435122227063,15838.528863448872,41.51184832818196,9442.8997506018,338.4521182409408,13761.275430929405,1035.6713146612815,3172.7776267065474,34.29025040850937,1520.2149379061755,3417.960365512333,11499.147726613302,205.8310789188773,5822.520948044274,9041.486410749274,2685.983055431872,40.26901212233095,1417.2495721071384,8974.301362864457,3762.928722579621,8731.465888546534,8441.245781600626,452.262049676764,1225.6727674987465,2971.3249864290196,107.94419164047301,125.69916594222329,225.78959469267073,1666.6703968358645,709.6612810441533,124.7548797237448,4752.920031739518,1390.2836609826795,2167.8858681480842,3522.8321706093648,2595.625397812952,668.3875293959983,1454.545706731854,2198.977569515724,229.87163085166557,1524.9031466850765,2034.2920284703187,2672.258966465613,2721.7172079906745,7060.971454003889,6998.865793494541,287.9196554535705,2102.4974259755,522.4175921625293,111.38522466762913,943.3295716190685,100.88595577809366,2767.2380892875317,208.07799216631156,158.51430189801937,223.37085822230443,14393.543211475157,18890.749173783403,857.6367129133799,2586.783961423704,208.43365192941607,3008.008833951093,44.07676698615615,928.138312525508,490.27524851764434,409.3272220268015,6549.080518156015,4467.717089769264,None
1254.230439135294,118.16011705456414,8463.615225996657,8107.839511204221,17451.82146310464,8905.212342913406,3112.2342654616245,6597.2112057011755,1970.4079951709266,5422.590302726368,5375.18066829989,310.430651194645,9537.964365555483,5242.450380962008,5246.959440299152,778.5986810487802,119.53394441051785,7189.356961838496,5787.199730260229,12492.05927954143,2944.117413242417,1379.8696066418465,112.49555105175136,5499.6016199186215,815.9515584779491,1773.983592235604,6195.319466593094,6760.444624721782,4239.822976660558,5452.129232499964,12162.005103917636,7907.11781405529,1898.8188890109554,3145.09521020957,919.3272148915655,2379.6210640175627,788.3527761060575,5265.599585627515,15648.20518933686,9580.506395030032,10774.774272434295,2296.962225910588,7723.797316027791,7203.744662897829,8860.424146826314,3669.6067855155407,4689.843757926768,6454.946379707549,14466.697599034658,5202.145879548247,7421.189084568074,3462.1365698827362,1107.4828414966082,94.36771894882715,1610.1186126556095,5745.316723653689,339.964770929474,1978.0770362739358,7223.027930135007,3205.649474186469,845.5346616791385,3359.0948820085578,2650.3909328265313,8903.691997285949,6523.018006244761,7793.280704617727,6457.997615500761,16667.521620419062,4300.7590734448495,7525.611112256399,6255.224057510162,98.86524683840557,7276.232670104304,9151.788379399934,2049.5843141351525,2623.984892112454,93.13118432985516,37.36550176832007,11433.64712566403,5460.250800936064,3196.2368168637213,678.4039216959317,13177.960623479265,13941.877122992704,40.905137854788784,7836.613995253579,320.4076062948262,14407.154462463865,1014.397862281362,2816.454738670817,34.18710316987604,1408.8971172810645,3536.2007684704436,11816.879356755542,195.22346429754802,5663.677376067589,7559.199282002998,2436.493986470444,39.24344508507178,1304.664327150404,8837.796821237509,3405.751120891154,7365.997737391959,8309.262585623035,428.0700918217898,1180.5939897073265,2621.227098217787,101.46102511316673,113.81257498310272,229.73457381015845,1534.2816028722036,670.0545046717376,124.28527276874128,4551.92554172616,1319.8430101730562,1964.7360701323087,3535.86090788734,2372.589402808136,579.3993958852686,1353.0236263684405,1960.5732527465225,221.64949216078742,1514.0856289347635,1852.3960408994465,2692.388020755433,2407.071820083484,7296.3250225957545,10179.837370058387,268.26797244661134,2096.1272995103586,472.41767526045317,104.94864999959059,883.7142772290756,91.75199386475758,2670.33872004064,201.7416400348056,148.23570189981044,209.98994550984509,13989.845187468265,18295.634591939168,729.4359055339668,2455.895589266351,172.44652856256263,2901.033857601585,42.89797977221633,831.4652769997142,401.2934857216362,388.2340784078671,6171.795935944404,4180.307198218527,None
1088.8169228980403,114.98317734082345,8897.90227968465,5201.062442406439,18567.283390237724,8188.289238462411,3772.401525835874,6198.400201856795,1883.493524362233,5395.096531532029,5602.98877592844,292.94709229722235,8259.303353369343,5176.823242036463,5029.806867189473,707.0184230333397,113.44873738762149,5908.961592057429,4881.4938489473025,13089.404101984725,3010.419338016676,1508.768861727739,109.8846345990351,4725.57321431649,764.4478845544844,1883.6495140889256,4916.315020834618,6681.196324899344,4353.376802702731,5033.202897447022,11694.392165839536,5430.454842807191,1791.8842517409946,2952.8848635475533,592.7090230057195,2410.343430031447,685.1028303089088,5820.468837460806,15984.643456776708,9890.98917852923,9782.929347212901,2601.156163163075,6913.220692375556,7294.5537871824645,8252.057151274148,3933.1141834592463,5702.125476071778,5348.955522855801,14206.807517786749,5232.711804340186,7023.7844960123975,4040.6170425134997,1082.448289986856,94.48263140703064,1728.089739988672,6050.521443959096,283.3200277634873,1785.2386722484405,6623.447333269011,2934.718260029949,691.020031484789,3833.0716793680012,2818.1854145493376,7861.481779675379,7209.966121872513,7408.6709526338045,6814.679364430202,16438.199792986587,4063.316171499435,8339.76418939395,5557.21746668336,98.49058865375065,6776.380803882661,10018.6945333211,1809.4853006447165,2172.7743112371627,90.37907130239105,37.16236948640347,10781.080231197322,5559.569286547126,3261.0001165492517,648.0051121399988,14396.946724543777,12615.912274531956,40.31083008899471,5882.819993948679,300.43553902681185,13092.526285208383,934.0009502072087,2653.524912949809,34.09370987446906,1321.766384250419,4004.1648659038647,11451.795236022374,186.37381734564175,5077.015207468415,6577.829611293712,2114.470407766205,38.5895729895196,1236.8634348469118,7780.974313597077,3271.4985263986932,6771.24885743617,7526.063312988398,400.49883709050727,1109.4258617808628,2357.6797652222713,93.4597141977589,103.92430401443896,230.49192567127326,1511.7816091553725,700.6158621631923,123.44048371238722,4232.604819601878,1198.545195731926,1768.1031655823554,3460.17868081576,2081.2630353559593,506.04803704404463,1177.8217802443248,1705.7578921973266,220.22195725482268,1457.2916682522748,1593.285639364768,2744.4993679859053,2210.5005212045967,7463.892002049537,12177.117173788109,246.44227854274124,2107.636056032712,410.8602993468865,98.94899835171036,947.0897011291806,88.22605823555695,2859.131512227958,203.5088003776202,143.19432676485403,214.1387864397782,13005.474023502107,16677.072622744035,580.7357331484948,2281.8684783344793,127.11536334322682,2807.5658141148365,41.872903858542706,851.6926135651512,374.19734569345366,350.329240568368,5418.308071950432,3923.5900600889545,None
1028.7192793647912,109.28305481903126,9816.19288161508,5964.260544268735,18269.548797628835,7455.79020136625,4262.568277717789,5658.143704976072,1779.9151390663308,5090.014927721457,5850.31431555406,279.9978901500393,6683.18356072685,4789.865799952152,4729.7170162682205,716.6779154398946,108.59832765965393,5214.427153159185,4076.4304307424877,11925.555117873007,3590.2033370415834,1364.130405064639,107.26260942269579,3961.238873056336,702.9391020012081,2026.7625698824293,3637.5783791180397,6220.714926801003,4360.473254404765,5421.994150302442,10717.438532934551,3813.923494535216,1462.3518832498112,2814.0337235033867,559.6624406149359,2499.2885705424883,565.0513416331213,5845.530767813046,15324.247326058325,9477.927423097519,9313.961073429058,2880.9368346803462,6142.259518571107,7620.570262974142,7993.297774771765,4248.4786238734505,6767.801739231477,6617.134006666906,13270.034992366376,5090.826743279834,5958.5963120138085,4553.384068050097,1022.7066891228453,95.9798530454488,1853.5034925492525,5344.267649746878,264.3761935067194,1635.8413189369546,6023.649199718514,3416.681870071374,617.3945895804053,4440.521863925274,3315.617558535545,6880.024845983356,8179.1061632317505,7721.726157106525,6658.157759368684,16656.50772290426,3649.2690399335097,7120.866327070136,5451.765526114265,100.97892312979977,6045.393036898911,9767.134807777591,1661.614047208381,1897.6586220721729,86.93826430193486,36.987167160838645,9617.034774945969,4814.081139497796,3313.7272937488633,633.5950463443572,13861.710704600284,11982.21776466743,39.75365842568343,5189.232162961935,276.31155808273513,11498.945435142688,815.9590122691873,2853.85476073774,34.01346995910386,1285.659748790526,4271.025005066709,10249.173700144867,179.18550892431165,4411.010027745166,6020.28843829127,1937.7273723019946,38.21137775426043,1183.54911312621,5555.5403361902845,2916.0250076137872,6623.943235153125,7432.127716832524,362.25231951290846,1032.2750700207337,2172.7168525125826,85.11123245576549,95.8880195226284,230.82119473639068,1568.3500060392184,735.1094563538862,136.48194608891816,4064.931470285172,1179.511907526292,1534.8589439038944,3201.9445315911,1758.6884547204345,461.58151175509767,1018.1961868869363,1536.2374384944287,209.7737483765993,1335.38216252778,1206.942988849582,2816.8468181544927,2004.3535432047156,7442.890485251263,12583.530897538622,238.61364989799117,2066.5224012607787,359.56258669986534,91.35111797444277,1038.1021648138903,83.83330481917119,2595.3152153734923,196.82669758216525,145.10517411958955,226.77775161329845,11050.696462255388,14950.90603365058,545.7505519732914,1934.172943030264,115.65635091659185,2651.4956444709946,40.991361035872366,924.8070961114418,356.12741047762705,305.992240767364,4577.234555695498,3684.4609570822113,None
1007.7965751840413,94.13037216344723,10901.485251399914,6607.852949823134,18087.791733738075,8232.243219566171,4718.627178653426,5471.337348888376,1514.2183950684757,3980.5181742994732,5612.290154674503,270.315115763202,4840.127550139029,3741.3709187998174,4340.6184962808675,701.7745216481262,102.987795974283,4967.080763540403,3936.4805380067655,10162.595537508028,4040.665702208672,1235.6397124783898,105.37490657468322,3515.9025902903313,847.8744143429927,2153.7175899138238,3187.7513208728765,5728.247979828528,4011.723186865628,7098.591375916098,9280.43039760732,3983.189009948197,1280.7252748802848,2679.9561128920973,579.0998117037177,2575.227020969457,510.98355320327033,5776.633440877576,14339.704382790856,8675.122560824051,9068.177387669042,3020.7551169710327,5293.766659573436,7450.182170101483,7753.053124625095,4644.805779684935,7705.04240324648,7503.2540369558765,12063.448229909092,4519.534668965689,5124.1540840303305,4923.938485413116,998.483821494147,97.41093433269477,1951.850678657373,4851.894520231512,252.98697832546824,1485.3267492956236,5684.7367102691915,4240.5587920775815,585.6999044220629,4554.938955877272,4220.148020178745,6782.591963456594,8837.198187278567,7458.875539597487,6343.351156768439,16607.304532453778,3321.871840845137,5905.026114938131,5760.371858377147,104.05594424754963,5565.9277872631765,8914.824093376985,1552.581880299556,1646.9911832253956,81.58469693013728,36.818644910192205,8365.500176757769,3997.900619410323,3115.462084535507,633.287843205306,12759.672674158457,11622.508669078885,39.24336200835642,5233.1440620260055,251.1765395365626,9349.263307828887,679.7428061837089,3044.39731037011,33.94485314797807,1115.645096952767,4033.8589768628794,9241.23260761578,178.62295740311345,3881.650130691493,6368.479027949388,1800.4147941756353,37.87403573242661,1149.4869454819714,4945.825541297314,2626.7011450197674,6278.445438607021,6567.493808245545,329.0276627159071,970.2114172609192,1996.4316034806286,77.79836307219433,88.12992557651171,216.87504174305462,1504.8671761696608,716.0388084574927,127.7085544838488,3948.0176291404687,1239.4530873309793,1407.6022250010349,2811.8330476460264,1578.1384144477083,438.69839550076233,868.2231189635353,1423.4915037049466,192.82380012769696,1182.0872871009258,1033.3125335866894,2846.620306415153,1842.008259314324,7355.245131277907,12967.946877732229,235.7128963009899,1901.885633062854,326.6041936648122,83.06250165195293,950.8530834525122,77.77331918153322,2203.410788574075,187.36685788267974,160.0545461004469,218.3907052115221,11122.852987077951,13711.085766610811,541.9655402696094,1794.3045894787015,109.29675005402142,2333.0740626257048,40.2460320401078,952.197698088053,343.4822984667204,258.6815129891644,4193.244887666902,3591.8384120694354,None
972.7307347175847,86.04317348199702,10960.447522756676,6084.956617490975,17932.355851838092,9265.451644621246,5235.281787441247,5237.5467337274185,1296.7622063483645,3177.328630676897,4760.752478944685,263.27706925511563,3952.576627635999,2513.3779047949824,3802.366464993641,642.2948649105715,95.47735281215736,4770.2133708106985,3556.5091922338875,9505.198915897532,4392.092847636206,1177.4092522354395,103.56793028342268,3049.6825713735357,1075.1596659736863,2131.7427396313856,3480.418934167697,5379.389367634813,3738.0916431462456,8603.266636896538,8761.404139061371,4793.196441045732,1211.8899383811472,2546.512261623849,892.8423418554917,2719.9801108549923,476.55762212668435,5111.18664986485,14697.400465494618,6928.329596370244,8639.925410401602,3185.2370860838823,4880.646534694217,6821.9294970231595,7611.708576639178,4955.0209702344455,8667.634738094512,7783.233374580327,10891.712067028357,4213.928953480484,4156.9641835166885,5611.69091620199,957.138878950777,98.56848114585856,2287.906344038879,4397.27338492115,249.24137203743462,1319.1228677156412,5454.0513608883975,4757.751597316523,551.0384021482653,4226.945314130784,5234.60845505316,6943.617742501121,8747.389563792096,6859.623529483871,6103.226340913559,15967.573158975698,3719.363253634887,6774.800413132399,5811.875725677529,97.13776816155882,5416.856581911938,8326.031722113545,1483.9487829687191,1388.2493350301074,75.69171392644236,36.62947693234229,7935.74504211415,3940.846802904037,2825.0628000231427,608.0874596018934,12366.444054999738,9665.414587678237,38.784423942409674,5108.48939099534,230.1237261668604,7574.9084966870705,609.54843846978,3055.87683113431,33.88243959760157,940.9041433424577,3601.5036750808345,8417.540354673043,159.04842485060544,3418.236931452048,7571.1891045488355,1615.256175948326,37.58690394233221,1196.707006603656,5906.428558429892,2497.954887265365,6090.047920296487,5738.671418741549,309.8828879227724,932.6775957363292,1827.61790999518,71.66761386714789,81.22076340016483,172.13326056725538,1313.748740951396,697.2824802459792,103.0920239985327,3801.378924277013,1206.0842360975626,1322.0582757648206,2595.9656828606007,1485.7057115644034,399.3003948474822,807.1614359985799,1323.995952800279,162.3679032992192,970.941955841611,944.374050777892,2751.512964321162,1757.9024608067093,7128.515994192934,12802.768140555545,232.20815096358558,1616.7630072645625,299.26557794876146,75.79702070205656,845.7078379140138,72.44349562102353,2161.4225821177133,186.37295505831037,151.71355487408408,218.46593359579828,12386.119363690457,13001.161183906854,516.6785649004136,1690.9015684865185,104.09126253116524,1998.1187665386576,39.648823691243756,907.5887855786076,320.43354990854135,212.0698922076484,3977.9355000766027,3391.766237601964,None
913.5578035606868,79.55277588769908,11101.381900660032,6285.886515159813,18232.654596765595,10400.688125002533,5326.623856040264,4971.324077189161,1236.382853272682,2868.0202397187995,3958.3946515761854,256.5841742455609,3930.994340428297,2317.868272405563,3158.485434746757,590.1744366658428,88.47687949059082,4819.281652376113,3327.523948016658,9225.469680217597,4762.062998164557,1108.1583225737222,101.79328522776144,2478.201777779524,1216.3633329812333,2076.1617497100447,4922.316861295254,5266.687860046018,4132.572592189602,8289.775259593653,8743.334838115054,6348.994269260645,1069.7190341295172,2357.896722572034,894.4599259475261,3065.2149293996117,430.29944504630134,4403.769419864663,14827.788947366213,5107.0280671900155,8116.043004500236,3089.353860194524,4503.220700230149,6237.288203441825,7552.082455804092,4870.177606124671,9850.030963467647,7888.317345906054,9828.428675919658,3707.382784041847,3388.0777591786946,5994.794232893705,929.5057389562435,97.36752970787731,2887.0828412316314,3865.435166421516,245.47064408104512,1230.48957100571,5164.57661387345,4582.880319609157,506.41976308622736,4068.436140406256,6185.430376222197,6286.934344332977,8276.535910333132,7225.416170318243,6018.211566206747,15915.374687047404,4006.690473616133,7182.56435598188,5660.497531776953,85.06139210878067,5206.026378350958,8148.906380149917,1358.690045460248,1280.4206289740775,70.52025614230138,36.421392253028564,7599.5677612592835,3318.8606347221194,2598.9462577756353,537.7541559279605,11616.576085793515,7949.929150227447,38.40924349063198,5158.4383544744405,222.72745324368339,9179.191765067011,551.4442820798478,2831.1887444105296,33.824777963670115,928.176449332879,3393.900519899534,7471.174794935884,121.5306072900428,2915.549619138046,8712.482209001832,1390.7471274733036,37.35838345779798,1346.0351159315762,7448.850264743469,2340.6935477619104,5637.641500130242,6605.217100725484,306.44284217778716,915.8096593549096,1484.3885656966156,66.54066073773728,75.38228462634156,124.21352146880308,1200.3648276982735,642.2665643227093,99.15348757400636,3539.595347447006,1177.3455941873422,1229.5636679990484,2323.606947595632,1373.5535819692425,378.06796199702467,747.3007270059351,1170.6285569093159,123.9692702000627,915.1891936245396,847.3098927612286,2310.3948560164044,1658.8910331954535,6804.302134885167,12014.147254404355,195.85111512226436,1400.8977374106091,273.6885201963351,69.79734968733993,790.2266628097118,68.23263456953799,2106.8665915571064,191.84396293568386,112.58452066359906,223.94522963437547,13041.526612872849,12817.275718163279,484.74438018227994,1628.3229820720926,97.62855332436472,1923.563967369768,39.18885827798311,748.9129872980476,290.9196474242018,197.9053709061423,3408.202191072502,2950.417837303323,None
818.3894756871794,74.78762576906199,11631.594081785088,6579.6223127350295,17512.31768379779,10819.52161017532,4902.555245550799,4445.9862132091175,1217.7724957142386,2857.902413825192,3865.14314348469,248.15322360885492,4095.797166174665,2354.293998816007,2643.3168156218985,547.1656416215128,83.48305077228112,5683.427603810028,3360.9217449583325,8751.92842656051,5039.419041008199,1061.8936160994126,101.0577454988068,2320.1133100882207,1122.6193581174014,2002.2431415834,6813.331008498089,4826.008396523558,4537.2653877780895,7045.0794542116055,8423.177657539549,8560.620149852279,894.7455147864205,2239.526475665943,559.5200137006966,3718.543385354928,400.6898089187702,4390.540818193084,13171.379725915498,4611.95765794222,7183.194867983869,2670.89856152019,4067.169875875988,6087.957254020885,7086.813431236936,4167.195581443796,11024.970488451248,8327.842925034707,8850.678035001018,3292.9953063209937,3065.35450136598,5778.807044302606,927.2810941771684,91.04876303283936,3223.4318578015345,3854.7986933737816,226.25763276023403,1118.858266300961,4338.265748213333,4010.5258284944935,428.1266054736935,3787.242527860823,6339.528467507778,5663.056419159334,7663.458971955682,8862.085884066799,5290.525725030308,14869.288731628547,4291.238282928936,6831.11602225469,5385.109130199334,82.18923395098834,4968.887422425386,8158.6651193929965,1182.6566228693166,1210.4149031534125,75.71803980995662,36.215160034357964,6874.052943671538,2848.2218006932585,2266.494726267588,508.7060075242842,10369.009502607436,8399.747304213517,38.10706211988392,5381.234252102523,211.6420860787853,10823.367976275533,471.2634434538786,2443.1329518054936,33.77078027515139,968.0739901622827,3358.540341929961,6522.042800217378,107.0585015549176,2395.4858229588767,9255.994949059064,1267.2618530237007,37.15869553064534,1516.2681064260894,8776.76971672024,2161.0690924703813,4845.485029349476,8120.728891813657,302.5814265438494,886.6612153249664,1114.9017070644506,69.21824784287028,70.5033635197552,115.13962960846624,1083.8091943468514,584.7592448233016,89.76946638128695,3389.6237286590253,1175.9481739439802,1149.0325327040487,1951.8590982033036,1133.8378593388534,358.98759286948547,630.5650938751515,1024.1361399961022,106.57500296980369,976.7666835126623,803.7898699222951,1789.222289027279,1392.2112680884961,6012.297999446475,12115.269011692093,135.2266414252033,1241.6892726685012,252.51468359700684,64.90081345492425,754.7357824136232,63.49020603515675,2244.2074290169408,154.77108134927911,102.36657667460577,186.838838139534,12950.70390212525,12492.92165354895,443.1703197032126,1553.4617111311754,89.82622427555893,1849.703577683402,38.81349990092263,505.7206841779399,272.6426578141137,206.22507770222703,2743.2015241464114,2601.9426744209313,None
751.6107831414749,71.05932563851722,11649.379205420586,6272.777769440094,15652.152242029419,10796.212250670544,4052.449929089896,3744.384859809668,1243.3884426760667,3095.996913655583,3722.2560134350956,236.1533914216872,4448.75311730269,2626.24242764981,2329.3747846685674,514.9182385486799,77.87499102787885,6790.078197118752,3284.527947283678,8031.34385162101,5034.313434013192,949.933244950045,101.84605665006069,2388.9104235788673,832.5368550186366,1962.630300892832,7873.457248374515,4148.697309127309,4796.290143124861,6531.025748999435,7688.098856451365,10080.412523709088,772.0831401082316,1999.2350659607266,524.6037385265445,4710.393320671042,376.7527100920954,3709.0588765851626,12352.288336634538,4465.48654658337,5991.578434562362,2375.955315510927,3748.3436398123963,6242.269846614723,6040.2605996165385,3917.8182971090428,11845.599295218835,8676.053327027732,8030.787119004389,3217.0279877723433,3594.159005067757,5161.462943445763,895.1765046964397,84.16303806195269,3051.3452661906454,4024.0299433858913,196.6440844435421,971.2776854428987,3358.637850811326,3480.5193731952045,343.2544982678038,3322.633678291956,5832.182817822865,5825.681931238616,6874.164395900962,10384.412503861566,4087.0473377214757,13077.422870682054,4790.374590333508,5962.961746629359,5115.118799487133,78.23561437964149,4745.102120861072,7641.1390497551,1000.4300135914707,1089.2625825801745,71.22723297311474,36.020223585492936,5975.656229638652,3078.3431730832617,1830.9487325478674,496.9958323068344,9092.115296305024,8270.299829778034,37.82182452681282,5377.602200843013,191.6656173345173,11843.033391995736,422.3369836122228,2154.4287452875305,33.71840753278948,976.9754825792422,3435.2275051342626,5964.657710595374,101.48350751329687,2056.9465747769004,9509.429640482642,1317.305055956713,36.96944395239665,1580.5824904891012,9658.520447996862,2055.8157276728625,4261.3412601563505,9103.300381561809,270.70372404718324,937.4361927774223,939.2958059904564,66.78458077731723,66.4489719640906,111.91846585161603,1044.4333064351183,580.223951802578,83.3875544433138,2991.13661590343,1140.4554509207594,1103.1676831674451,1747.105865100393,871.3605537295082,326.2465203236038,513.4445301160317,976.2323204942584,100.36451358089509,983.1294038610288,730.4749611987186,1553.1591730884738,1073.4122134758984,4989.281838889887,13233.072882114158,113.72926627146114,1146.8840148857346,235.7136817422874,60.88520911284298,762.7133249196245,59.050542655783026,2247.426972917987,101.8373804421567,98.4856909751347,121.82235044153452,12252.36831599915,11833.51526201833,381.442091295712,1438.355649693969,93.14611689349807,1749.5508738146991,38.477697883681934,430.9971002915893,253.3401127825129,201.84116205336002,2349.678982680286,2377.8918003339872,None
691.1784176741548,68.39406950976515,11780.149938335904,5733.077585495981,15287.37784765738,10874.982667021179,3146.784191175364,3094.234126673994,1223.4343158856364,3380.124948713266,3301.134488390496,217.3144474361104,4942.160375271686,3047.544425586728,2056.0472760208568,467.008185497755,72.00660712301003,7343.928111768061,2983.512876598159,6773.957602241972,4890.787177820149,774.9523709662652,103.23387545534789,2316.6987832621803,657.3465274306843,2028.2124171449454,8168.2021433581,3397.529468147243,4897.630421497899,6688.902700275513,6902.927044812517,10369.37216481607,722.4316946332733,1599.2903622687554,499.6326661215933,5725.672034179915,353.2378349420855,3012.176166672327,12739.232337312616,4709.44771103541,5286.388150910342,2210.388366924381,3498.737551293645,6256.4693103951695,5023.342815127368,3869.17373057971,11986.447841701276,8102.378490922139,7655.004073470544,3278.058434918597,4782.4902039899,4730.871835618129,920.8154675170089,81.84195132231173,2741.086857067761,4007.1865697462604,173.4230091688327,842.6472935026193,3099.0100769016026,3181.387326096479,295.03655959407837,2986.1250244319017,5763.564494548262,5548.362553483001,6410.151888445937,10779.49711283798,4329.215662937046,12768.097058028414,5083.210892789954,5571.289347489752,4816.752300910171,72.76653474136462,3859.483517223816,7092.0214847485595,860.8708645143956,975.5674583256283,60.937089036120156,35.834774944791384,5430.224675846429,3296.5326237603404,1519.2885459968961,454.08653671460337,7982.915950346656,9213.228078671647,37.584775134395706,5045.018358926427,181.68363056024936,11621.80635377251,375.206635728078,2011.4045722198957,33.668667114967896,956.4700558555884,3524.8937835198176,5801.9452349261865,96.74274585632138,1774.087369166293,9663.853446655727,1326.3198836937156,36.828086819923776,1566.5060440638754,9591.545612038082,1882.5207688255487,3957.577296196442,9179.042007775204,238.20064989378017,1050.0107704504649,845.8664744009901,58.21779805284724,63.24203200058139,133.72501677508615,1027.7528459432392,542.1702604901824,77.20229797617775,2439.8178013677043,1048.7208680208948,1066.519085200413,1762.0487095926073,802.7367998304782,295.2694203315998,445.5380860920549,999.348056427666,95.57855650145115,1007.2339921726988,667.0226030404672,1677.3677165191643,925.2447185473286,4108.725687950014,13769.755599353908,106.73003936359129,1092.807189552555,223.05075642626076,57.53497696182304,759.9478768827806,56.852320678899744,2057.272724660741,94.91716641717649,95.35167382520024,102.87242695894159,10878.948881753211,10978.074379211037,336.24252125303923,1352.9185008224706,95.18717075956648,1565.3179761005185,38.16588938207264,427.36145675167364,227.47072029225788,188.5276506616471,2081.8480053264952,2095.8898480007856,None
663.773383048417,65.8725963383928,11380.065654364611,6169.070342667104,14042.54060526652,10281.44251495657,2344.7322656648644,2636.362884495657,1166.0910969999575,3491.276730896363,2819.3220125768435,210.80763380607723,5490.104165497788,3455.170805080415,1776.7132779012472,426.6721056489218,67.87937040040684,7258.251979127096,2562.083678602901,5133.811454989329,4580.0469520050765,740.8031403432852,104.54587863573286,2332.585606455465,627.9056779259764,2210.835829295572,8197.030351590774,3096.835761443236,4716.648124775953,6290.762485341649,6379.797923857435,9890.934438741788,681.2392868792746,1453.4295400954584,469.3273125737082,6540.619843855847,319.0496204751779,2822.7351382864954,13662.890882620466,4984.9393450298885,5279.130511104982,2220.325383552557,3607.692033276349,5954.1428804713705,4067.208439756453,3373.606339845724,11364.475701457852,7205.3204371923475,7348.986798389772,3598.023957714893,5374.908557830311,4563.316629885536,1001.1165938059233,78.03154308252503,2610.279902791783,3827.9466431369187,164.2609331170795,726.0475485798024,3195.457667183966,3211.487547396764,267.18500659012705,2742.294236516101,5642.279635605739,5149.266082977256,6121.388591524797,10394.74034350632,4700.631579462523,12231.18891187932,4920.798064989766,5325.371165961213,4181.110182439376,67.56352519747553,2960.686414555736,6505.448830127662,750.7645612769226,823.9087461696288,59.61015099307044,35.6606677531045,5216.753674038917,3466.6444810664216,1391.9568366887127,422.68024550478134,7393.694727755398,9780.32631926495,37.36135058307706,4200.05506969934,174.1096797296371,11081.853962493491,319.98282084088504,1923.5970140631962,33.6232523230209,858.3836125828534,3278.939459506696,6470.230746516384,91.13643458868872,1510.110062531734,9277.235291452294,1277.2205931436008,36.695505769037105,1378.1398220127178,9109.336657636364,1773.5993922219318,3649.872805600084,8786.254162269708,221.3400082801394,1119.2995209362664,754.6986288257808,61.23973593459943,60.657295265990065,132.2509446528081,857.0102510024773,494.1311249648199,71.60385779816555,2113.9976399920506,867.1207259085625,917.6952691569667,1683.1610278285173,761.6274056158554,269.02631882887323,405.0692975092,976.0429000651932,90.14694743301607,908.3128313152139,633.1317771414111,1740.4082728344297,836.4897426971186,3951.230582502376,13314.856297952663,101.68703268964396,1048.8067271447044,212.79410805687462,54.69893494428752,672.1876257129035,54.77040346993693,1851.5182427256966,91.55532487707424,91.26104080989677,97.90879443130545,9293.197727553248,10347.118692413023,312.4442509514064,1243.1238038967085,84.54013462750213,1318.4858970019222,37.867685804899224,441.86904865413015,192.70152045511662,170.5620917209266,1964.4126674244849,1688.9580313687384,None
621.9601336557123,62.9815031139477,11426.22575056721,5949.62797924594,10820.366460492864,9586.773336152823,2049.8095390038197,2712.2397182704,1173.0501985154885,3554.9527764143572,2552.5260018621466,204.22277308973833,5819.659313177789,3604.770419430856,1582.447773275429,434.2844144758155,64.30813005002656,7687.800743300736,2214.618021481776,3479.580231361185,4175.813967997734,718.2741440782038,105.73285221562631,2204.3790243689577,593.4148593931113,2265.754314418381,8056.369157798721,2918.573005542588,4262.124002192894,5866.563500322346,6403.448734581529,8738.615382977194,628.57538551293,1501.2894164579898,434.7148714965307,7112.287299453166,287.8209798198631,2715.070976572201,13541.213323921502,4611.711416435822,5364.87512400479,2215.3060469068773,3760.122647376576,5222.5178834456265,3384.350486554224,3076.22778957904,8912.534950620035,6818.590071039511,6774.585917350269,3807.93072133149,5220.046396824427,4591.347696256452,1067.5845461370898,73.27333048782833,2319.3450968347515,3300.9297617767993,160.38410873889708,633.0283617856816,3421.204734539187,3265.231888376361,245.77468056303815,2436.4443920157423,5503.196819189054,4951.8366829218185,5802.783171886117,9761.753191235504,4614.9881626446495,12651.939438985331,4640.065207520189,5277.996938451635,3336.3792062015223,63.06893443992428,3208.8324865156383,6069.493239790975,586.6697423784059,731.7667516565959,76.7588104796266,35.50196455850024,4958.159758391987,3487.2877235044098,1397.5184798148514,383.1703548901877,7069.745834953755,9881.053500506663,37.25062757459897,3097.322149344943,186.85087785001357,11638.533474214944,277.34475119093713,1840.1345392810615,33.582403490474306,714.4812915739689,2725.653491035779,6627.9234334628845,84.56103030998706,1450.1637076757763,8820.29320818177,1116.4391457674346,36.51458991618869,1065.183639171101,8556.26594534294,1668.412287015294,3311.9348168177416,8452.889172288838,214.6661174552445,1079.7215133542013,629.9381404146095,61.68034297452115,58.35059370137827,96.69833900353198,606.5558922533038,436.3215606409663,66.73097154605335,1844.754346707508,731.9261395327948,709.9581042806784,1690.8610805379444,698.2715916740967,249.3737048348821,359.06315146837517,876.8025388277553,83.31852087837187,834.4561937709938,570.791348897962,1581.9898478388993,710.5667439572051,4412.521182252929,12262.746942783282,96.52153016054586,978.0360033550447,209.92806994151826,52.268602871378896,553.7254202407931,50.594602191259,1608.5638730253338,86.68319142666866,85.85424530138518,94.35364485981651,8391.540991089558,10578.530963679066,301.6085238402856,1129.8783190528848,70.84711681490595,1046.7517883406053,37.58266469967477,448.11915583825026,167.0325279261387,157.35851502438092,1860.7131897734075,1418.6214799712873,None
553.3760082464104,60.760687695601284,11709.368132831522,4948.0810967920725,9621.99874166095,9307.92415074318,1860.5154967475928,2867.114447503909,1169.7527751328755,3534.323021077892,2394.6924825511583,192.46205153586018,5809.704899320911,3387.9006749548903,1451.4722221030545,435.72042058954656,61.259669097728654,7161.228547433156,1959.1485906573184,3129.198918474964,3947.688261370211,640.7163058204676,103.75524157552529,1977.916859063737,552.032587630434,2142.2130917266063,7542.314554382659,2278.159518741494,3646.78368336226,5660.086557368913,6012.076276283027,7730.527295805029,549.9014329124266,1530.1797302816287,398.4444833260688,7238.8754519795475,253.282728200724,2621.996128182807,12624.9284380612,3945.71637242199,5033.720205212515,2130.5948565083586,3576.7105192197105,4377.992798693103,3106.3575027498723,3563.691097911542,6408.411447114959,6236.092985280641,6192.955839758122,3459.452729925628,5254.244784593407,4038.094327702466,1070.4778099364378,68.82133375473258,1993.0463496025245,2850.337978162637,173.15712850870227,546.1850586638778,3307.403829948362,3059.5786579852256,226.75361694758976,2049.759697929809,5177.323633353738,4559.761317562804,5595.234605076421,9123.160210845072,4631.274483963226,12540.859762778226,4427.30867585846,5307.082168385183,2795.6747590745226,59.25803723572603,3596.2881643895685,5404.190217399411,538.6050616106885,655.9275315718689,75.30820090429114,35.357141978943034,4615.295534766744,3356.593100350872,1430.2225261796075,341.3907072920248,6526.451829240562,9748.432682688655,47.41896774415884,2242.720813294749,185.04381300141648,11606.143154878251,261.6873736339246,1801.746899296289,33.54608686994769,655.0311676309999,2287.676412925365,6449.29955523341,78.62786183049381,1563.0689127719754,8682.534136335875,969.2484654910272,36.375347467845714,787.8985203626091,8182.455336277229,1476.1456152785292,2907.5211186965485,8394.495123116429,202.8420881231467,955.8126688282828,546.0076050572371,58.42348853174615,56.26557973963679,87.59456769156498,511.99667068067214,357.46439954539244,62.5634658825802,1656.4656628089167,695.128708692546,596.5791629944563,1606.9292530160553,591.242215096474,227.16506330495068,319.20824515224626,728.556724857326,76.51952897616384,757.6876422885048,468.2166313693612,1386.8900588460294,589.2313192832445,4551.691965816376,11105.268973109769,90.47400483786038,832.764510703818,208.6118081133881,50.15132391330057,464.92829313675077,48.4846606358086,1746.2863359257599,80.07389472470005,80.48700246662285,89.72247118283919,8116.229169616561,11286.159404023201,290.87522616166365,949.2612572048967,66.36675717334192,760.3326685859904,37.319344222583815,400.8101046151258,166.31020058094714,155.41096752230155,1715.3152745192874,1330.2195809365508,None
457.6309446540364,58.99888510017715,10938.664400755426,4652.818946064649,9855.626458329658,9677.16170377711,1752.7410544017869,2772.7046235818957,1135.7233411880666,3133.130965531662,2236.070181205751,192.9028912626565,6100.893474844483,3172.1344374474074,1198.2083250876594,404.5708144546656,58.592799809421216,5294.9906684478665,1634.8544551261778,3485.8992283701728,3335.0464412546576,557.9675223861348,93.27846538729976,1866.0132346195394,505.81955126250205,2114.196650753123,6715.6530303194895,1991.2989295359714,3202.413514618736,4630.689889243041,4819.271147349411,7517.4547961667395,519.596087576924,1490.3031814098765,362.46454493432765,6774.9404014500205,212.9637333829576,2527.262123899263,11560.267908247419,3480.218323127184,4516.6476642215275,2047.8551081931867,3441.768424587071,3703.874600687077,2949.184340640848,4644.450317145217,6817.573883205216,5718.883123473018,5730.257954070214,2947.786508618207,5514.368339625788,2685.060301315153,1050.9487618305552,65.09509618827623,2096.716264516854,3017.2488975611,192.65548064827576,505.96020373209547,2830.3738145192738,3026.2224098839447,212.82098435948788,1838.213510755072,4416.181343198965,4176.174165906791,5337.392224161945,8725.85652764502,4515.042120264951,12320.27023047692,4124.417237646657,5508.515681413714,2443.0359155825918,56.033977959672214,3700.3909628642878,4661.252095949364,524.9627741909602,578.6826767847009,52.934085498158005,35.22009815763793,4151.527748153232,3178.772836577129,1373.1254700422232,309.94691426633165,5750.5306715876795,9170.635852399104,46.25628269696261,2094.959353467524,239.5332353542897,12009.406774865307,241.71633693559608,1740.8006922720574,33.51250997410736,612.136170588602,1919.1227540164834,6356.772745247931,73.61608304681269,1553.6619779287844,8082.858563969156,882.9965038325058,36.24353477411911,651.2690341382894,8220.664506528727,1307.534933880774,2391.5879196863957,8675.084484660549,190.26148456848043,947.1411633511524,472.9940520346427,61.59041452774861,54.52514895686532,90.10102638449035,470.20749486459977,314.3484392053045,59.0402094387875,1616.5150100619062,632.4045760540519,504.45287180937106,1435.437202290224,482.5935515738388,201.22377743955892,303.33101199837574,620.097184979238,70.40039316920755,695.9071808413208,396.9791833359191,1286.5350826955823,523.0502561864403,4417.584065532,8875.572607962491,84.71393488627112,677.3756485737333,199.25649030587215,48.293122264952956,361.3621315578074,46.86001731233185,1909.3078800972685,73.42817294011907,75.68022781413534,83.64810967227355,6998.909805579327,11435.824783932505,279.8303474128384,825.8437124550668,62.49390081944546,656.5919256554296,37.0729445721363,333.3813904924166,156.26721517225255,151.19033542915219,1483.0047530421098,1410.2521051016752,None
387.89594706753434,57.1572800463261,10043.895442003659,4723.436013553222,9188.181708620972,10307.327651352547,1588.1980986963429,2509.154054270438,1088.6999493272483,2454.014071201288,2047.4533610386661,200.34819720189984,6894.195958688653,2927.3289403957756,988.2230015203696,389.3681701653702,56.314132382718455,4310.003306747859,1358.2486613439733,3935.722266007572,3120.1895736358333,511.7745028579286,103.23721609230188,1770.6024725355746,458.09158275002227,2189.1528009071253,5798.980370419321,2221.1967284738967,3158.3092034299266,3967.9500037937205,3873.763778326093,8088.305113749434,561.6433172726599,1407.4998822214986,329.7304023548122,5885.4949926906165,199.46465442335256,2531.2463424601965,10197.05129923045,3299.560643249267,4344.573260016686,1971.8965321728335,3238.4043825843755,3081.30650185946,3017.0931897909472,6196.6285323988795,6927.4002183720495,5416.357469247251,5276.126080547811,2718.614405184159,5785.032693856725,2309.407325897879,977.2252345742528,64.66842839211424,2024.6287979127194,3011.6756829820765,192.45422385109524,430.4679454778805,2187.198139370394,3152.44851156625,202.1331671756776,1751.4419960585365,3745.4475129606567,3723.520984717661,4819.356572853424,8912.397288362708,4301.8476448522715,12260.305286176932,3322.131948217953,5642.7542123159765,2266.6740811302507,53.275609694191076,3568.6661859600313,4048.151318994888,548.8617922610058,523.2874626400119,49.789071600000355,35.094568321673286,3926.8130785667854,2925.802235469221,1291.4958230951465,284.6142009951291,5388.482588354051,8029.135525393125,37.1352211487524,2033.3306606565975,237.84536897844205,12447.638277919928,212.779895592542,1675.530635061909,33.479081338180855,576.4771213136451,1441.5565364966722,6261.118923214568,69.41178350061146,1433.8921854896648,7119.733981399852,735.7474287686061,36.11225228420234,587.3194488275665,8411.732764999862,1298.4097221391253,1964.8210838148043,8940.788723796379,184.97683067590978,971.8449500005753,417.560061457258,58.553079887151846,53.111062110290725,84.95829072306675,433.426909755224,282.0095749826869,56.15421866985485,1649.9705563099194,561.5175468251308,455.4334507399492,1371.13984289134,424.94642627011984,175.6670464973455,283.8255256499873,565.9277299121227,65.15484432018778,667.38263958831,363.94080942834825,1228.797980034643,470.17292884188066,4299.227066744519,6661.523366243845,79.7583182020747,617.5927017253463,204.83430931492114,46.67688892633058,316.5408482182988,45.73343117559354,1971.4117366606106,67.74311208198367,71.45357859940142,77.70480266341956,6099.703543936072,10860.058982123555,265.44489011213705,745.5404575789287,58.9505057053746,602.8960081672343,36.83502798034577,297.54288235123835,120.74465911654372,150.4213673493981,1268.33482778523,1492.241259591089,None
357.822764646915,55.15126871382904,9235.765182150977,5445.650004099003,8836.135440155993,9918.0239953924,1498.0207933219322,2255.9760462927425,1024.1527342527422,2076.4351696394665,1829.096903379116,207.86735244177441,7507.796104739199,2632.9678463109635,924.4422326590346,390.4449506961005,54.4492733762756,3718.241766815044,1123.9443767387015,4056.49652482784,2934.861703838418,492.4764170101103,99.94953516795769,1711.7051473126335,418.79605996205885,1963.6261732770965,5695.929240083359,2591.089190578555,2941.9280614280565,3991.1036751907427,4518.505269975194,9059.081810361966,594.6131131579656,1326.1250655099366,301.06996812921636,5091.540145805777,197.42142431849913,2453.492907379968,8213.782861633714,3466.0441001340564,4139.884497365795,1892.894134407832,2799.4254979171424,2684.685175434495,2972.426975360001,7666.465811443875,6709.826582756543,4680.687408858301,4882.402752712015,2675.913054724985,5336.690466911196,2471.364459877529,909.4857458225624,59.78438177188315,1869.7682842901272,2934.3476715971983,185.18006007876224,372.73813274107397,1731.0815761827946,3170.2414084058555,188.97034003346667,1669.7233945708153,3303.829454863914,3280.313198566746,4242.397634451668,8714.13128508492,3858.217284344186,11242.306446042172,2585.543807387355,4929.770710453276,2002.0902971322867,50.842925187897464,3336.6047437312823,3565.982853557677,512.6696256052987,455.5328533645315,48.11142676312775,35.10565401643621,3600.0868946707815,2739.586884508555,1126.7944397488832,260.4906206579818,5125.649377087549,7257.75389127227,36.51687508893474,2076.630846275748,199.63608651948132,11694.528469636354,198.67057979059243,1505.2303705205368,33.444217059218964,499.229638230019,1137.7265780774092,5566.059695319358,65.83368778072342,1376.9051741706191,6256.098392696071,556.7261303281712,35.974608493587276,554.9351322219878,8143.4220850892625,1358.9165407044784,1699.204822873344,8479.801874534849,182.5083990613188,882.6989846601413,361.1158735523099,48.8255173972055,51.85309811889161,78.98792033601629,385.4886639769925,269.38862016503333,53.78185062707285,1649.5131877043154,510.46128609818163,421.69096773934166,1276.072572664203,386.53810501802064,157.73808154029655,256.88946554121003,518.1963590098396,60.87962862850369,618.8749534465068,355.3175153152169,1162.0503260587095,424.7696530095462,4378.975439872655,6987.532260223864,75.51779008304409,572.552256260386,187.5537427925433,45.27569504179065,300.42365094041287,44.80416899890401,1949.4011925446555,63.071422065297135,67.58892602545532,72.43406895263536,6338.992543126405,9852.207004178412,244.64963273776462,666.9283415249923,55.738926247270314,572.0941539080433,36.60822151646273,276.60976904592604,103.8757370025965,132.4010061509763,1065.1879977566118,1448.0467506372888,None
340.71312668694196,53.13972028275525,8972.164199026873,6544.245962254267,9054.428008632105,9001.63320462797,1533.589080468381,1995.0330862210885,945.7952305993512,1843.6925568564832,1734.8746132285712,188.053891725124,7413.0138200795545,2456.583096012104,858.1754050100438,374.99096448252914,53.127996191625435,4089.1807246607455,964.6901346227513,3371.2257240879285,2576.3356756816565,461.91853042298936,82.56208537741901,1829.7297346952948,385.17204254419784,1674.646848236894,5637.546394994992,2806.4668271446117,2512.3681620362163,4328.268162930519,5023.265441811155,10128.153784212296,548.672800477733,1250.2941857076814,276.4104142746733,4196.3609055880015,200.80116911950063,2460.3614290948058,7574.256984626741,3726.8543914616857,4092.6501526652632,1765.2070331833831,2551.6278079160998,2549.0926587845724,2641.7352497790266,8125.804878333062,6413.818262972405,4077.5388453008254,4554.755111365862,2485.5804639082835,4783.2654403562565,2840.939824166857,957.7482000992858,55.90173598188021,1645.2867738568375,2583.1935451234617,152.63188207287416,345.0823263478698,1677.6075247606198,2668.695280022093,174.0483390191529,1498.6071104193393,2803.1576687552833,3023.383302847818,3688.5342179407485,7961.910207187294,3251.18580109678,9559.932256044041,2431.9824643381885,4176.048530416366,1644.8371913287765,48.708130836297556,2965.726940892997,3377.1718127815416,442.0754898066224,371.9613629440328,46.732882489246705,36.58485260740277,3155.1159793282427,2688.5363340648664,918.6839560694963,236.2452195214374,4308.058236700289,7163.138503185733,36.39624445941526,2098.929347568258,222.46879954976788,10191.535907590882,194.73519416538971,1281.3988507152549,33.408629618041594,426.8802306372831,1140.9093116244098,4674.4803124925265,62.63758534582959,1231.027378683141,5183.712448390177,470.2450903738515,35.82781780557772,538.2620371428934,8064.079784384021,1312.3557267425783,1505.6732255196937,8124.1873310078345,170.81638843529092,673.7343454194022,316.94439831386404,47.243404375471364,50.664220898361975,75.51596479798604,342.97219341108325,268.0926778082627,51.648569914941085,1544.3850555588247,445.6910167010855,375.4584619069754,1149.135152145029,365.72516158648926,156.3692823602446,229.16716690158142,437.71239529696123,57.53101014482496,538.7572686311491,333.31870664372065,1071.9857926641014,376.9536091123006,4357.165846180465,7259.27979052535,94.76481284822023,538.8767121023919,163.1980927958358,44.07642287089109,270.9897091586376,43.68977194906149,1679.9415471046136,59.11569527553128,64.11851793957604,68.01638471426796,6153.8497236455105,8823.053025006666,225.33519424815287,620.0354874864701,53.41777382138131,556.9048313634536,36.40163491784615,263.6170277226441,102.69436609357858,103.08367344317298,878.3289977499492,1351.9687096334812,None
316.45478384205467,51.27361144148146,8788.616131523453,7141.911766299588,9033.628115654847,8743.897899248239,1639.336139036787,1800.8634537782914,781.3080082578458,1522.881560305216,1753.9189011133135,154.20469691007793,7001.820883428149,2618.658863886736,820.0001547686483,372.93532773052283,52.55588087514821,4216.978135333818,889.200922393648,2543.187140337744,2040.0614219612207,414.35409830590964,78.06832946174859,1951.1633906737304,356.05546810298654,1712.2694127559805,5271.374124356539,2681.451671802943,2236.5998163099866,4225.246848988139,4968.369713626303,10259.235026607968,448.2543134084214,1149.1144800499699,253.23581445928104,3467.0257256770587,188.0174446491459,2356.147918785558,7744.839731221836,4184.995418966723,4153.909701419136,1534.929803104471,2527.355689746757,2421.3491970193368,2378.841350960317,7308.138026606412,5914.45739340579,3865.5840674751103,4103.503706294083,2330.091992091273,5162.382296845411,3120.263568646771,1035.2340191923995,53.23556098085313,1522.5253552029485,2035.172136283343,147.47661573704656,324.49451930473987,1734.637174607819,2161.160868846425,163.3703567089112,1411.8329595077523,2244.3711700600966,2986.678427682126,3208.900618223957,7393.554578381612,2721.9797974869143,8451.183045675987,2453.3081662889763,4106.612456133736,1393.0427770220765,46.89430725599242,2517.368962680693,3056.0458374545783,419.82430894418496,337.8383349248378,45.603117194928416,35.75193098997942,2938.456697267937,2548.481814811326,820.4467205974756,206.65656912123924,3146.841430632296,7060.218066145201,36.2983705531524,2163.129186359506,215.4048683992871,9131.913690093586,178.00875710726112,1153.855619582887,33.37462375326223,385.92520556762116,1186.2571956338302,4161.801049451988,59.772375775096165,1044.0586304442315,4091.952695195077,436.90082132922515,35.6757709265786,517.9601442822608,8488.599988206925,1308.3680030028067,1379.215055666802,8101.573953855459,166.2264720822927,589.1585171294995,283.31099457863996,46.2392341220556,49.540226177946046,64.28601772361083,309.1402730476113,251.50947818062335,49.65604523190815,1409.965532951511,389.68812849834006,315.96324633532754,1124.9254918774193,337.53143796943766,159.701485228122,220.208233939481,344.3301719063705,54.930860209022406,483.8370493859973,293.51036982514995,1045.2796261116969,339.53033744151764,3952.438754809577,7215.948793787144,95.67380174514656,490.02498779423394,149.9166737178236,43.06923561802188,244.71201168312584,42.81594661686553,1297.1314966770692,55.863472952489865,61.19277396608011,65.67615947264159,5696.246015987656,8229.840433403542,204.58358099222588,556.4878190587042,62.502637461186744,549.2278012871334,36.21674430578671,229.13721847751245,95.23900778116293,92.66679946910743,759.7810529184029,1262.8259577248468,None
288.7475800746108,49.58529278322012,8450.119653213746,7736.511950129324,9425.176974894044,9083.21652001844,1702.6227062479309,1770.3874039167456,629.5141931440893,1475.3889768647152,1728.778416906474,147.03496433441128,6891.883122365077,2783.590181637905,764.0555863026925,372.11284745504685,52.06076823349598,4272.660935208937,860.8939697827417,2280.61621894099,1595.9132994714514,347.48380112501485,73.30886124234246,1942.332161075321,330.03732771173895,1639.4053921777206,4896.710023041018,2333.991990397746,2091.646734849648,3262.0283199586797,4947.920235540182,9813.13593148662,373.329755790784,1127.548272654584,230.4870292148213,3280.363953125156,159.20881956625811,2127.918433800696,8153.643832710094,4447.204335532499,3611.785948482475,1320.9511672880108,2408.650131447136,2265.1356942855305,2304.0790487611303,5898.059128929201,5810.72630325956,3859.8464444997694,3671.2768962203386,2138.342865748184,5076.150656718299,2980.4647308339604,1015.6509948183972,50.95906539357009,1314.4719934488096,1706.3133958951125,138.24616514829404,305.0502099107119,1690.8968325554486,2017.5257111885169,155.4180143749823,1366.2886735514267,2050.325140586727,2766.970507864967,2963.8000356429775,7177.490875375841,2339.379222969338,6977.680926360587,2413.8256964640314,3882.7281649946053,1259.715165899382,45.380743479300136,2201.131909434573,2627.4312102626222,420.86364979394995,307.67503150624754,44.65505784271029,34.81001612264039,2839.454730625156,2317.2965450245283,750.4410202871665,165.19663045163028,3037.227160370529,7174.601973657698,36.20901990549053,2137.365373535451,213.6448069098196,8008.7477276153395,165.5046002371714,1104.4508147213612,33.343631898190544,353.01965967366755,1257.4018080217727,3957.287897603268,57.33166770511652,955.4975263347516,3841.072763398055,415.9552920562857,35.52887047270994,491.8279918164801,8377.987221832642,1291.6262083430738,1300.6301317703699,7131.05781758558,170.82774091173073,555.231130016821,258.83082016507666,45.306655104618436,48.49600358137578,60.7311354583729,278.17627155357343,231.4829405704423,47.91146342983324,1297.1311965901734,346.2046453887989,287.90136553301284,1070.4557117694085,309.38532903173285,152.1203204471299,214.8509004177957,313.01439294005434,52.88652974820923,419.0039773550806,264.54076693448866,1038.9925470882954,310.63884943842913,3430.6463803507418,7100.493368173584,66.70245306655426,405.6597261170788,149.6746817599259,42.230288688709294,357.4928326302255,42.03660405121013,1125.8304384116311,53.1498121460213,58.7453882259814,68.8552685669694,5514.501986564419,7521.820919487595,182.7274207507469,446.3976525526955,59.01686189730098,514.0008774770614,36.047528101473645,189.03883591433032,89.56947984359783,90.16874092977186,716.1784800609192,1204.812257181823,None
260.1787067675592,48.09668877095435,7941.862332739661,8142.5307811896255,10001.056584614957,9189.226064671748,1698.4245608264332,1768.0505410452142,535.008154398971,1419.3884229480652,1756.7579377296515,126.3865106472916,6970.1015259401,2735.224216789324,655.7203810425468,330.75324211904666,50.555040691783425,4385.358996776891,891.1377909800868,2534.734373320209,1474.9576642711652,322.92409893005845,68.79652120237472,1827.972651639745,303.73051559177776,1551.1101147315067,4529.419385775756,2037.9255412506784,1869.6414609121005,2356.891669125044,4958.390442029469,9317.083625126555,301.31132134951383,1060.5755876672513,209.34785804718453,3401.7695268019124,122.30373282920608,1881.7490355897905,8675.601165219181,4506.5786755417275,3495.237604276041,1276.6357477394567,2179.2151315729393,1920.8808300198637,2439.0521076877208,4379.467716982445,5870.861007072072,3921.6741282551598,3535.9179549872115,1921.777924414758,4620.766626984138,2650.3854487041767,945.4555974556703,48.957268434490395,1040.1910856333056,1453.2621451316927,93.68730081186443,280.80438889873056,1572.9732414402108,1836.751896770833,148.86465400734298,1300.6555863008075,2012.2960681439545,2226.2834338008224,2699.335824127619,6494.863887386386,2112.257237634693,5040.7894109512235,2181.9004632844953,3845.3937731302253,1149.3948104827798,44.11049012471799,2099.882469075425,2159.2217597009467,407.9195165861953,317.7315483990389,55.19288590307866,34.6969649762416,2665.398121568828,2117.488266750128,684.4092241212778,130.81176531916321,3713.8076229997987,7083.216403103482,36.119344097029796,2009.5863321040838,222.4327991486459,7152.292917044982,165.36758779994517,998.4307156819133,33.315225277256395,320.8376880721268,1337.1922967581932,3837.945027277749,55.314142063557135,931.9115577447186,3617.8338134876753,399.2947063292185,35.3919989085746,466.3100490053525,7978.785993931065,1125.598022177853,1214.1192120464802,6097.03553178878,145.24112389067503,520.3738434605384,245.17324544735584,45.312472353412524,47.56304850445292,60.44818096304266,253.4678790390886,222.99030460947117,47.86140557491817,1246.4738239284925,307.82108026296686,272.9749105063699,931.8861838213844,278.030468757732,126.98685075870442,224.64269936506741,308.86929004662534,51.16625878561699,374.9368549181568,245.74356068568562,916.1137689846845,279.6114151688277,3100.1590010012733,7498.972532778875,62.302500922281354,325.3166261024684,160.97621294556572,41.55750336619985,250.8730291167683,41.31568894930391,885.0325383647637,50.87517212481775,56.643490428027704,64.90504572150346,5560.636634354375,7238.84537806876,172.81101559011842,367.0574340926959,49.284372984175214,421.0719173968509,35.87948409037856,176.34719294473496,86.10973612903605,88.30472088060917,654.8783854179114,1113.7590570476348,None
243.4303424117857,46.89562969612603,7624.081326908515,8181.924596549228,10250.590783019932,9005.130862820544,1634.9556931373809,1821.7411055379075,451.5340432331614,1347.0566532694686,1800.55976627837,118.34978322443465,6818.448870068842,2619.3797393171403,587.9605295256898,306.7361350113452,48.502045143820254,4073.520530993538,894.042924280485,2446.991783372815,1432.3026875911316,303.2493114967288,64.81141877747444,1604.2441745060141,276.5272468531448,1410.6503329038958,4372.6909442019505,1915.6040071104064,1655.3611266049127,2248.1425215253266,4858.111716804629,9133.420791890232,275.8804486120389,986.2365244517163,189.2171623947096,3229.412317633103,109.10356578863556,1580.8437800675918,9037.365000644806,4492.90875666328,3441.2702581375956,1320.2805753965679,2011.2897237014324,1608.1091423777273,2475.517471993479,3446.089648934533,5490.079243116814,4002.934464440939,3515.0838261558447,1818.134136054637,4014.092777641426,2851.0317614162877,868.8944617934834,47.13226523695013,914.6166758688504,1237.357859486427,100.92949438326387,257.31196868380226,1442.81438484587,1578.9946652517133,148.2226809665112,1087.0316288613324,1891.0980437242167,1921.1224641415374,2454.964395763083,5527.891568348348,1969.6745468274876,5366.805951450667,1896.9820890618325,3730.651865566517,1088.5561329446286,43.01138097965749,1906.1703082702365,1773.6603603164813,354.7662677195928,298.85531758915164,46.61116256137946,34.62896573325399,2305.3744769758136,1833.1608118590386,605.4430682664556,120.78321579254757,4049.815133690842,6547.971730399342,36.03469804484692,1825.0029940102595,191.20803998496837,7068.584352154252,163.73571811322643,870.404826302007,33.28883034028607,288.24839674373965,1387.4896935204865,3456.861410284036,53.54000674042189,887.1106135900128,3278.1846937143346,362.41487972128607,35.26286264254001,412.0408000576349,7515.298466164483,967.0231948674989,1175.0590019007354,5819.539787770321,97.79148863885098,504.54740954211786,234.6488138001648,43.98356450286559,46.76526585669639,56.79682375304342,210.67917792191517,208.76298862064087,47.99202533556442,1142.5523791644666,282.82535531161466,257.8748328850918,791.9591481471315,241.7116824570189,99.97932730772831,217.19357923139725,292.80987000065693,49.669490936267174,382.76084666635245,510.43031605180465,753.7044017898903,247.92044199624826,2717.2250267779764,7798.547333692384,69.8888409159038,289.81826666614086,156.31915492013823,41.04540114001678,184.7150878302936,40.69456732736485,739.2049570819424,48.86945955799462,54.761572201667384,57.8699743703792,5622.623920088688,6673.75255076297,150.4780440960684,281.850806390051,50.867951612319466,351.78949413241884,39.56684512471961,177.1759369021124,81.60236686390456,85.5671985088689,584.9889822975528,983.3384943174353,None
225.4547368270031,45.89435990994235,7183.926078222996,6619.347876388462,10274.718047665074,8874.132542717509,1415.201035084694,1762.6162439144346,379.60855282912314,1393.5182413312564,1757.8268316799704,114.82663704035149,5813.758056866962,2360.693526832029,544.4608629743318,275.35860126153773,47.30140931966743,3537.517503013913,873.9523631232436,2480.8177283387245,1468.442724941123,271.2643632963436,61.235067009258344,1476.2834577526355,250.84793165005436,1224.9872982059906,4496.2550151727655,1860.3916745758593,1515.875361638026,2260.121244767241,4564.8534305582625,9083.914180862137,259.59828556622136,954.4131988273288,173.25710776509658,2795.4460837828747,103.17542109537555,1462.8229634056129,9121.495690358697,4090.5932253619208,3265.051811468469,1334.9517625773444,1922.8388003723767,1448.7952348754466,2350.737987530597,3658.438166718885,4707.490671006814,3877.0757225245093,3300.248282271656,2083.881004680665,3539.0975701205907,2820.9292402924825,853.5119369032767,45.4530620799674,816.7277533115608,1182.2584147130353,90.3695173908133,250.42433907222363,1273.4918542176647,1552.7953538374006,155.5931533904203,902.8435420689117,1850.2509943418434,1805.3107064812036,2136.024331819236,4961.8723282649735,1824.5914329992893,5865.667408921501,1886.9719760166095,3660.593884171887,1041.5211823366678,42.055390827125684,1643.0228208701712,1652.3886433400075,306.4508232094443,253.91730886057462,42.526467247463735,34.564960360025445,1875.0890532837725,1632.8025772331002,521.0482735547016,113.43822953714745,3892.526909408675,5997.973884949292,35.94989434532469,1598.476282295475,99.03593500968887,7081.463445881667,138.53092898744714,803.4938340025066,33.26437277394499,247.4690984801408,1375.990933264011,3257.434179210214,51.86141592178171,793.9860121276033,2944.351640899894,317.3124358947706,38.47845085458496,357.4909405191401,7089.936746469883,910.8985940876022,1194.415753574366,5983.732311038666,90.85747096574478,467.4459236630237,231.63428963944682,42.89997297158098,46.09830524601738,54.24132819579876,157.14977754105016,198.40329655805002,45.56903822832373,972.1517380850894,286.3599749440154,252.8404992275325,638.8595277347981,215.98320533109487,98.36884974325814,160.99322953428538,274.1235477927911,48.41545955802509,396.7361725157722,399.1420301398162,640.9007618504513,208.56099546251716,2196.3349714429387,7446.2679355454,79.83174140445844,270.4423294039994,129.03140906708106,40.63772754208849,171.38341705755067,40.15065335399503,674.4807705728432,47.08835219318021,53.036192242916094,55.79671020632321,5444.019294608289,6200.709865631221,111.2161641618598,254.8167953707267,47.73490668648019,327.3864459513772,38.420938497845185,169.15109188123066,71.64539105482675,80.71659576512229,549.3148131567057,798.4499012982429,None
187.0576149347648,44.904305916612465,6880.763351921444,5154.998306741721,10235.696371128151,8023.791873082192,1163.9046277825141,1761.3069074859302,370.17975057423837,1421.4925465038962,1542.3396662140408,113.1618525576778,4353.782578748244,2057.2807545598403,492.6979240519928,272.64210302174104,46.276042287222936,3133.7794718898263,889.3809103313266,2781.220034484054,1514.7874288479104,248.73096407177437,58.049050667832816,1379.7479967702225,244.25268296977714,1006.3053066464923,4401.871842704473,1780.5339250654433,1371.4490475466935,2634.922009028669,4200.759613261249,9190.916528010566,240.88111199262275,915.787637583547,161.44140196181553,2499.652186938005,98.11920651695507,1284.9088661654464,9039.771616624996,3719.6033145164624,3266.9598704402447,1164.5547461785186,1840.985695804804,1369.589132640683,2095.7028841406013,3837.016668174089,3748.807548289623,4207.441326581877,3046.468727951612,1864.6799283876755,2994.837594597453,2844.5212364064173,811.3682018121164,44.002407361202096,738.8879974753631,1177.1660070996354,81.95058148374464,243.2784342636441,1102.717854156827,1515.2904055664608,158.30456321833557,840.8971071549645,1763.4805515301725,1691.7444612389793,1821.3116730615925,4548.861139898103,1658.1143373456587,5968.055209754774,1759.3055020098377,3502.8689696857264,985.4925509800594,41.234217923492864,1363.6745972596864,1536.1019430356025,292.1365853423845,217.03692621704624,41.59530678230925,34.5063580874113,1668.7714895964475,1564.3601225485895,480.28281327469523,106.09887314924367,3541.5788670536517,5620.541035671861,35.858709458475204,1360.0111448003402,91.60124859334549,6973.973603256864,108.80902978525155,750.588220733728,33.24133081177144,204.53859042434544,1278.3108524073573,3080.5609438773913,50.29956468441015,680.4008326430543,2677.7812909774852,296.72885578878106,38.756270741471205,319.72006820133566,7252.841471466695,846.7847671897484,1176.5723671289375,5632.417511483465,88.42967302494137,393.0992992477677,233.13175032399639,42.27188997520661,55.92989811724985,52.267412311401465,137.2902421851573,184.9171317157881,44.234906611219074,881.8366918514461,268.7774352816222,266.5955438624622,549.2023514244165,214.46161215290874,93.59435884298037,111.1678071310821,257.1542670277841,47.36644524815721,407.0508860498657,207.62337518441902,617.4050692474407,159.25167331914238,1974.0987012664943,6860.2448367059715,89.50260900771431,252.3407779015841,99.81091950369066,40.26201954851561,161.12309227044554,39.59925143834058,610.3292655097488,45.51484151583526,51.53167678032033,155.62502764011296,5037.777430940835,5958.562437251433,100.97722426212513,257.1818331423684,45.149314268689096,305.7530468920392,41.46456752042689,172.16793934143462,66.29617579633195,75.02969440545176,518.7353959866912,668.845043172445,None
167.7788508509105,43.89844744756853,6695.989650296415,6071.83407996529,10336.262473111745,6920.411769489934,1100.6839843609596,1832.482461324712,384.26586133298866,1387.9062605042955,1198.8011847360335,111.59300689413341,4213.064153450794,1678.757423080537,451.42284804800346,257.2561317969941,45.33734090292627,2771.8741742616658,878.6732837900211,2925.6894904233272,1470.0296513630726,238.01199597076402,55.32484720750496,1281.1202891525932,211.9974795873374,842.1215342409195,3972.619087839402,1657.6797723262464,1241.9432261399306,3218.597757729174,3807.70043386502,9100.880760805188,222.57705865788955,824.4988234077289,152.19421195321752,2214.6852431068473,92.17720103547519,1150.6799621036216,8874.030225420773,3558.046305430396,3242.160486049605,893.6429654187448,1729.8910461804546,1322.1254043275712,1834.8813822073853,4014.5636574123887,3672.2444528187593,4524.805641647751,2867.4067552139,1397.1225007604448,2333.425017578088,2759.0331449967653,745.8021283618308,42.77746771791246,690.3699815855776,1166.0365002375245,76.20332618408769,222.84638320361626,962.6589476588673,1413.0204338031422,152.46859261989945,785.4064717660988,1434.617463879259,1533.5743885803158,1608.1660578086228,4031.5460245353365,1512.8771312207516,5536.826007354222,1603.417726484672,3126.133568325731,894.2890950025958,40.53940588324266,1176.6242550817774,1438.2454146884982,266.85505462071217,208.13876761172799,40.95158359125211,34.45438600700829,1497.2886894038697,1449.616034019707,437.40247225791217,97.7947507540308,3516.180831218637,5176.439939353225,35.762363119221476,1233.5966532007747,87.87561975148122,6984.223720875581,102.32352380342444,671.8536404119259,33.21974195475413,197.4451328388558,1161.2507638170632,2917.0068221825645,48.89027660624185,605.5747557488421,2461.916819406585,277.18688289559657,35.236063335111204,291.165365348947,6653.8227684015255,818.9898438058797,1065.0264417243434,5198.422296250949,85.42651938517628,327.7164879740294,192.52680276325438,41.760009958266025,62.12433352426821,64.89078562702854,136.59558032166376,172.41463301392426,43.54220889608847,825.3881928359062,249.38688203512626,242.0401094806149,524.8679526214859,219.61315573544599,88.7830743753058,101.81464428948392,239.8522436618144,46.43379055450388,358.9213112904553,170.32638680280502,564.4917963450416,136.93779664571545,1940.7139278959924,5831.616814538418,73.28908117908955,402.7586190646535,90.76119418599933,46.3047932684475,151.03831263975903,39.09934852223295,554.1052211263311,51.69625490893901,50.19526676103751,90.73469018322538,4552.5869594002115,5583.439781696475,96.79819739682054,272.8515169237921,54.327245498131894,278.1106463782503,40.861975787863095,171.59479956062756,65.47539943437502,97.70424699240452,474.69369804256434,610.0338496238531,None
160.4920116251397,42.96056182572745,6790.089806801839,6874.23174893284,10365.847441969876,7057.807714161562,1116.1366470485086,1786.5498064475462,393.08254501152237,1347.1036724216465,1022.6102550969389,110.9534046637818,4536.367815251007,1270.2901543004482,433.64219995867273,235.6758527693165,44.45111370582837,2455.765182610319,778.2818405308043,2719.10994843398,1311.9587446337446,230.13916621658956,53.03770154606143,1087.5770922609922,188.41015431710858,730.8542479163373,3728.8961864146754,1542.3577033819104,1150.5010357507267,3471.3568823013234,3560.2624867953546,8556.830540409848,201.90044141618745,707.4258349736044,145.28418694009557,1892.22218795148,84.98074653685048,1058.7530138249656,8547.391831433953,2868.2656830609417,3018.5745550187794,881.0260520099768,1601.7263586799093,1352.8187100300986,1738.1017581721992,4185.943255048886,3468.816593252829,3483.3560094498853,2817.878766090052,1290.3105877189248,1742.5793647758194,2357.35775310743,713.2633884773212,41.81062125756166,619.584454211481,1171.841233641837,70.86857599870314,206.24359827299045,930.8988925864016,1360.1372234660328,123.93587203247921,713.7851756527826,1277.4139062518775,1504.6532603550709,1475.6570014822926,3565.2463196416193,1376.9999484900018,5627.403718904438,1484.4009629597585,2786.435319689781,805.2533870204663,39.937255485492734,1087.3626540863568,1360.1821627399645,275.17451306416336,198.7040250379758,40.40203522735222,34.39595599007604,1396.4101821435836,1414.2944690757402,408.16044330086936,89.86478848467561,3492.1225880908205,4579.838429374052,35.66594800643178,1192.913360536485,82.47924685177756,6677.66986413544,97.78811961174864,608.3427743350842,33.199954918758195,196.58709150475053,1020.9467862253833,2642.0036773704833,47.63001903216669,552.4875167105498,2403.405195679895,261.66676396574087,34.87376935624849,267.40161754437395,5903.70672316257,835.4363963001304,870.1737268956546,4984.3961903896225,80.5115500416349,304.8728021306663,134.36461694521248,41.31559354025555,67.56233324250839,64.95805101058576,131.3431772301345,170.27750393394774,42.863650654116746,719.7599010231786,239.4245994838612,216.08569179776168,491.4401204651784,186.1828739958332,83.42201189383314,97.60376235285091,221.9401773744923,45.56761654661225,304.5395950485683,131.646321889733,483.3077376153231,127.26635445364168,1912.0201153393646,5192.978739088767,54.8330865076108,285.44662430578916,87.64022356555417,43.281337051101026,143.81518585310195,38.67227482299398,534.1166183039184,53.9984378216389,48.92363344991799,52.69395464713131,3907.44343406724,5292.072601358614,93.69803829937841,276.2667637222799,51.171059949574044,255.79878420243824,35.409033958109866,169.80963369069514,64.73834831360351,94.01042053658807,401.0779282339715,566.2553184437627,None
153.93963444585157,42.126066747308776,6441.2451865665025,7104.589890324077,10487.26626706571,7022.483736927851,1075.1806402875006,1593.071186183562,348.4721329262329,1265.3213728543594,1014.9464871296924,117.42253442641304,4776.428269787073,1178.2135152269827,435.79225058549736,226.20075684823277,43.6350186726896,2343.7393868901213,642.4917796070332,2598.9209650456123,1249.098547413784,214.4668853695085,50.957049896023456,1008.2506972909982,174.081883799718,636.001221191177,3470.8748286968903,1431.9690089324831,1055.5270525724973,3349.146196108597,3209.3574318739143,7808.229362318771,184.3695599388149,587.4305200615381,141.97165393050818,1594.335380970204,82.44236977970942,1044.6011169266583,7962.822601139327,2378.5260936594823,2858.0968501231787,845.411473987891,1526.7315043223666,1375.116754507469,1594.068873102559,3759.270270177157,3742.488799018927,2355.193894645035,2844.099094346005,1296.28881693782,1617.1605657563973,1872.3550208270608,756.5209094388373,41.09012535194899,558.2524955170651,1122.8790650304998,66.40029597603747,205.13064858030316,939.1395846523936,1229.4018822062026,92.97946754733731,637.3751625875152,1179.1647736605091,1502.7327562884104,1321.4854783286569,3301.6873496503804,1283.8792178911838,5551.439490860959,1336.960785918717,2670.262094063118,781.166804698571,39.379328564755156,983.3070952864343,1272.4167696959748,275.4800889652275,177.47209491333348,39.847606429323115,34.32192709507021,1243.223049319025,1322.7582793143424,370.0238918040121,83.31079921287919,3364.087736566339,4399.706727329716,35.56553822745509,1157.561942868787,88.79662839110773,6193.407902197505,92.69144593916396,537.9850730925438,33.18167560308379,194.50365904151462,870.6161098614168,2434.560084257055,46.48757565349729,505.18472701400134,2440.647016052469,261.2141407440423,42.963556866820014,246.4680885613976,5692.0279481133675,825.6133567092502,786.5683867638396,4805.848514611172,74.70160366770409,298.10732025090374,121.16378892152945,40.8935052628059,59.14522956249128,86.86136563906494,137.9179153365343,145.41187222175984,42.13419582222471,600.6763784638696,232.7593706862721,222.79710477543307,449.840080198851,158.4427627125775,118.17027830423086,93.70392293997166,205.4252056934364,44.76978918445986,289.50070717834814,135.7747124513184,432.4545125326889,119.69546900039795,1839.2245587799675,4833.6253637314,59.10417648820601,179.40438062557155,84.94385202801821,46.96475056681774,140.43367480848107,38.31350942515187,537.7003249137543,50.7414283541002,47.69051378798229,67.1450265966943,3974.603945960197,4977.347190619436,89.66167176028542,259.60718808558534,43.02191590835099,232.76174197866496,34.98068804748871,164.4569663849268,57.662101790652706,80.00392889138844,334.2520848550342,519.0252742416367,None
147.939543529681,41.39483107690006,5654.956470129659,7234.350886395107,10772.218805443616,6902.009766901588,943.0789793166548,1192.052043554712,276.5010698778838,1065.2164585952646,1000.2689943449363,129.5025746132415,4773.00543427731,1178.3908359817904,407.3174523665972,213.90770898776145,42.89522357864117,2116.6302526337713,562.9377917812394,2652.2719001759037,1162.7337492491185,205.03916445850086,48.997878046359645,978.8253139693053,161.2238633542968,583.5441153788652,2920.609327905851,1349.2344290578965,984.9454471797427,3062.168244684292,2762.0887307850603,7247.325553367799,171.48229674403694,476.9722381223877,143.67514920958916,1360.6035834469114,95.67946523620537,932.2241028311553,7418.184739328771,2332.788060460129,2659.257275214979,744.4974493131588,1452.7132418857566,1346.124725342621,1366.6166205850782,3209.2558689771317,3934.792361420224,2011.7728025679767,2692.722877314014,1257.6673073704824,1742.8976281134442,1727.1172751942431,872.6361102953526,46.113625636807605,512.9250999681933,1063.1991462319102,62.62680878579086,183.22899328103816,865.2330160287117,1125.4590947452114,88.76991692347252,563.0661864753522,1117.3514712794088,1365.9093195926073,1123.6811394571578,3250.175516041121,1240.9905902909566,5623.699901284951,1242.8930525324488,2589.995937090534,830.3700632646824,38.90837724088564,920.4427741075464,1166.8419865093422,236.0863241615423,166.07826059085605,39.40329334159075,34.253070968090356,1098.8420720579957,1163.7720130600544,313.47482280587195,77.75049259124408,3177.922538364497,4410.132457430644,35.457996417059405,1108.9350554897674,118.92804729710359,6020.853225807479,86.51633537872696,451.3766913054768,49.38512563932042,194.14983112760686,752.1071470412877,2336.046725805491,45.46075259303376,517.0223744264956,2568.96877353131,254.71117530719886,40.266676051810016,233.58499953342343,5395.656947487074,756.0275669637219,716.4261178948724,4674.723164953292,69.32726369522621,278.7329537497399,113.09445658254684,40.47816171092703,45.2011228123701,95.42251148947628,114.0526663226197,107.62949602498405,41.388141802619465,565.1281992183308,218.1625957404381,263.6215796370393,419.6225588564808,146.28970465711262,117.09258176118514,88.51883635654045,177.65352698547912,44.023895580137996,274.2284253684224,129.38386283521837,445.3165268560476,112.38187978674236,1681.1199108027313,4379.214797749386,61.41188408548112,165.5438732360603,80.53062060501034,42.636939350821365,143.94126481779122,38.171208018291225,536.5986386066986,53.15818329642809,58.36831600443018,64.63371513081921,4078.5708804897095,4551.655265784483,83.88276934650533,237.40202407601024,42.4156545385191,219.92090310529662,34.854537878550914,152.1686155327096,58.807411182578115,76.47223373407655,301.82588163984764,498.4750997787059,None
142.49292240988171,40.768720016920845,5322.0996929124185,7177.971416453501,11283.8276542987,6586.80160209145,849.1378606368909,1015.7330185866156,285.29267482475063,927.2575399371144,952.4538985567953,133.89703185161508,4656.9117773557955,1118.4436931082255,349.70469111148964,201.7363698366707,42.236899346633905,1775.7275990033536,501.4546369575183,2534.709245430745,1068.4565978163519,191.77360251275917,47.24362882787003,945.4743571178143,152.0975476362799,544.8797323434613,2425.2355220427025,1199.3746158070433,990.0033807441652,2684.609171869692,2791.5797104649782,7098.237804526375,170.21447092425242,401.44664009480186,147.61312908340904,1229.712171338502,97.1356788560462,741.4982800382692,7086.563304776469,2388.3672179387045,2643.3971158908826,687.8360032232847,1397.1254042850771,1400.0285427164395,1147.9037860284402,3520.927853613841,3674.495971660545,1723.60035612388,2487.002165576802,1143.4935946851115,1980.0482073032558,1709.71403352259,916.1631270828847,45.14744116430049,435.4488701790319,1067.4852158251138,59.290805605755594,155.98081026559476,814.5877719684657,1118.72253199976,86.62802094478339,490.15287237475485,1099.557253633782,1241.1263762685876,1047.0895862223426,3255.9925934069647,1247.53051038576,6028.037120011355,1195.5966917476642,2427.654827669151,887.0159819886139,38.578060542811976,897.2401333639252,1049.4698748723815,219.5717187624754,160.4443879814411,39.057186049394936,34.184065345038036,1074.5442681325574,974.9534268797394,298.8277873937398,72.83045733101639,3031.554630691748,3978.9901889886714,35.3472306895223,1021.2275695554463,99.24364016607801,5872.050402405695,81.77893677005676,356.22393477701655,50.095185005463314,166.26789125836362,697.1416854862167,2274.832124093201,44.55901943196567,526.1312301912374,2770.316297901887,273.56210584606004,41.36395860743856,225.34920383268985,5182.8484634802035,618.2021196893513,676.1904659986557,4300.5000473998525,64.69870014975412,262.09674525134403,105.54162888699751,40.07644222772853,44.038016945119026,58.783892732947905,95.98095207243077,98.15074732621427,40.70628013027945,523.0096462367071,206.18720827865462,265.44073827039085,409.26760147295465,134.41956288554306,105.13926179254238,82.40117629758024,132.39147556841948,43.27608692771802,248.335661044502,110.76162039965212,446.37161294949095,103.93487071578444,1536.8659021301098,4479.454505751643,60.71620358807539,165.6486211731176,75.10579818505533,40.33577409577117,152.19535850743466,37.90988890976286,504.64779850701854,179.35732797956643,58.357378606096134,49.538405562457704,3883.792819935588,4220.177635683412,77.87779743367881,207.76182827797385,41.61671837833474,211.15205946027282,34.74205111691641,147.70516946540326,56.33088146830204,58.88516022126258,285.82185270708135,494.3133684784003,None
138.47666084599965,40.24222688466315,5155.209731524646,6894.0170933147,11414.686048076312,6017.374182215916,782.6588606883238,983.5286074465655,275.0146338945758,860.4490718622078,902.8967614257007,122.99131848031166,4574.3844293519705,1036.1758830396261,338.7057732807115,198.20639876314598,41.690531238242734,1775.805985335958,459.9953432489448,2426.118636523127,981.7394758672084,178.62212999345994,45.69559784856428,910.3116238730063,150.00815663592925,536.2363868174722,2050.484853266468,940.833533494637,854.3654657743692,2053.5664404962254,2902.1343845353717,7236.4694506871665,182.3715548387226,348.8770898702032,151.85993721953164,1169.2630231163662,79.19076652004462,638.5734050909134,6673.60907074718,2268.0530457054,2872.5148280503527,656.1804939563332,1268.4348478258305,1705.082250982352,997.7012880442436,3546.6140744400163,3728.859669794358,1646.7085801470935,2318.7011768476964,1046.1441026930797,2533.5340087812438,1582.8446343350186,890.1013435665428,42.48226328976343,421.76221810726224,1037.0475447695871,56.25391194738953,164.90377871767663,751.5894105959698,1040.6378459019397,84.28415288893065,396.68571769188316,1001.2640131151312,1123.8939346008276,1030.181051033047,3367.35237898885,1204.252694218889,6190.327619062102,1173.1849651381444,2154.74078341224,912.4427151373224,38.343045502065024,945.8206404426988,915.4117047800819,209.74796389281684,159.38241191459386,38.746675778297636,34.118621390795056,1071.5005567597416,815.9368407144655,292.1646619943414,68.19367102049343,3062.362464612172,3690.9643130984086,35.23949486983319,884.9580458283217,129.56584881530938,5287.868118512298,77.02773447680117,334.676991510571,37.54735657290778,118.06730803113884,651.7185645785737,2193.9385223653467,43.9054249875794,483.00618719598435,2718.045240674805,255.14937148265076,43.380515862464094,207.44346813164603,5102.642114910215,494.928001898024,643.2481498383222,3929.7369958722206,60.833464800760744,235.22512585266827,97.13930796752967,43.59910036029744,45.88829193778936,53.462438913171795,87.66357984409971,94.55471613776815,40.1287127481741,472.4007479031235,199.01470969227418,209.7126398979728,381.677552586153,124.79929554048904,100.34188946944698,101.09589023752925,108.90504817525331,42.49127316985898,218.29151729907502,102.731320509997,420.881360962583,95.45919663745302,1465.7675485091236,4702.6317125152755,62.59202064510061,155.79685974921063,70.09559610921458,42.505009525589315,159.79790843104558,37.55404572928367,450.29292397592695,109.27675877153456,47.30151965047314,46.53732394566558,3756.183343448819,4119.467635942072,72.57001973345591,202.14726633094804,41.015025653082695,200.92505117576388,41.21594812038239,142.0183206689344,56.125535994803144,58.81488744615551,268.14449469427376,467.1537104033129,None
138.4349693046578,39.82158402001291,4666.815107989895,6704.921392631195,10589.572965490324,5408.975930247456,719.9855250249051,943.5863879410292,252.67876567084758,750.3445448244272,882.7827214873528,109.83296143514131,4551.434280929853,918.5426972156437,320.0223596610178,206.79399033942173,41.30380755248152,1703.2448956091407,439.11598497966753,2333.168186400674,905.0241933210181,169.8018637080525,44.34966530545149,843.2904601142753,212.47637793409493,521.155088575009,1913.1379580634368,801.1430372710527,661.7864857526099,1596.9716040384878,2730.8703740813003,6885.300153202162,185.78946054417798,315.5731269086516,149.46778613627467,1103.823296305162,62.61288672749976,631.2396547880312,6075.899275362616,2089.681008573812,2441.631835971124,636.749578218005,1085.8528389828502,2167.2061283230623,1040.7012331431545,3098.0053882994407,3987.5044298547664,1679.0006571127649,2032.4782593855841,911.0542593986582,3045.139665101513,1519.1376577408137,732.3095452877908,62.6448568349833,387.7988317630797,938.2248378001673,53.521490778460375,178.30717053151952,700.7440330941561,828.7048350266825,80.34540689390033,339.29025204662713,854.913297480247,1004.5053786581875,1078.904641754205,3390.584867835183,1061.5205372769606,5977.582453248741,1169.4528866212072,1862.6555093007746,837.1571237093802,38.1294927249945,1066.7191286783316,778.7478274025427,201.05180883953517,144.48616692661267,38.46311341636115,34.062410384421824,1036.1532300781103,767.5226920679784,273.2334474978276,63.722955943607566,2968.5500733175627,3485.473121690234,35.13965679037606,785.2670389571782,133.89393180335222,4544.542346574015,70.7621781228567,340.65095899761826,34.008930332814195,108.62566033909832,591.2575821659583,1954.2980112014652,43.23101841432212,481.0418079434979,2513.3358267409185,215.53211994423737,41.88890915991171,183.63780215293946,5119.837865748612,478.4559362082997,588.5595456802052,3743.548885492761,57.593523879252146,221.655796514106,88.84221885114216,41.25561067162877,46.75378882685361,44.50851655415768,89.39251495060945,90.9716809371843,39.61775579899729,394.80222916325516,190.59639744633984,184.88591281884172,314.3465180630504,110.13826237067278,76.13165473775877,103.78213639004449,103.26585677681814,46.79450961154947,223.6942762993636,94.54545283990257,406.9564527759706,88.03686023017465,1429.2520894922152,4632.003895520389,73.56052747069695,181.86034994223687,66.91487638078793,42.63761054807318,160.55087986670534,37.44928845188394,394.2620618554544,43.233319904425706,46.458322809167434,45.333929791094114,3445.369930537328,4022.71331962364,68.12843241457193,200.3980997613094,40.642071439553774,187.18944755875737,44.88052817226287,107.40849688889814,59.893579923051135,56.714762786840026,253.33579867650602,430.9188473222285,None
136.33078719474884,39.49188051124197,4185.347132444268,6359.738312609202,9910.44980713617,4961.667247660759,651.0151163547623,875.227597522306,225.58333238595867,666.9915627808426,872.1960114500635,97.29016553079019,4399.545610984066,824.3574088706997,291.3100135011725,214.5290213856493,41.11245888579109,1603.7319139058313,400.99927878470254,2255.53430918101,873.624957473626,170.99622398812502,43.16955114910242,683.7805311585232,217.124937000354,467.80749978161833,1825.8367524612768,712.7763164609132,583.1633899720373,1644.0232628859287,2470.209246683737,6168.123479459984,156.8588659900999,298.60882581804196,135.92886877435092,971.8207791456675,58.99583612485492,592.6048483085133,5713.231962910752,1933.9134912617105,1891.7092873802071,545.6199533069315,963.5246229897667,2236.9460502096754,1141.0215017545106,2749.636153367589,3609.7130192714985,1626.3303131255698,1896.8055161940656,779.5733355357962,3068.210072209714,1540.4638995764642,514.5044867895398,55.44918443487421,347.5276554142516,877.6431238937868,51.11752823029871,156.82702224821986,602.0688523763054,668.6828659708452,75.41227447724059,315.3613652359748,824.2469171507936,939.7801546603116,1114.7256160528177,3288.68797639718,815.6451457988853,5856.931991431808,1090.8610260553487,1570.6499803085876,702.5499718985486,37.916751402691936,1122.683069028764,691.2302232446846,184.3199761358944,132.75767256923038,38.19594662049648,34.00222290214832,990.3965534277318,801.0662852493796,251.2713223803046,59.622079984456064,2664.6019617017137,3316.498435678193,35.047971572672836,659.4091577351099,79.69142100603213,4192.5794761360885,66.60170528071059,360.6615830628337,37.18714901558892,103.64433051006401,540.5369808134435,1647.1366778128495,42.623986218375,466.1999036711069,2584.766889142427,233.65164710932712,42.66501611966105,140.02876900601922,5041.682337038796,477.5186178361255,570.799816902726,3493.9170097745496,54.83652411043578,217.31488614658824,83.64421277392395,39.1073358867699,44.112899653787906,43.285264906113376,82.07666551716814,107.02057463074513,39.171741811850794,359.6540194231451,181.49135852753773,172.38549083900853,283.1969129257712,101.18216243806336,72.35951261933243,75.64781500054492,102.57820680923628,47.770888480109825,222.56823281185817,87.09128130265579,362.30641786259577,81.63087573827046,1349.4237334907875,4631.230833541803,69.37680331971063,181.75201164212726,63.31155000591807,41.084975147570795,161.48004546929778,47.57530050318057,377.5358832979898,39.71822899434396,43.530303481371774,62.94672542638307,2984.246029527906,3729.484567800916,64.47974762194914,189.6559123409449,40.29773284785145,152.67747509817198,40.962062550086756,92.05124711687182,56.266878773048184,52.115035221929176,238.32707207735362,423.79981499497563,None
121.2825135494173,39.18817954805006,3749.1638747624957,5319.7391864597885,9492.815075650937,4327.406252609088,597.9021721657435,821.4687071484337,188.70700491355018,572.6380930549127,775.3518979066179,82.22058304000869,4182.4649593590475,789.7921163369102,252.86839033474183,204.56901156625972,40.879594721481034,1479.0832742679822,381.50000250054916,2226.562312607217,858.3660561751567,179.26704071295472,42.09554957428311,564.8085228243978,169.0121285796605,412.0550041653212,1669.9951213342715,627.7976483909832,564.3092066684702,1503.2584702883814,2138.449819633723,5549.824346655121,151.56494664605287,281.69870215664025,125.2313054934338,854.0043054752489,56.50603328801074,473.7866539004031,5354.249346016836,1817.589634307288,1747.8196273725625,473.31099353769736,868.2581300942801,2226.5906200192762,1187.6421025154614,2859.014927409518,3187.6462484912554,1540.1739483876165,1973.1702233738906,735.7544795174354,2991.5032338579604,1461.5773806750103,476.32922076868965,43.715134332186686,326.1522011980558,823.1879241770883,49.011230494936115,115.4625090736686,493.73704234147147,586.1146893756832,70.5541729065731,309.83343961768344,777.251681422733,919.3146455831366,1014.06776564631,3218.732069640432,669.2140506242703,6261.3213967936035,911.6234964433403,1469.4321799525196,585.2740883136478,37.70918344738454,1101.7424128201508,649.1389189912246,163.9189668420725,133.60698404224823,37.93335311066966,33.946289198457315,1054.552909290299,767.0708364073233,254.014040431446,56.11301232540614,2557.692122516495,3106.3772020318734,34.95833310764477,606.3622970218295,63.2730594479089,3962.875032958,62.995750559595926,375.1485291072882,37.306627340851314,98.64067304499024,524.3024913087031,1601.6729725964428,42.07756056218509,398.4813086876668,2647.951270325185,225.63326379304695,45.10688044696515,113.23944591493465,4889.746570039277,448.6896955115464,535.5819491410318,3106.799225115908,52.4728970745148,247.3867381247501,76.7164726675406,38.68086755107677,43.58957544353874,59.09813760284118,81.1031832212052,102.52699825283695,38.80471762514811,331.16313729696105,158.07875973813287,162.630923361093,272.13288475987144,85.82674177766556,61.48661507736308,65.20507705171238,101.20317209666617,54.338939568938656,209.65050976347862,80.52920414989943,298.97306762943884,75.7760376137111,1290.6510787690966,4147.805903279265,47.37750401939589,151.53261867742305,59.84810047574589,39.831776705039076,159.11352544014827,49.00806365591981,334.78947042493627,38.905569816508375,42.58628402311497,60.11184928648688,2355.1358989742357,3229.248272141725,61.42997588792152,178.3052216613633,39.97762439953586,107.26631835675036,34.75327166684668,92.57698302637493,47.331498983381366,50.23797014409874,225.8531133321856,376.8004842351381,None
102.9092138311167,38.889739202450315,3529.4343550855674,4384.946088609515,9248.191581557065,3575.494089269849,587.5721004532708,776.5979185799891,182.38308972275038,485.08880555454004,675.1558623113698,80.36990543117095,4048.366751778464,781.0738587344092,238.43395984624783,192.91808428920086,40.53389055504115,1335.2247289280485,366.14903806425707,2110.3533420480294,837.7180998205756,175.94185803344573,41.11688313153892,527.5107230091162,179.0131534388159,358.1069325255432,1497.7438862987065,610.0593560800646,545.2421814224066,1429.6110882626194,1933.9331952293703,5200.132736323638,172.94830985434803,267.95680343273904,107.44754391334783,724.7875823251552,54.34527053566067,390.5193283560109,4606.149160386867,1770.206422807104,1719.7520510071622,463.9850230025508,819.213689287091,1823.6254511445666,1147.0077744874511,2994.602234727321,3224.2524000849803,1458.7616971238806,1891.8728150982602,686.912039064482,2796.942472537283,1341.8141031663713,426.84801265724764,40.25075023951907,299.7710566945097,850.6011201255959,47.20734139413064,100.84556587249595,432.06817929710127,594.4179828678889,68.28535663599631,328.7163428177858,709.2965218244244,872.6904139470074,919.0813703760133,3108.356787396702,596.5131292566438,6181.95694850125,758.7290673072353,1543.2384260740746,494.38034768536147,37.504192690283716,1071.5766735734824,605.2231841838974,163.25760231383234,139.72073315635993,37.67163243001777,33.893442206819856,1177.6873368697886,720.9568260712997,240.2021175778964,53.23275327492449,2397.181742313788,2925.680530811144,34.86685456207735,552.7270391210567,58.02800424977835,3597.855487536845,59.86990444476943,350.76211167368774,33.30214823819021,91.74852846246249,527.9760624581887,1679.127387253361,41.57108983721497,325.4435948291095,2816.1085427544,203.21516826667977,92.80833545268513,103.9360190020624,4717.827556345336,440.69351151875196,467.59020472479483,2769.4860994566607,61.92432935514746,258.8916076056023,70.78010106713464,38.33873949725749,42.25767452305805,58.98085238945185,75.62606147736251,74.73562981598684,38.50797142045468,310.3425458608005,139.38779334524816,157.29523886781632,257.8244458733876,79.00537147873605,60.603150014808385,61.392466993636845,93.30183819613106,47.31875062017462,207.2814052075592,74.75627843672783,279.2155009937611,70.39551298242797,1273.708254827469,3588.815181905545,58.92805493484306,169.2336394686982,57.030971705384815,37.48665040291494,154.95832847332326,59.57829301431119,254.48361900790152,38.49680069453895,41.814432893684895,44.06864640112362,1945.316172423194,2908.4277594741634,58.79323659290135,178.87315146342308,39.665736958033854,98.34328510228235,34.36485642157198,88.83525981193462,44.321745725038326,48.75254680111468,210.065215428628,302.1335514561781,None
98.3578196049927,38.59990426766778,3364.0408883941054,4356.740559835149,8397.399553053807,2962.265454439012,543.5727042096939,791.629862213904,184.01997424339524,442.2914562049456,671.7769792225179,78.41916535365145,3681.799123452287,744.4896828045128,236.51085883818686,187.24316223216613,40.85078132474516,1198.5700845277279,360.06445240014716,2098.4845375002456,828.8226991331961,155.14515328102746,40.3707788958575,507.7639357957764,165.83344780218988,321.83611664504724,1300.0904758011375,555.5196224637339,524.7140769365782,1425.7340860678905,1823.800675369237,4947.784695786438,175.80986916908688,257.7136759896379,94.64273153239037,682.9156151814448,52.403801857024774,357.06298806828437,4032.156047677954,1721.0981806344723,1650.7207279678687,470.2635935764116,790.3685646638384,1379.7022257946148,1074.3712922929658,3171.4833491738177,3051.727053325825,1375.7544451177407,1771.6335359531327,624.2332030659919,2495.725992434181,1287.9277742161141,374.4141047478215,38.16874572299439,295.05191501503015,841.8526077292844,45.729473339743386,96.4933564488832,385.33609505275564,622.0270270373634,63.68078800529714,296.54507753224635,596.2921133427134,794.1364370596008,866.9703887918209,2931.2801183316938,565.2166216545895,5621.437628581983,698.2535873646934,1521.5797895191251,461.81732455679713,37.29480191149551,1001.025941640772,559.4007743841427,176.8193106607056,144.84875082646172,37.41324321762252,34.675769807192566,1205.0314358446333,734.4483515274562,207.0287646905504,50.86198822309429,2302.530740944679,2772.3681747831597,34.77644420854028,502.05587882177804,54.81767394076906,3237.382607549743,57.191716294787156,288.22554082628017,33.13313598514656,84.35274920852905,511.5172586743892,1525.7309270307019,41.10990797018304,299.19564766432524,2788.46642649242,205.87141739900983,90.2456705619214,107.38011266203735,4464.076639004077,401.32401551309164,376.39951659335713,2568.315371852965,57.45917376490284,222.04596993710658,66.41302617042963,44.66557220924357,41.80241800100658,44.43757401760802,62.34339961937688,68.18933835129882,38.24819224984793,281.32431673898685,149.97938817572677,156.1938389951326,236.4231732893596,78.87298971084209,52.48760666975432,58.293339925871095,84.27743005631224,39.91052309121113,212.91798887730675,69.81858008817916,275.7167105041524,65.68351214004045,1196.968320863387,3370.924554654837,59.74652907585411,237.33595454959215,54.43029184460161,37.17827889405462,128.3991224428353,61.265333818686344,238.43476354324062,38.15560322214129,41.38849248893947,42.25085964870626,1993.0474441012823,2894.9049535318018,56.368982879318196,183.8319191680501,39.35207894175456,94.57035832146931,34.29363375468255,94.69481015923773,43.19900762245711,47.417847407452,199.36562606523685,284.1449325917712,None
95.38328716017817,38.317260061498594,2980.941166383657,4691.6569481176175,8212.200685907672,2631.818764801818,453.63803547065305,752.4482804492725,170.34197725017626,424.1115954433732,630.626822605457,74.60408734388011,3251.788821821699,678.7756593149869,226.94477029708642,176.69727787508631,40.52813804105293,1030.4205840193401,408.01638545510633,2072.191153577553,801.5149618701492,129.2595711710245,40.86798711637896,446.9918837727909,132.46909007852872,300.97487104080307,1212.70533403259,497.4232609012982,495.391414310625,1396.0614263009522,1687.1898230427255,4115.518281965221,183.10830422033996,248.41779539903973,92.39319120934245,682.9305723897504,50.67951270591207,341.90351345990797,3833.193609043567,1631.4112157472346,1557.0022951872904,456.49505578318985,655.7913890858357,1742.0297701891461,1027.650272664451,3513.078071110666,2523.712441506819,1341.0670994938346,1641.4565895544845,551.8815854425517,2302.7088461658523,1273.1301258952597,346.7555964268812,37.8387857040834,232.9140329432502,763.1577956426274,44.53712830711886,93.83124083528132,355.69519380156373,567.1007128410579,59.472714452042474,241.60046882159767,481.1052243498616,717.1454917657311,934.5508065925682,2803.5904161681847,519.3155602003698,5891.011416295711,652.629461646737,1413.2490398420805,441.2883438553592,37.07777857867325,938.2425277286733,507.8825758865559,168.08930185691582,154.84151137207422,37.15772134616893,34.28162462849744,1122.0853973096378,742.5201430075691,199.97534651526485,48.90139209336338,2189.3895098959606,2689.421270405494,34.69091814240119,464.2679091066778,52.72144290841032,3130.480285035377,54.86686406323862,250.2590112792484,33.284499506310766,77.76607366515618,437.39246521248725,1351.2164427490072,40.79759668393937,283.0277433205517,2626.090699157431,174.46869303876164,91.39355348117915,100.85002322555815,4093.7620867801847,325.56276628978,335.3878786198246,2370.7423279051072,54.38377594753636,219.33774249732087,87.50952753816334,43.46540263689683,41.64159236599476,47.01575500016144,58.513130921619634,63.66228154449272,38.010751627828604,256.4493976355429,146.53580232950776,130.3670528227479,218.92400055356148,74.3156803578267,50.4142864001013,55.53956947378286,77.01827507900725,39.157023847354644,215.45442197140102,65.63836508896655,259.7961415724964,61.798525454279,1105.4019996441575,3117.7526659932314,56.83157692534117,255.1433874048793,52.12379938278264,36.67578889166632,87.56528719360256,37.627533317711745,230.6625305925471,37.834441506695306,40.98134735263403,41.97532505899676,1892.6798666867135,2805.265557473396,54.05001425617922,198.82878721215386,39.036081845143,90.47019890189729,34.22850093530638,88.42544073469044,43.89086410368471,46.12576381199579,195.70969209368943,270.5132260034809,None
92.31012532727628,38.049016175865155,2575.0567699054377,4198.727958329414,8091.402021624899,2720.3617022639864,407.64660222019137,640.5097012127059,152.04805615768308,409.1473308926048,552.4011897720627,69.83306284554479,3018.908298416233,602.2759376742706,204.80826672907693,147.93155508556396,39.696369991962364,817.7543264663942,428.91337251845465,1771.0553239098535,686.1850959773583,100.06791898936348,41.8900529642007,413.49168680497075,105.35721229851946,295.9605863334789,1162.3297426363126,491.1047738073436,453.4399756587033,1342.3364123166693,1473.5910600708514,3198.9179105030707,186.87971382764138,237.00755919286186,91.01010372246057,641.7730425818446,49.14611864821593,354.8690859237329,3834.8641070219624,1506.179314079884,1463.8945104932864,435.14750626446494,541.7313269391088,1968.9799127146493,955.3316244670552,3496.9163269867167,2497.2236747724924,1388.6747150745175,1462.5389390092441,499.41662272290495,2285.207960354169,1178.9204916466106,319.5229504620742,37.61250920470888,197.02004430327202,745.7667362505864,43.518738630871276,91.13575903830628,343.5775444654812,512.689040477974,56.36857295228889,230.74083175204774,421.3627560506685,625.5080202312632,998.4394138700708,2707.717627936835,467.00277464833135,5856.294154881831,577.0225405137878,1327.9129542205794,425.80869330698476,36.873434492191315,856.9919673243378,480.7126479060927,155.4574645776919,162.7376559512876,36.90331999182288,33.791982628566885,1018.0227217247686,749.8926799822292,180.2831576531009,47.305804080401074,1896.0267846906384,2491.7387360782113,34.611791492655136,409.02910962957725,50.76962973902246,2888.362764127385,52.82040399056922,231.8606818099963,33.36213232465073,71.66059921367645,375.6437859839199,1344.6281067830466,40.4654884988922,260.691082779589,2404.4711213614482,135.16572624217986,60.39953634229525,85.50000605418789,3854.361789794157,293.78446029064867,320.79022591858813,2096.3463422595314,52.53097372141301,171.67350220182638,86.6981673031318,39.90339728726795,41.21244294237511,122.77684596347092,63.75028447986988,59.95907860127034,37.78554053689466,236.45634346791883,141.37239547149275,90.19307022466556,210.9462957071754,65.46274022595965,48.56781788184588,53.184016846093556,70.57705620196593,38.79531118194652,204.04517050058152,62.12871168746757,226.3248967441325,63.15409621723129,974.6953599842227,2741.3485300432794,45.4333719762224,157.7686689858353,50.082776929782035,36.42716556096942,81.18056970410088,36.05333628122287,220.34091439645454,37.52897161673539,40.225723240031094,43.320486891562396,1713.0295343068235,2722.311887443002,51.88000847735727,199.78838620329037,38.73104868761776,84.65619989999838,34.21255606509509,71.38410663235352,44.08165683617096,44.86945147432769,157.0288165654089,257.8631184572748,None
86.7648226733651,37.806868333742955,2250.561514203119,3521.0374568327798,7146.03603558528,2942.5706503537144,429.33422212201623,507.82488855428846,139.85198907428008,393.22828123327,479.19152571845683,65.40452311987625,2871.0739810028635,580.8945341476658,191.23088291798996,129.3120201134784,39.395350381411056,717.0188397159897,413.1787390178322,1268.9562776143705,541.5177210794402,94.84762576110151,41.075027514891865,366.0330626395318,96.82938411712936,273.7450215628013,1097.7732517722031,480.91555876230683,429.8252977094383,1316.1489079780622,1296.617190214147,3160.1049217605914,176.73544398283923,223.74005340572293,88.84853625347408,591.7430199472917,47.79225054612301,424.4710961715784,3556.0536261394627,1392.753127674745,1345.4470881561485,434.38750348616594,508.42099239126924,1325.9380821126633,873.6171924446361,3210.5665803936495,2791.446352366131,1351.7348726693494,1309.431299128865,449.9584090799144,2200.245205419924,987.1397731371518,301.1570934114172,37.397793757279075,191.9429773025407,721.8764027512392,42.60544581368088,86.82283107496033,348.8008916328953,490.959337207391,53.708498986277405,215.8172250673173,407.81384919760575,672.6317934871819,965.8965110612316,2409.0096073038444,448.1334033212752,5039.368939345703,524.9570235779685,1269.0884290296112,428.3773472262111,36.66697420585622,759.1765572006494,470.7132373349012,153.92181697032524,140.33444658676365,36.82790141549571,33.734276893065555,1006.2370311243268,736.804300883926,148.46502525548274,45.98541304150192,1730.0048310181005,2265.742732756363,34.5388049122557,370.4584023261942,49.16007803615221,2507.590513947235,51.060038684330934,210.51845643238502,33.03691197456973,66.7912978135601,368.33115279378313,1400.6087696148884,39.91044061194682,240.3818440441548,2085.8134406075947,114.63870749447676,37.10559560875871,78.1326298120552,3540.2089797344106,264.4129275097831,310.2783668139229,1918.1074546127359,45.29815353395505,106.84616737798036,60.418575016327544,40.41272786278466,40.73014048352616,121.59974560048815,59.137522309068686,57.55364118133585,42.453708379127704,226.99404177219398,140.6443395095948,85.58093558672167,203.38369850944542,60.94776854959198,47.047749849339134,56.5546566714184,65.21005678477763,39.1541489723894,248.53404252217308,70.0700998128243,217.48841577393188,57.98208198566681,792.4055549138719,2375.3269788106118,43.25813662959039,100.08526326664015,48.29349380704677,36.21167880218128,79.74486535912027,35.85762772090868,216.37815554224116,37.243207433949145,39.770712520428944,43.16076302567164,1549.662861340404,2680.7423168027967,49.949885330953386,156.69120858735909,38.439764610727245,78.3097969460838,34.21359865395047,65.79710779037359,40.80598535628144,43.72252177445397,107.31569839110563,245.40379063896626,None
80.4288690480319,37.59936391427559,2027.6342310318232,3351.885749439933,6318.327651899457,2925.044874397591,449.8923464209908,444.5499341341362,130.2177101705631,383.4266749406325,376.871616882824,61.56488825043518,2678.04502178172,606.232931430748,185.89313430772975,129.18334869180288,39.124679196333496,690.8290129271988,432.7167337098528,1023.0916582592622,507.2719603006635,98.45033527634482,38.055070640917336,288.9118954838838,96.89379597407209,245.13429926929032,946.8039204408348,453.2680197049411,351.0432963812867,1435.3861898755233,1231.7105807850426,3052.15648387924,164.51841509736974,209.5183925415055,84.70847666933444,568.8716947755338,46.61058122278301,363.9496068373315,3454.065985062216,1315.0459976781685,1249.3028718085004,388.64232587584814,470.8645275595052,959.1526717209424,830.6189782538329,3009.9946756483837,2864.857803278009,1244.0249289323378,1152.1658270375929,414.4019451937956,2018.0014252476699,790.6960939520121,290.1586430512399,37.18721656612449,186.44697709152095,672.5104475474917,41.79998732750342,81.10403498570587,374.10251876234383,483.25659267478727,51.3994379290413,201.05264071903008,432.1259799510947,690.981797629186,850.4393833012086,2198.7672352352397,425.8341749198445,3402.309901917961,510.91463402283983,1216.4428654553008,436.5646519678194,36.441007705188944,752.9811715562582,434.5032524877684,143.85984018035182,97.66119454018197,36.68800894883706,33.699497121709506,1007.2187871360367,634.6164105493544,123.7218652804955,44.842680322279655,1681.142603523207,1908.3513237055954,34.47031783897947,355.09010274528663,47.8053301066754,2385.621677089198,60.6221891604776,187.0251704738354,33.003232502228585,62.62815741789331,364.18593243547735,1405.2399246757548,50.68347714538325,232.63573388037597,1844.039899382289,92.55856135116372,34.17804040196278,71.98091890042002,3243.2751694252393,243.0152588032539,290.69231469914365,1793.0707228972708,43.684926145613794,100.52592418376663,56.30840767447397,37.35890965634996,40.48578742437416,45.4628207612761,79.48860578507666,54.58692927863838,43.593205490721424,218.7787090956387,144.99964946250196,83.38186959483785,194.2075831731165,57.92211309649221,45.643441682992716,53.86143024120275,60.52411416932538,39.237848456285676,216.27028191770896,69.07344385103563,211.777247220597,54.18542457092478,673.0278456263721,2157.1021781878408,42.73863413809613,95.34070068199293,46.783616388242685,36.00450352834678,77.61117484669981,35.80437127394941,211.569251959432,39.571350935961156,39.36678031824378,40.405120149512136,1467.8417052108025,2538.49907746936,48.239619445460946,102.59901846507044,39.55462099243238,72.75424500614099,34.134788239053705,61.92259029889171,40.04250663433722,42.7282220225829,94.20944484071852,232.92442184296902,None
74.68995674171802,37.41175739085344,1848.7532663614456,2780.2483678420836,5116.205828546908,2721.203076519513,421.16084032783243,429.6742624177777,122.60132132325016,354.6926969080232,330.8125220556948,58.28240380081454,2372.523686406678,605.3719504060241,173.27420620333675,125.23479827704399,38.83636349120965,685.5609334357002,410.16602339417517,931.2941080727096,491.0591954978033,95.66192729706087,37.52494406624441,282.78556766808214,95.56444368871789,232.3402308774948,775.9429358528341,410.458250536229,281.75901609585515,1515.6491086772985,1200.0103490392842,3044.390912704645,151.74822988515356,204.6432566023901,79.556066929902,544.3556562868841,45.54808474994114,279.230591823184,3408.403550712266,1228.2223283115613,1158.1854165806064,320.8986593597246,484.4427385406421,857.212854032788,792.8958819967287,2858.1367333033254,2454.3782814957112,1134.3906500645735,996.4642784414308,369.7844136850312,1849.7670516245994,600.0627957026697,306.8993159033434,36.987329338228534,183.10247372942982,603.244298175421,41.109397100589966,75.50711948699794,369.66795423116514,421.5903073418664,49.36112473108035,193.7142329254493,453.5494816495144,567.9187442173375,798.4953335086584,2146.935654441916,406.10200012325606,2519.747732916992,495.1661265195617,1203.2623206689173,433.7450266240448,36.242628099980614,782.3634959912074,340.78349436095766,148.5375528831151,88.0049155097228,36.28588414394383,33.6665039420893,953.2103019470236,490.9035021696039,125.4676898302792,43.839515302771474,1547.7709579473865,1682.1591492274765,34.40438261324907,320.16784809231586,46.569695272599596,2209.9039919325032,62.126145123055046,169.39610929032474,32.99125127573531,58.98891645649888,347.6308959698472,1374.968322439862,49.007862549556855,234.09985402883618,1615.560664769435,88.03092405121252,34.00087234057116,66.6584284327789,3008.0228187169005,217.6267348529156,272.316552101731,1641.6812589743201,42.53064428827166,91.71857810974336,53.79393326245904,36.99266165390063,40.70095246487495,40.22123176578785,84.81334732677878,51.80055986463045,37.58013893396636,208.210026242196,127.45855332537529,80.18419571880638,187.93025550406142,55.42802306587539,44.438448912994986,80.57546747477997,56.9630346733524,37.99043967341628,120.12961098817058,56.5313341731279,201.53778451147167,52.793582241353036,649.2246185914603,1937.2121210768273,42.21222092903588,88.24140013943389,45.511436757501656,35.860767505569704,73.4929034134017,35.7155550603394,204.3526725106499,40.67700615779923,38.99285738737692,39.84495797810629,1513.278909721334,2327.97269547064,46.698088551149844,90.68319828528915,40.60330281179264,68.01619119211911,35.47864091453971,58.660644244719784,39.555051240337384,41.85363864485617,90.25647310678741,221.16552688432546,None
69.57875953775606,37.22335867972676,1673.7643103210944,1962.5238798838336,3719.02466155501,2382.567236850729,403.92968487330614,510.11833175721733,119.13126494175123,300.8604825770139,316.0031167617286,55.43058733942966,2142.024521333525,575.8691189027301,169.94146697547114,111.47964406859104,38.540583942152864,648.3466001433794,390.270784705797,933.4116571716106,471.49999839246834,85.34803164409458,37.25877730651999,278.27437523383105,92.23410734523479,212.32004398189483,648.2843513976328,360.08266617304656,271.8101330007775,1448.1309843636166,1204.9254217164046,3126.4160969227178,150.52371812857726,202.73854690556823,74.78479834765547,490.54493930182923,44.56786571910013,268.3398894166219,3366.20567903489,1121.4283087749786,1062.154083350886,304.3213592406412,468.54386972977437,769.5907945137744,733.9712235813864,2780.771604949889,2010.4882488588296,1018.3833950853333,927.3992837506371,298.60561318618016,1609.0979676685226,519.309514955611,295.2470997940262,36.79856901128357,180.13068651912326,520.5813332894473,40.51235673004222,70.51242029862371,323.43545396791063,330.9895085052959,47.55270077944638,189.5859544365448,439.7071798746777,436.4323946163154,813.3770270269263,2057.060384055597,393.8322104643088,2559.416200303362,434.8687587934105,1163.95819468756,424.25648022028815,36.05768608977971,786.4364244654123,275.77993529066555,123.10191198796801,83.2733621480627,36.12740209493547,33.63637711931758,872.2929372067548,430.9346218062087,136.94684464716408,42.952374349960955,1452.9619080940893,1488.4499217594657,34.34161343926084,287.74421946139296,45.41861215237931,1949.3969615832723,51.58571764983107,170.92807257073613,32.97933979488145,57.75327645416886,323.94140349304627,1336.4910327494256,39.44138989658772,210.33006133494393,1577.797673595976,84.10007330819792,33.93890788717038,62.201571767315826,2607.682703159643,195.54537256133216,253.2140535807993,1435.4603740935565,41.56772549678122,134.8971423647212,52.15919963609296,36.52181166919845,40.64379251804733,39.80625765694101,104.74552023016683,49.70674553275307,37.024102030552775,200.05455498826078,89.07854687176292,75.12995093419936,179.15732377957104,53.321646448718774,43.48875780907749,73.03710218739165,54.171886897882025,39.6368038049183,93.54260578484569,54.259930577400866,196.82313253724212,51.53921357521299,671.7610150691851,1690.4207772771474,41.76931790669406,85.10677479417606,44.362576933664464,35.71377716964149,68.57994390753086,35.37149556104746,199.37423841815846,36.778402011036704,38.637460006880715,39.45464450672525,1551.9379178640982,2099.4103637136764,45.326927648751536,88.25115888983002,43.51104010150872,63.797192487310475,36.45344861961376,55.25973933583025,39.15392525623682,41.07468229695737,86.59874227474653,208.2533798565588,None
67.10854777802686,37.02678344448806,1564.3979887554653,1945.3807007306243,3388.8288454352346,2035.1608950817815,401.86951672954206,457.45161012461256,126.94897010145716,256.6418526025807,292.22732295682937,52.969663860046424,1932.1110327243844,524.9538251073892,149.8283462771457,101.24092051447094,38.254496474709406,538.1035237225708,396.3541938347642,869.0405623590187,430.2186317276687,79.64054905348719,37.07429223427743,259.7880796153564,88.2993584271433,193.5969795841161,538.4363557617756,307.266488072802,257.38059376430203,1347.1317106107067,1259.265210751308,3039.0352309449268,153.3606232172121,196.2922270373071,70.76130872590777,415.0223459229238,43.67844297682771,241.11347973686833,3308.219020096923,1064.2256204289217,1029.1935349946148,290.71925514002027,387.7813117405018,695.8400597302817,622.6119684498117,2534.4369645072493,1913.2902858095624,963.7059456933583,886.5873004766391,279.60893904808347,1603.432224460997,493.8656889987905,260.09830671226484,36.83128448416982,181.42873205294143,555.5214320117284,39.96522735157881,66.20739831344879,280.42687663639254,292.64299146455375,45.952440468696786,179.91823807524395,397.7893987744838,401.6887699735891,730.9178092714807,1821.3115038935434,351.02238079562835,2497.6362450352044,350.1569667204338,1065.454647245572,400.78843103638496,35.889723081687926,724.945748850242,251.1841644715112,88.13133470000462,81.68810815202153,39.254560618259966,33.608699588756515,829.5273109304143,431.47636200418714,146.2090185530764,42.187750203017664,1417.2686964005795,1322.1588759229455,35.46087185613883,266.99524163096703,44.346788061313255,1847.9932332874264,56.17904975397372,170.31300411788592,32.967271612753045,56.97073297666437,268.1537015866394,1252.2286455536494,38.60906883592362,190.44280062077567,1496.506744443773,78.99023401077555,33.88106661510234,58.53955320262764,2428.524219980954,186.05654054284932,235.1058283677246,1277.314991219611,40.79057398551184,132.74167211398793,50.770327245225886,36.27916635650542,39.43171365379972,39.450190328662174,97.14624350417571,47.91269882347881,37.57655828377204,191.25919347964688,79.86471606510273,69.86773328141132,197.76754552026875,51.631879403957356,42.66225641843877,47.74695771970188,51.865898730589564,40.67387919383876,89.39413088710512,51.81568694209522,199.03061901389026,49.40213869380455,658.7019959984717,1593.6800318180906,41.321757362863096,80.1064477605294,43.38276600784411,36.161582299747394,63.91863387880449,35.252824629611844,196.4982825448593,41.12307988154832,38.29571812366179,41.5891064125278,1453.6865268951774,1892.5411429583548,44.11891285072505,82.00773682149185,44.83599629020433,59.99094043553503,36.30086521005287,54.81645114206121,38.79061570133917,40.40910880665718,81.29368994139871,198.35384642027023,None
64.87054028272489,36.824188997681496,1495.6325818433704,2249.60639762167,3550.1975364123437,1809.8871745041706,364.2683170692814,361.4202057253104,132.84275942361796,235.68566719976928,270.8612645053637,50.78877858705015,1694.2592850160288,460.19291479569483,108.24323440747496,93.36288007848287,38.00830488468429,459.4112968359923,368.04321544465483,784.4926619847478,398.0178377847959,74.17090383861897,36.9122681308784,241.7152312489149,83.25604090121195,191.36407024072918,504.5394108261052,269.60946187143475,251.03197065573096,1267.7660982651255,1122.0149245424266,2656.2403639888216,145.96277185457956,183.33776994006826,67.4877120075331,338.4492727961797,42.883444419995755,214.97855213659525,3131.474091133903,1019.169479489266,948.4155957974543,280.841799085631,337.35417743885864,636.0438418243617,513.9007504999529,2110.1173416370098,1836.5192606256198,885.4239866301625,870.0055427907208,264.97422439605543,1566.6799989317358,453.41080966427984,232.74697587406845,36.794361347907284,155.8012849615876,521.0460842406442,39.43116681929493,62.54298788012701,234.97449126414088,277.32259891499984,44.559764486083644,162.85433578206468,349.34369228115594,386.6036939828582,608.7699974582047,1580.8526311198173,304.06070566687214,2257.9444954862743,327.790751380063,969.0862578300889,363.02853617707564,35.73897406634009,647.2019493944291,228.96952224251893,84.33210084478212,78.60984328469625,39.31053220439398,33.582511702905265,802.5669314676105,438.8969560221726,150.44309105448718,42.3160260882529,1366.6630517725353,1244.1410658654538,35.554109520658514,237.08129795455397,43.3687413061727,1800.1976264456016,56.00510504941675,157.87718075944943,32.955235157173675,54.58427937926676,258.77199243061693,1139.6183592328618,38.30108005115682,181.3261042272207,1372.9999609684974,73.6225403426295,34.01879460612493,55.483862680109866,2077.1022459895034,184.51106548871468,214.85133594933384,1216.8667272395655,40.1595856294871,80.08940883455523,49.51221471296883,36.054527936279456,39.031801397382935,39.11384728533285,49.68458520114497,46.31773863710104,37.64459037972802,151.24790407519342,78.23784812965242,77.11214731197406,189.79605626547058,50.17002849384747,41.83537530050491,45.371886309405404,51.64756654744434,37.42930350337454,86.22015841278498,50.16329469542245,197.12607558605401,51.13088615657878,545.4656771521251,1466.736227304507,42.48215136711156,73.95860295675071,42.56613414653655,36.31348627353137,59.76786529898693,37.26056414058087,190.6175343850903,41.63394068838654,37.97930032185854,42.68526077358176,1389.0388750996285,1813.883148680064,43.058724259357774,77.27249847365354,37.91118971438272,56.87344210863899,39.27852698619637,53.67066792142294,38.448022737300185,44.15561593811336,81.05273538891109,195.15662657381202,None
59.419717067650396,44.58578641306259,1400.8952283769645,2427.852318324297,3940.6516642668457,1736.0120663711166,307.3953899081668,325.1454072077607,135.7813346220886,234.41397141424324,256.92160594606656,48.750268854656966,1613.5717839018696,381.5012318817458,99.12878559450334,88.21773584894044,37.78736124986741,451.202306890509,286.00867218369086,815.9084163331044,369.69320858212194,69.24186184157321,38.827882421455925,233.05349928340226,78.32917645668395,183.993216511068,476.7752627123792,245.51911487359902,260.13090541537855,1214.2815956047564,957.3796303446512,2414.5104572822365,146.1744680706251,174.71447069795138,64.74702247632598,301.87931865316926,42.191654253642675,198.47548006315373,3011.208984668689,958.8455027429892,865.3817761406731,269.1028939980889,309.34208392523044,584.6707016449062,496.5204804609816,1814.3967134742568,1598.4011096966062,813.0162862790384,843.6132637365242,246.84105645825875,1538.170495596367,420.13282474690766,210.44430091575126,36.330880450053776,107.57173600810762,479.5429483024949,38.91489237359541,59.44655570425436,194.6522884260711,268.2202197979224,43.4028286398982,133.6562469877371,316.5714914475315,396.13909703380585,572.6478326021609,1538.6555919686514,282.11694447013616,2269.3251934268023,295.6332052287069,885.4555299273221,337.5229503823957,36.560780582781156,564.9258875362433,212.1289212678417,82.80201405554834,73.70878817480515,51.958307936589186,33.55821497236496,766.5448581183998,397.4501248727762,151.32901051789455,42.27886049287358,1337.457013856983,1192.4082937900985,34.26705215440642,217.38585523107784,42.49754446549097,1698.6739223999843,45.664255128518114,148.20195278524176,32.96259466264076,54.88477797622179,263.77408077821656,1119.149025957818,38.00963204992262,178.53311908112178,1356.6853673943106,68.19977883333374,34.08515928943481,52.83482598186821,1838.1627201333747,191.67390395801917,195.47424931303294,1230.6301475526013,39.620972583575465,70.4435198004511,48.28128428651869,35.842897342798274,38.61939421515029,38.801583368734725,45.473342228870656,45.24447858297171,37.98353843298587,101.66682310845188,76.22934238439444,74.26301003932385,136.66770400164313,48.76507085840692,41.118011594909355,44.53840816767529,50.916638340086536,36.89523869118357,81.72656093014288,48.756133544127465,194.0582488278349,51.743900177371614,486.71763598715256,1428.2164120715624,42.99127987371869,68.1886484368213,41.65824960155893,35.34216463325914,56.18555748875633,37.64269603193489,156.77824456420714,36.20911662036079,37.69578786534159,38.70113007400146,1350.4601541180925,1746.9117265089465,46.60176720702591,71.94906948375595,37.20203452744997,54.36207601970624,41.319293369097245,55.02452563197729,38.12917928297108,43.623280919435956,75.98646651302195,192.5200726105299,None
56.71251449770707,45.22153541733105,1265.177520329986,2496.869881329288,4577.198166810611,1665.5195975367587,291.84804390263304,407.5603491801378,125.28214511492827,242.1565114537531,247.47524152162862,46.83009056533544,1533.7327305914346,307.6057555944169,115.08565420386942,85.72719465700737,37.542597899657224,455.1528007467518,237.77262227587363,863.22161029961,305.30086621418394,64.62554565497405,53.73300850986246,224.92578387259744,73.73466113721031,174.94403956825317,440.94874573376643,217.39300950973828,287.8448183006733,1127.8779317473413,950.5206856715477,2321.982141289357,152.44833718321237,170.1521382529604,62.327698229344406,271.13304372082365,41.61095938922792,194.50923283517133,2807.0750744086185,875.4136549363848,965.3369886219878,247.54099713099998,281.9651932343337,533.6608716239315,482.5505376656931,1733.1653199315854,1557.7606369400687,768.8234723008862,807.0094280948116,225.5465548590566,1340.2132499793934,366.08618976706435,205.4151607719602,36.143395998251904,98.088132257085,455.70878790627717,38.45894683892443,56.8738606118176,176.66392876305284,243.63673886106557,42.4326328928517,118.79691524008646,258.8280194131616,399.19829041004306,525.2850620446739,1497.302229962608,254.88452609431488,2517.8268128920645,252.88963389667737,802.30637061043,285.37983936684435,39.03647029913982,550.5593694825964,201.2470803395429,84.31180025151741,68.70385215121196,50.8253218274825,33.53629693993769,714.3962877311372,344.72426509671624,132.05230856158366,40.6759411519212,1201.3526781841565,1113.1347560921733,34.121879892122635,204.0325950488372,41.746092714952795,1564.4618937414707,43.81233773071053,153.92550862895447,32.96266349529135,57.43715977841606,245.5637920717831,1146.3377069546768,37.720729654966796,181.5995455826687,1363.4005413031994,63.74047052416541,33.76184209499917,50.48390946716504,1818.0372573051623,187.5617029275113,181.8660729669701,1180.4575066627146,39.147389104187845,65.31759470727239,47.17824578558822,35.642883125527256,38.27243961749136,38.49955425825086,44.744549443215256,46.632814778339,38.52895794851383,94.17025824596796,72.17173509058969,59.53859004582037,202.0402223388197,47.40245095096297,40.52347184312583,43.792080083511706,47.079103216108706,36.647468350865466,78.4039558745038,47.448435389209884,186.0689315740627,46.5016041603289,489.47641766968115,1442.4778687073474,47.07842461586952,63.166235933666755,40.94643294015829,35.058021322670676,53.22505913334757,35.24110901507488,105.55107691587057,35.73527668877415,37.44073177194972,38.133532216798784,1211.3434550251368,1650.2847305751554,46.934927450706034,66.82957783789139,36.96377830557898,52.10950334856678,42.66740432702798,66.72403504312267,37.8262945974096,39.314870951793715,65.53551760251851,182.53728808032508,None
54.51757941847435,36.805825657674454,1227.0677962091436,2433.9870119751604,5047.704227809094,1542.6005881641022,272.75116056326544,369.0408488213322,95.59637785237032,248.8358856824273,245.07691580003367,45.06586266306089,1490.688649517985,259.1605101121779,115.07812139435872,83.88703203880728,37.30614897029092,446.8415795103051,218.22714842051533,891.0439578943242,269.09670852880447,60.47123519093031,48.55696831151422,211.40569316874027,80.83938171797274,171.1557772498509,456.2206598729473,202.84383069879792,309.03741309273084,1036.8187904331494,896.9475700221304,2293.462101724779,159.28807660688548,145.4536577285264,60.13161108019492,268.9270516738955,41.137939370713454,187.17885633586212,2510.110863409177,700.1895774412538,896.604792802571,229.19303836504815,262.277018712752,490.2124859674733,467.3418682412459,1563.3724407695277,1474.6491291232032,720.3734117382726,782.1810686790532,206.77281594707702,1158.7533224740014,346.22061561752884,188.9975306431376,59.58456825165858,94.92551292656704,433.8873302757811,38.09835575015593,54.675875910897176,173.55020710187932,232.68448899930797,41.55970534881281,118.15093588602728,234.184798827822,364.160286986355,475.1659830152365,1434.3790689448608,237.60867094144496,3034.6023923819344,230.60515743695075,777.5133695138359,233.75613662328212,36.215927988354295,547.5423323060483,192.65907912749324,80.60514074904802,64.15939164087838,36.23280437582426,33.515779584794906,680.0337561495121,329.5047858595113,97.57740896486129,60.33878722496857,1086.9479904185243,1105.5108963156338,34.10114724462581,190.29405824440684,41.12353449617209,1405.8162038967869,42.98801449451509,165.75241371366792,32.92587459281959,51.31272255787264,228.0513686010643,1053.2242672662303,37.43535591892415,180.11989855027664,1337.7737346372369,59.69348912821654,33.703927804804266,48.408064990066144,1806.7874711582733,178.85181970839753,172.7245214703506,1029.215725296095,38.741621066080775,61.25137800361402,46.1547992662768,35.45279882871065,37.934681802565386,38.197017568168654,44.274075311890414,46.89197145343938,37.286778116421615,89.8458556505863,66.91529550939005,55.36486004636846,192.22287950987203,47.353284435535144,40.04911671148817,46.10511500250905,45.803810242209885,36.406557549538505,74.54937962404159,46.22576333843965,176.3724766968482,45.45028227124488,510.0417583272686,1383.2999359622927,61.87232373416541,58.97556764713376,40.35706520917087,34.92438990162233,50.70894613653082,35.445937832868275,91.063123936651,35.572382583620914,37.200541016231796,38.172904533285816,1111.4062195797196,1545.8652358231354,41.34116073526498,62.21137505151771,36.76930333677425,50.213311717366345,35.7942992820483,100.78116569973659,37.534226031907004,38.7561481553235,61.36142753350892,153.74742551234738,None
52.626831703938045,36.154495069883644,1153.3733116074345,2307.3723151084964,5208.71227603462,1398.929862441725,252.80188255139603,287.23491187013195,83.8144476486206,237.02401605792994,256.1775397754004,43.553701033249496,1510.0334556283344,239.37008557197294,92.06381546883357,80.47004111841416,37.06700523463665,385.94657418084944,212.30202538987496,912.5805456436383,240.9388032833008,56.962228492232704,38.57700733309886,204.68406320677033,79.73637382040242,175.24065013281253,464.71695069952864,198.72984046122082,279.1831203861996,900.3525524547231,799.7068686224393,2210.912718497253,157.18966890035392,109.79856512199896,58.07699755198263,261.646172148431,40.75033062935203,185.28420886472787,2216.0484248758007,564.1092513284866,838.2109910177987,205.84943264041732,244.37074547403748,445.1029833820522,475.3570191428431,1346.907408992464,1481.2479733096493,684.372940077428,719.3148444975208,198.9867687204797,1027.1812679259813,331.38995485376563,176.15188128276446,65.29425860700897,92.0028432212718,409.64362803839134,37.81515276636396,52.6629199541927,183.17734514069,225.93242393988623,40.82488695383693,117.08848882658931,220.1343797644743,311.97466570932653,445.4537777695745,1380.5498061867447,229.93754644393678,3660.9993155623133,221.99730754322684,778.8960360346042,214.42944084935985,35.27539234923074,518.8703464273759,182.51547246665402,88.70757123979374,60.218373870924424,35.278909124699524,33.49569231521468,640.516586484667,288.12782592669015,85.53191783560432,63.233292360614435,1052.121276155423,1077.3843226020301,34.07708940111614,172.50668054844718,40.62300357886207,1341.936208221167,42.25546595008504,170.12786177895373,32.91093161945223,47.13794030419562,218.54503748586862,883.3833210856299,37.15684747879022,164.010162793045,1275.9146691922952,56.16119229156333,33.66798366121275,46.620172063752975,1836.8182755895573,170.915201236562,169.75244497787588,821.5608585500265,38.40071323615295,59.21388979287589,45.2451933149106,35.273623320874684,37.632107711583046,37.909945560204385,44.35403705044695,42.25599703322408,37.64305659029175,84.595210306743,61.95047090190078,52.793117632698475,99.97511166186271,46.92267595129425,39.59360737389374,49.22157546118346,45.16115495927515,36.17189762530232,71.37801658650278,45.15334985747989,180.5092393345624,44.35409154444211,482.08210710454,1275.314306894373,51.741975686127866,55.47640381013529,39.902619140691904,34.82408089876888,48.35785920743773,35.74298494463358,91.06054666896657,35.4162835995816,36.96556186912785,37.661283196521225,1083.352417738498,1469.7597212417188,51.25312212254143,58.647724987664525,38.09125485566377,49.74700452913382,35.086982861568806,97.513767902946,37.636520581189416,38.42457040230781,57.983794171618605,106.36971824535685,None
50.943022320067136,36.27168601898854,1067.3778664852816,2313.9285841433525,5208.696356722074,1318.6472835789746,241.9766876649813,276.4281015159888,81.93188889456036,219.4527358404789,325.6928717928401,42.61863740872065,1386.6917183776575,227.12805867296063,84.70649671702047,75.48542528159241,36.83399646582274,333.77290812110294,211.2207643768997,949.8644128454172,268.31119209675546,54.052847326540814,40.36674546228698,203.76930095938167,64.25979656611693,151.9806988207021,445.31271718207717,198.11779729435088,242.86970735489362,766.5934741599417,681.7014336200314,2071.8432211633553,147.68636121825762,89.73700615369512,56.15296619410129,239.49735816180825,43.29994812759856,168.86266612161097,2071.929503420737,518.7695779917842,870.3108392225951,189.36115388232747,230.75701490705484,397.6560655691238,462.8855272369504,1231.6275818397999,1405.632691968905,629.4217738800019,619.3526072655833,199.5787138044851,842.0108935679283,314.18530405719866,184.73937633918976,42.81967578020709,87.72342002503521,356.43798756610033,37.560786826476324,50.824355698565924,185.1545370070533,230.705427345149,40.20433428402646,100.36635067773321,209.2103485662141,281.22553197965897,416.6494635760725,1274.4397603325547,215.05944040622586,4245.430784296943,208.43968474626374,752.0834270864897,204.2444606434864,35.12434546485465,466.31651938994224,175.20500120303035,83.19118931437919,57.2521263110306,35.1305156371478,33.47623379554552,596.0865875655787,230.42061787441563,84.27018988473647,41.518530133148616,1023.2462548421463,1009.658605108171,33.98420426266673,166.95323775177323,40.20118825056986,1302.9528595133686,41.6315198175613,195.14340163570716,32.89966177601214,45.87256863742484,212.21292400317859,795.6219103840866,36.88894618973143,115.07270703665304,1174.5396008594253,105.90775055182371,33.63609020805297,45.11257876024538,1891.5437094630859,174.09113660843448,167.66560171613202,739.8443553618774,38.095569766279674,57.57460412159597,44.54206617839703,35.10778300223975,38.87538540267293,37.667638204839285,46.00869452993217,41.30585054928269,36.469956361154665,77.89316375561869,57.65091225294496,50.59504969056778,83.97056365556405,44.360360977543195,39.189902303734065,45.458688119291246,44.84047712884621,35.95204753368833,67.65132950670147,44.2501715903939,140.87773697794162,43.602492964472894,429.106322704526,1190.0844169507552,41.176388301082525,52.55603017963347,39.51453808123187,34.737981887848356,46.4552829186126,34.919671111334765,91.58315358172379,37.30328964762353,36.736166841021856,37.7854469199342,1047.6183614472227,1429.052955103538,50.85624030945018,55.61613493435956,39.44732120332057,52.19442422804652,35.16282479165081,46.67962686328097,37.605440824941866,38.112245563366564,54.95108068679257,89.53840593692375,None
49.43726722204721,36.2072778090897,1077.9075506580305,2083.044268227775,4986.0470883183225,1299.2458223907734,239.48003624960916,261.69880029025313,80.50521241626221,198.14536780843272,287.56833402910837,41.92995958509553,1253.7965199602975,215.8535514549477,78.65685161006168,70.30514645648293,36.61760897661282,284.1056500796036,211.44001864128455,933.1470702762372,244.4594635263935,51.686058233730485,39.00865133079638,201.8293635385135,61.336070380053556,104.20406933982164,382.981541375536,196.2479367345701,226.1103842851084,724.8913063628349,582.0347202087585,2030.9564526998847,121.72725911650808,86.53800051135633,54.41181557714435,227.24787056168063,43.55620021882714,129.06371181416,2008.1162531446896,489.47323757745363,848.2362977074364,178.40526376612624,220.62424414021118,364.36220457400873,378.260139303068,1228.307252121616,1297.3012743346815,556.4151780984116,567.4261147551828,196.60631964141442,741.9991457820108,285.97181423163846,193.8976439944777,36.03119333433336,81.98336576820985,313.4555062828516,37.318210428583434,51.057227282300516,178.30916369740532,227.52090176771682,39.67036842405243,88.4526168999494,210.7564114686636,259.32511892809697,393.10309442878173,1134.8732759426582,196.49442377309762,4638.915033718426,195.17286024291917,696.7805254617567,190.2864709641737,35.00598491974973,446.9024190849271,179.39173647898178,67.60908237027226,54.75907095252621,35.007167865627736,33.45769178499107,598.1039388769833,202.1967460398698,82.75168758692378,39.35820132673383,917.0915326738036,981.2053929461644,33.93600173999252,167.67556189419952,39.81276437102136,1266.5717325801033,41.15190765144197,189.61021605812576,32.88865013511142,44.81421512201318,208.14174827973773,713.1781160397995,36.63728029031189,96.17559197525169,1119.2008727433424,110.6852079859489,33.629568767366656,43.842171792856156,1933.7915025059297,172.2041514498359,142.63632667670143,678.9728492040623,37.81093178945675,54.600250188270905,43.99093315213592,34.95848681518957,48.39791188545674,37.398559708521255,45.78274106749341,40.686174520785144,36.45730247863498,71.54134727503514,54.04521958399146,48.73590531909049,82.19430668647901,43.55339573586457,38.80845923751728,41.79262725599303,43.03465250242596,35.7518987425587,58.91580514540683,44.361277033790905,84.18082980042135,45.656056412743766,405.52106279924834,1090.0122823495446,41.96084508402912,50.14483565688898,39.14646107880387,34.636821881376896,44.88604096520125,34.68854381918012,86.29005779674179,38.99170683049408,36.509614204216255,37.82419902800131,972.1949462248357,1468.1248852497854,40.18061922875886,52.436480993802796,37.47080580309925,48.94972924630079,39.23717833632399,117.7314978386032,37.101810212814975,37.82144831396491,52.30955742049469,87.03895449835775,None
48.09499403637413,35.730303019599404,1007.3892144386034,1756.1009357466035,4580.7230909377795,1256.8264901834898,241.80358933002583,228.9180904117564,77.64920644134935,183.79936438261325,206.63070440717868,41.04215727162223,1179.0736801217952,203.02128690955956,73.32261257766301,65.44682730078105,36.42309437250355,260.59775672270007,213.80258527636585,692.2711412177033,199.693866494793,49.7254507844017,36.36145395875744,196.7757209850832,58.97167996374104,92.29108285943295,314.2110786771284,191.28948132524962,206.0889372619661,672.1614740358167,490.3623913966496,1993.1636747698235,96.48020997040483,84.63058820652476,52.87749618017585,217.68060692633847,40.046837551237566,104.04321950946364,1848.0482349337208,456.57937308944673,809.2486843509282,162.10615639712483,202.80882065079948,333.84463777261675,284.91948208766985,1172.450153009216,1252.5850776436066,501.7091366748211,501.26129692936513,187.08110583367446,782.4803929156827,262.32617806848407,157.97218764470136,35.517311420343034,76.47288566257255,281.3923208182518,37.08627115186162,50.975906172085075,174.1306024058395,194.26192054618141,53.95444687337478,86.32477294221302,202.53654240072646,248.37854835482548,366.687550253301,1081.3199049308816,189.60617077101767,4510.382741398072,183.0700046737373,601.7541292177477,184.85244476409238,34.89416868016754,404.11120012980797,184.19831356984957,61.583531687501534,52.28713564757617,34.895276016409234,34.67769352620445,583.6352534528728,193.00336253257362,78.79147866671666,39.004995572441594,920.0869459727153,891.8049339100502,33.890037876301854,170.5833796556986,39.457481991569736,1202.48558371284,40.74728262118517,167.32468745755912,32.87785543031641,43.91206695349411,201.4496802253828,636.2343783221188,36.40529115969492,93.68801243587878,1107.9543320621415,53.79713058772988,35.80013028745347,42.769127524915426,1761.0439654594413,165.27878745020428,100.14773442226705,636.2676303907955,37.54938656231497,54.44827106183018,43.38711266782061,34.82530611324221,45.71181909577547,37.0975892848944,42.0675625685161,40.143744498961865,36.48321681719583,66.14708596975301,51.08821721638976,47.09721608968684,81.21252514035938,42.95710861584471,38.449110260457495,41.53569650069106,42.51045208055263,35.57033629913097,55.413860571276636,43.710352925798226,79.40380597657969,45.35552331660448,352.20191683138984,985.2249495705424,47.59842866387466,48.08415870043849,38.79584532380602,35.04545558062904,43.515119664568005,34.59290356519588,77.88066546501699,39.036085386846544,36.284117829859774,36.81790042940469,930.2117777273547,1344.164261601792,39.14406600441009,50.089848253067615,36.224241697008146,49.81950256517133,39.60739464333117,106.32498434813955,37.01963529028492,37.54783008827519,50.109703463077174,84.60480230373365,None
46.88969339880839,35.57855724199317,909.7114894662708,1508.9951423252426,4210.30991646101,1132.3876201193386,235.9252137684652,201.21045011151435,73.0375290801892,168.67072209009277,175.48760817917926,40.456175002245296,1139.4461910485993,197.5193328460849,68.70850622680975,61.16358410913959,36.24669949233336,249.31511598455398,209.76744123408608,528.6840958134446,181.98856960270317,48.018268580739075,35.974488468171984,183.99582994132138,56.82171487624036,88.84543109474461,280.59119797883943,186.360102425397,196.380010199362,625.68720412587,439.5414043131751,1922.7584889656064,90.19690301131321,87.9987835193232,51.48095234998395,204.91494717749268,40.79130780918212,99.1581657047765,1623.6015846692028,423.7830727535392,748.9184572995026,168.21969927045188,180.20156174605216,302.1589643355442,233.80054835938202,1118.66447846219,1132.327685500193,460.2480282890169,495.0393303064,174.3120912830921,757.527375785127,252.22007420574718,113.55265287483569,35.386423135819605,71.6670757453148,269.513465886291,36.86340697011389,47.83787927489818,191.66731604503002,167.89250614753703,55.23799139904294,84.56037430368528,195.4963745415506,235.783020830094,354.82865602643534,1109.587442501897,184.91323416291573,4266.146372356179,168.00196428375838,533.0750627926889,174.53416839626442,34.78926583794527,335.6705330140211,175.6827029549416,72.93051425043059,49.82766910078658,34.79191430170364,35.456202076539505,596.7596399153556,188.36430956608638,74.35035890969831,38.707541879686644,948.521733101976,735.3686402724793,41.55138396839831,165.41558918036418,41.375784922382394,1119.6297512276717,40.299527072710994,158.96025868824702,32.86736178459279,43.160401440379,195.2388919942587,605.8810671449297,36.18869820599897,90.06719486188182,1051.568740700867,47.871447447435465,35.764443388381494,41.8488238541033,1480.1100561615629,161.77677778414883,90.77546883090777,604.56486760832,37.30505131808425,60.672783741232436,42.871638672956784,34.70504843993551,44.61332807263303,36.95989703219568,41.244384581382214,39.688226979045034,36.805039701492674,61.89136977548418,48.68951040804672,45.63233475038787,79.8542449046412,43.61689832400032,38.108622421999286,44.203831224210546,40.63795857368754,35.410527009334544,52.68198963904853,43.007886863490725,78.04540544819693,42.52815067712017,282.0830955092425,878.516553071982,65.72351892308228,46.2873005349156,38.46221928469815,34.96119413002275,42.25431843384216,34.5201462776993,72.06638019910457,36.98334970106549,36.065986874902265,36.56976551057558,903.7657947278904,1172.3753115484449,38.80122129739621,47.84042293830874,36.61429716365456,48.58928735601314,38.02376288261951,46.174475693417904,36.40593459492101,37.287094211889034,48.23802981766129,80.83426663861339,None
45.79511480174264,37.70198875352439,830.708136144544,1411.5465121046213,4034.4346342594536,1007.3949103228687,220.54072706250557,185.3651459560094,68.39583445968769,151.42811309891528,168.1586572998113,39.86814163356737,1099.2903281053902,203.96860913870282,64.71749388291383,57.581579846213224,36.0906738781585,242.2677333876379,198.28408434518084,688.9298082641658,160.79027115997994,46.529711747484114,35.82640424084415,174.94916374490424,55.13815371695232,85.94647748812004,261.1732220965334,178.9488967322258,186.86343791183842,597.9811722757239,436.01094599573685,1808.3530629982895,94.42860828188472,84.8546021093501,50.11871499861992,193.6299655769582,41.11078569322522,93.94917436194132,1441.3669383100714,355.92478662298083,636.0394496436272,168.13382056391694,177.3148569286997,277.2604898802763,220.71256319806733,1089.8201923251981,947.3284013780603,423.9161011255028,476.7973811881481,173.05377752729737,578.8712028123758,256.20626238466133,107.03950685651695,35.26892047312173,67.51671148320446,251.06722985681785,36.65308118298935,46.23090884867648,183.8010071968006,148.58497170846485,40.770654332406345,82.57209187815234,182.40909656081155,220.84032720948662,352.3606462032376,1029.668427553891,178.62080257144498,4205.038506410222,171.58049437386194,519.3206427968423,166.5316253639347,34.693318181601676,307.5407013330971,171.42120829063438,69.05877836750331,47.91192662399503,46.33710672648404,33.781745941687234,619.9769126989886,182.87110487338123,69.81888583479947,38.405581424849096,856.3280508634983,657.4154470637842,43.22927399344773,157.9051598720913,46.05163506580266,1012.4153165707204,39.89062244032058,145.7769753890953,32.85721708124911,42.490239320718395,182.904207997997,593.7510569858555,35.986259215061864,87.20047353779451,935.7630289180834,53.11869987181439,33.652875170506746,41.058724848540095,1280.8530019292873,119.79071537083412,89.6395829916193,510.81610005392577,37.07693033197753,73.24778151663263,42.41987919098169,34.59839320443049,45.22228358369585,37.55519079386414,40.97736371793231,39.326020433127276,35.4050521439714,81.23090944983149,46.65952481695835,44.34083079079862,77.03393547080546,44.35171165485239,37.78399815266287,43.982794195183786,39.979518730640905,35.28566943012612,50.41428127497362,42.83672539960229,78.92053728342431,41.773292739760116,267.84081676713976,786.6402302210656,87.71789692360393,44.73986337082656,38.13957206195524,34.43131353532732,41.135688504433524,34.451856674095765,67.15073572109279,35.53394913858554,35.861580848479136,36.312193107289254,849.0212759614352,1127.5741739527184,38.48589846866539,46.03277040920494,36.84567123736288,42.94634414123722,37.900782075934465,45.86779123846804,37.48880837617999,37.04360462817692,46.576435538129275,75.58514223492956,None
45.065793630171385,38.73840001387528,774.3399461741509,1398.513561866103,3823.085167196892,950.8605499646187,204.3416168997644,174.06218745253653,64.23719007876271,157.04749158617062,160.14250126401546,39.296934395950096,1095.1695152361174,218.2917491431569,61.26663965755402,54.62024717367319,35.94824858101563,231.15605156508403,185.03689953123865,656.8298405485813,149.57295330176225,45.371086098046504,35.684517595056704,172.82296280463132,81.28098806130683,82.13778573930436,253.99018577597562,171.25318553358062,178.71426552038037,543.5691519959124,434.0450951153495,1623.0339164556297,153.4939988291742,73.9338069572822,49.25378595911917,188.46628138699813,39.242587491496494,90.20370619121012,1235.3663153612042,276.2399220134169,476.30615167450037,154.48444597932038,171.128647562341,254.60928011643512,212.94481235807763,1089.5019987758067,900.0303537095369,421.303999325945,436.2747393071945,157.69164494135373,531.8612963529448,246.94081601364286,101.2447411332582,37.575855717261646,63.92426862788825,234.25630724616659,36.4595098631209,44.697367612016755,143.48312067387837,148.21275941299,39.31613792849405,78.11284035470678,172.0802789319302,203.45878441862988,356.69389164771894,887.4662916933479,171.70453849410413,4005.9901593421223,186.6007985156179,509.8541324113005,172.6757280745102,34.60619829156257,268.0499616176797,164.8114870311597,53.50044731022744,46.30651462211743,46.807846648538224,33.41398606707984,609.7699345904401,176.1252715433541,64.51076634257478,38.111097465416705,737.160182734021,604.7594000953735,34.32820306739593,129.03866849515686,41.986543104521225,875.8404686425891,39.50276468711142,139.0244203074723,32.84738148975971,41.91588654258493,172.29989175879174,546.2393832440347,35.79966020818309,86.53818215799463,862.6104319590155,53.24309985399101,33.51397178092597,40.4226817542438,1182.6455993942711,81.8195358868377,103.84792723191536,441.3809437891412,36.86804133634495,139.14033490400507,42.001505177948935,34.50673387124609,45.193712438181755,37.872531241112384,42.51462956791613,39.03579576353877,35.19314711831136,85.11375148095155,44.84501045413664,43.16362740177033,72.7553389071768,55.642249617014635,37.47806847904807,47.389457104035365,39.49275741620689,35.188578402501456,48.46960040957285,41.71759138624071,75.01791756334434,41.35073672519526,259.66561517427846,671.9830867974941,93.17375431206959,43.43912899710308,37.8311569505961,34.70383070585797,40.16657196480032,34.38770788272066,62.91652122599183,35.39962130383903,35.669861552824685,36.09612216689664,769.2503790734356,1049.1512724656693,38.19064513984984,44.44386039122664,36.55510497665929,41.876036279737384,37.532106323518896,47.39107166548746,37.94518953724474,36.82645022995373,45.08274675863176,70.75996660895018,None
45.459730475752814,35.46828943803372,782.7839191993736,1230.8181954141244,3570.0823393449346,885.0437661082792,185.8440065232227,160.22248748333817,60.60190473725914,162.11079520447362,132.52905713703998,38.738753532862546,1046.1859555672647,216.47998050312802,58.22883790479746,52.10665157615754,35.80201514490476,211.2274102163383,170.59470092856208,454.77667059406417,137.16198597413722,44.7162057824425,35.54814580892965,175.56673423266102,95.87096981172907,77.03026901034428,255.53457989751968,164.64373096493912,155.55765652363428,489.5428119901704,408.0134417708777,1407.7063903703565,181.81812417873851,68.89995682111862,48.39898747352206,188.35637594676803,41.771542319381204,85.30660511940253,1055.4931900360955,253.52250530353,371.97976288847497,136.7895576357293,165.92296979240137,231.52121182396118,199.27539590516886,1037.1421059489796,872.7160164314868,391.3734353647945,364.01333817677397,141.29138370946276,519.5837163817704,207.84832045431511,96.26065702574965,88.51906511184481,62.57454999512827,217.32957199371262,36.280896329941925,43.807049184018936,140.9409541306134,145.7066560746986,38.51340990303356,72.79620380581912,163.44808516591817,184.76134232552076,324.8872711432315,795.73655843784,165.31100615469452,3802.7736502798216,173.9907614567133,474.824635774348,162.8638858586593,34.527531915350245,229.31299751710083,164.3706863086422,50.533673491275565,44.90646176002135,35.389176886605576,33.3840435720231,582.2964819296249,179.14754438705742,60.7520045218357,37.830846330112216,710.3601653793179,563.8946144603751,33.756359068644464,95.58688911149041,38.451408818202665,714.2947299499002,39.150194009864784,124.24329444261524,32.837776520855016,41.42328591024697,167.67144169580098,481.44033692943236,35.6257515595625,84.19123586277844,789.2233267692646,49.150128711389314,33.4913346327207,39.931351880918754,1099.2947313835393,81.7165903853368,95.93634942302481,400.4049989668686,46.50325552533824,131.73468404858087,41.59940187009247,34.427883425093086,46.0994999617278,45.29392184150914,41.13135999570543,38.78723498011815,35.081183829383285,62.95864747323464,43.21583947527532,42.06491217338346,68.37512531952655,62.69495010333871,37.200090863277744,50.47732978030674,39.101925038086655,35.089387330582994,46.70404190639118,41.40705911458151,65.92219690791708,40.95550157446347,247.75179489662546,533.5996846128763,60.56900784785668,42.377153322175104,37.53715622595665,34.702281696785306,39.33739342815261,34.3271329526399,59.260652923627326,41.616146813555225,35.487516071081686,35.88842727027092,603.5379987554527,999.3341447645621,38.051272562693796,43.10198444811984,36.69629973546419,41.187944668662475,35.68014073288968,47.313503099603004,82.5489977373502,36.640598987277535,43.76659130683281,66.70109864408805,None
54.57862606181904,35.15512550316899,730.6617808302898,1054.6460584816741,3297.356828245837,828.4248937891767,162.7517536169173,162.03562874232054,57.49606988594977,160.4622069065187,107.40465400285728,38.20163332419841,926.8261459432383,199.50685484088712,55.53538212987013,49.91887261812782,35.66244656464887,198.23121404898117,154.27359114318824,430.9847160513248,130.84163641358384,44.12732044701515,35.420493842118844,178.34357717740974,56.38505099003396,71.70212515027335,239.03946969181158,151.5941164588721,112.89702771375171,452.1793129734288,384.56077353394005,1243.4912367148186,167.10665998337808,64.53637801372834,46.95182589791174,187.23004026211532,40.304457420675675,80.39750711302507,987.4327229469783,243.08968568716412,347.37027518409064,128.69051331457666,159.83027823252306,206.40616971511767,189.0204733508871,934.9555557541373,852.0321230466823,312.67468110219363,291.6990697634863,133.75659501000817,477.47200534488127,187.1483545507616,91.05429497254806,54.04332850706192,61.05890825759607,202.41132287208552,36.11703422086399,43.05366837725428,139.28967633019178,151.03593108724175,39.90575109427253,68.32370837977922,150.96331742713042,161.70520164600916,264.7576995127258,684.2080225898671,160.2579602865813,3920.5796750390723,145.27510888268714,415.7639269857244,144.75645521068378,34.45935013291213,214.73939045693885,159.55559648076402,50.8122455735831,43.64160302541832,34.517020686914485,33.37044022409401,500.0908265595633,189.86421920053817,57.63792468840296,37.56952669272538,792.5385593640143,530.1724997518551,33.70873763865931,91.11556410697293,38.03558199853074,609.9670917855682,38.811057338542774,111.59474491559747,32.82836711594182,40.963290345665385,174.01899370494732,431.2959724943624,35.463676960967774,114.40511082760244,664.9464550770784,75.44660673009446,33.4702911875626,39.51690536190661,990.4824917146243,80.92496900299982,76.64223840654216,361.0400335372674,47.794349909734834,62.790114840954296,41.200249607764654,34.35852110552331,40.362118231361656,50.437840166217796,40.39461377834107,38.548591761930275,34.98870982701716,51.54162423059567,41.78686345104097,48.778141793639186,87.26096687405584,43.955700887252,36.948590928225656,40.30814550599485,38.765587553618325,34.988863094160465,45.13347488459689,40.98230566118715,61.20247760526955,40.57303312569965,231.6978163310823,512.0080093158476,42.411298884477354,41.50488719335527,37.258248676572975,34.237592280522925,38.635964876057656,34.412428824808046,56.111862704334094,42.45103484639419,35.317079397593595,35.69506588874211,500.63702141378883,933.4266189802278,37.81981008641725,41.91710911999497,35.377798607358926,40.602023299124774,41.9827967030928,48.9570568912066,75.61495311103012,43.233671916061,42.64556997710502,63.02060337321864,None
58.17972385149177,35.069423174345474,712.4063414475148,1072.8675689039012,2872.7083590906127,812.5115295714917,154.42543476303075,162.8395526419141,54.796897920624865,156.1593189715129,101.43510573285809,37.720830397999066,868.9068022957052,190.4987819503641,53.21752407119804,47.969352228238776,35.52667281936749,191.07961657886003,137.7256089701439,408.2887962351167,125.27635615055506,42.882623144869434,35.29973535936942,164.46653851686648,50.72419371332426,67.04735116461909,214.99713220657424,139.35880738713035,105.86521555372768,426.378220181496,381.40813322932127,1183.1833913928826,146.77122869825385,61.67852726541536,46.18314039649221,181.1936561049303,38.455038217858345,76.25110597663122,985.5373322920047,230.70551055325038,363.9870390640155,122.7878128473672,152.29831437602311,178.7901895879219,183.83728466286342,819.1948020825167,813.1550753692894,260.86016133688327,260.1554712096691,107.16201920685744,405.68893516802217,168.14969674942654,84.98579142788213,35.62370099633924,58.53161979069171,207.44077512045277,35.96634728357459,43.19138337743585,138.33986552588854,152.2790986332136,42.17190546279047,64.4733463599987,145.09718493636308,138.4997157192592,252.12697861982812,604.6380593968299,152.6372877985136,3867.8804512452,156.96124736520244,401.06214566730733,129.1682507701642,34.40343015598073,208.42890831134477,146.90557414468438,49.91863428594056,42.50881152398743,34.439234224169766,33.35703979030921,399.74051108521337,186.43146801671884,55.06447012249055,37.329980561004795,816.1430106755788,527.2538832791851,39.20591024723154,89.07307063600322,37.79254375193844,587.73643551546,38.448756843450454,96.367367864629,32.819075937271194,40.53115611799877,165.7287654000749,406.7145894226223,35.31333911467535,93.36832485191047,565.3140525676766,71.51882115938673,33.45005124931381,39.171678928118965,965.2279745403638,75.33044705456632,72.78243774307917,334.1782517068769,38.64707105899245,81.65533144186081,40.801391868221714,34.296295507322306,36.474797604132256,39.43646331970046,41.37347717345436,38.30005739194198,34.901923541590556,53.0708313128734,40.5513447129709,48.689970296380956,85.8324108765175,41.8799835407135,36.719900770622594,39.38757521504887,38.45577480031509,34.895932269687854,43.75421497788179,40.557008300702336,57.32334513892232,40.18347975345369,219.3614313480888,500.996191462212,40.36694473420529,40.75990963499161,36.99556754921768,34.15661623114143,38.05826084400519,34.61516558971858,53.41604716606143,38.467753058825544,35.16271025309533,36.19392129343513,490.7014886469016,848.0373091948214,37.39888594242447,40.849972537289204,35.181436464041674,41.52144351417615,69.06783932072804,64.66944191363484,37.69527998621815,48.171710249099334,41.72648137996866,59.72146902739981,None
43.74026134304799,34.994297231458695,743.8084659266189,983.4993690129734,2548.8681003144525,794.4022245739637,154.3993137565479,156.88749005461938,52.45117335206501,154.63652966707986,97.63089020128115,37.287171607802314,855.6956493421111,179.00988017671085,51.27202023790946,46.20280755703409,36.09798870939047,185.78954201763855,147.14046998222418,367.4792490851548,121.54018668925976,41.94703275168544,35.18603306770576,122.77285047210869,49.60278233628824,62.910560216537846,198.18470821018312,132.02338091387432,104.08780526011293,389.5972296093407,367.94771129816536,1100.276382906264,120.93308361050222,58.98279906421956,45.377576587956966,173.81260402511336,38.17597734174027,72.459635429084,955.6419229380278,213.72109162643062,356.36320595686465,120.62976456658372,131.8902851475703,145.99874357960826,182.3800853885386,712.7083516909354,704.1237897421713,252.03672198179132,236.65261950286643,89.85668550831078,350.5973650869252,163.93819761315996,78.95848879967784,35.057882411039394,56.2223704079809,216.3056876980803,35.82063623133809,43.10150911915572,136.84605408786265,129.76675148106523,40.83065471844172,61.07268845278165,151.79990944332732,129.28451141678838,240.13396192768857,536.9860310424108,129.71068862979044,3560.854311152427,180.22807463787976,387.3980303162786,116.70236269251221,34.35753816364766,203.392142440073,116.64370206008304,47.5980083399253,41.50726043451901,34.38713894773738,33.34387348297054,400.18797896452696,171.55264449950556,52.88901510422293,37.10426647242044,784.7493966842169,488.37241566614256,39.628928316737976,86.77558552018414,37.55579539329271,577.487732935649,60.06512919895281,82.82655551531894,32.80987559381513,40.15294113911133,126.81329969448582,375.78082986478273,35.5912609620113,63.010334362166795,529.5837733462088,46.95472903238022,34.97373313553069,38.88862501394919,1009.5740260752353,70.8621012494836,69.36159935805821,282.6800070526949,38.7137136272921,88.26138585896793,40.40613157005382,34.240472154112155,36.29666468796068,36.167177592149024,41.93735252736696,38.04123023072332,34.81457427324424,68.30513463554772,39.48599581408949,40.64934341184417,60.07581096867703,41.81171100376728,36.51372437099782,39.12305615115472,38.16881676515895,34.80949881228128,42.55119092810597,40.17620119554819,53.9880355045671,44.078385272228225,211.2972886422146,471.9570059171241,37.603314461403066,40.11567445402999,36.74633222467655,36.48222203468049,37.93953165439108,34.389940150142735,51.089072830061866,40.296126149978534,35.021033603795516,36.01331120653514,498.87891924635863,795.5680629975584,37.21612531377368,39.9274004178398,35.06066128233082,45.97207117938633,65.1074382572993,61.23578158775249,35.5114423715388,40.59437814152645,40.99475899270421,56.96548700872311,None
41.98276261544815,34.931589231907466,727.9016762615263,938.372890113696,2338.4519717439302,769.3890789842043,142.83823018148826,157.80921816404825,50.69937388765528,137.46921868066894,93.9165432449215,36.935336408957625,822.3848721007242,173.86764669126117,49.59227564540301,44.64765981945342,36.116987051742356,187.30513056205933,153.6617070881293,328.1328021520825,123.81528246194155,56.44723894736287,35.08285831986132,93.26850443113962,48.614593117048976,59.3146705011036,167.91143397577122,126.48241068405876,90.93606079903334,366.5871209859263,342.1927420836871,950.993839272311,113.35607130710022,56.10519337945365,44.56980338117758,167.82021417812422,37.98298380906037,68.79975067284613,835.6385104315584,192.24341955576568,329.42986316126,121.21383181830014,100.54862435184971,117.99276115993992,178.66126945050723,691.0766203416897,547.7695038401666,230.09934170372475,218.68147170297817,86.97219119536591,332.06676418905704,161.25119900478097,73.44168225878774,35.070027609195755,53.65885491182788,213.6945755669085,35.67675371689931,41.3906081903256,113.15647553416895,92.85196947459495,40.45988239116593,58.05242511679333,174.39536265753654,124.44504904302879,207.8337966635011,502.5200299582508,91.3322024990552,3260.69217744164,155.7351208485334,363.9263039005338,107.34819736853386,34.314776405227704,196.23697932283255,88.31646921674606,47.202885758543815,40.62845256804064,34.33024019803749,33.33335613392492,399.65220414484077,147.91626259608617,52.47196692172021,42.64659893162332,731.3049031863902,419.76925074505164,34.07867014461676,82.85418796982701,37.34009328554826,527.8570379673079,61.407667361357355,78.73852046449865,32.80077191284732,39.81571274037803,93.59479505481085,388.3397859394522,35.828504884259615,58.88986602679754,504.02251980141017,41.06738217170753,34.98646528705586,38.62886190877862,996.9856247834076,65.96594719968097,64.61337430181085,276.72899368976084,36.32874022360125,60.080200975145424,40.88767190926941,34.18882098985047,39.22332564994518,35.85957233355704,41.44928464647007,37.7860027028231,35.050967990613856,78.04220874688578,38.58664674720831,42.861323384764574,55.335947512184106,40.71483121431413,36.323942777756784,39.3224295389108,37.89697861154977,34.725623212890696,41.63015136492106,39.7964026647809,51.15677484957299,44.57934261269799,201.41822767275596,454.3089971041255,37.194738718708564,39.57513103905387,36.50986686775571,37.1293788748703,37.40599735447663,34.157655165315425,49.054154577041615,39.48530671873257,34.88990141181377,35.34253759014997,487.6946131814476,727.0948317413092,37.22427587977653,39.14284990895066,34.948136725754594,48.771598335039776,35.300505037351535,39.65891351728011,35.385706051596095,40.053031112835605,40.40250331315718,54.82020716917602,None
41.599721634619996,34.878060015680596,604.4092736048323,955.4365377280664,2397.2726029483333,760.836153972782,128.21717660903488,147.7863274818939,49.7064684382085,97.7285834730737,89.19232901422055,37.40388227449612,763.9599315123987,168.6754012904789,48.11511043822297,43.32711469124362,35.24691820681056,180.08405721950217,153.09632656481992,322.39799230143643,121.3428075773576,55.10738892588577,34.993306432830096,88.28684266918201,49.684202840456685,56.26990867548415,153.3688167979907,131.10398655180322,86.7088776009457,370.8732036413734,294.29941883266133,806.5095666701155,111.14123119134081,53.76700561677044,43.96237104434168,163.36659909000272,37.81757649491528,65.38121861880198,708.0371604097674,183.75070837314288,304.71630838709706,106.89122056584335,89.29106989342795,108.5654375612852,175.76606410991937,645.0396457567597,484.96222847539343,201.52701604104308,193.3418758690685,85.3852592400396,332.85956755635755,147.75311455357547,68.61011928600655,34.74250425662068,80.53213123322485,188.45086631925722,35.55338440711088,40.900017744409865,88.2433326656407,85.10549990083753,37.71534859128546,55.74504997434001,169.83504442034186,127.03924537098352,185.91666311907983,479.4314340353537,86.55992596090124,3087.020267111024,103.86564121414324,316.423865591982,102.56566820841248,34.271098631599784,186.96414430309156,85.28285684934043,43.423797048232586,39.87048692345389,34.268157263251005,33.323238969683,393.7491341336937,124.97465325516231,50.98925889010678,42.120643521582416,721.9371009566407,397.53297533072924,33.79333027993674,77.70555615074316,37.149033234829496,472.67288097900274,38.86830160029425,77.75753369720955,32.791804973293964,39.49625526278608,82.83625122019171,416.86620518809127,36.94161744670178,56.611703468923,521.1267520445142,40.2286799224733,33.48003779716243,38.46593841516872,873.453507503526,61.52452171211874,62.296499888342744,272.3705479243464,36.05377291661461,49.73056018828848,40.9513447462291,34.138091796196086,40.84618752911792,35.70376478665109,41.77107140985608,37.544096722992634,35.01986630400666,64.34582136699716,37.849528662797,41.7347616204208,53.037592666147496,46.3266663002534,36.140030532581505,39.45087157265742,37.921418468914105,34.63744688462043,40.85981509952851,39.433454316863546,49.125449397159436,41.870372333142335,189.54521091854423,473.6419477430369,36.95042998135424,39.1404531288378,36.28768848762439,35.549919781545235,37.0030017060634,34.15622086891261,47.27423733687978,35.366105167884605,35.951212256403906,35.19354855094006,475.97278848584364,606.7220819596922,36.94000338894659,38.504647914471114,34.847822391777264,46.40944495953222,33.60034990068779,38.11024647683057,35.461235463497765,37.1335018474234,39.885129039925594,53.459171956320475,None
41.263332174942754,34.82215588280892,489.44552484117315,838.4341530351671,2347.1582792852328,717.2304781969525,135.8382549688562,133.81759103043888,48.744734818371924,86.59676074058788,83.9503651413233,37.3308062124441,749.6899588668039,164.54891574624997,46.876379490132905,42.225149802092005,37.68654757391885,161.69579955874056,161.16893838449948,320.6582078403157,109.73285275021429,40.803173095316,34.91634112566677,86.83935553615173,49.2254116605765,53.692365083004354,181.8050491842553,134.84777328444272,81.4419257381191,370.83102953004396,272.9469821145194,797.9968645130239,118.23529576463844,51.62976741441091,43.419730770858926,145.6895551755157,37.66801339909111,62.25217932167551,655.7561583666661,180.16038649127202,284.2966227576306,84.29868506569841,86.99422196741669,103.36706911864027,178.01781221362992,593.265297138597,499.3819973794664,186.70598150761074,171.21899912255168,83.321172696223,319.9501943665385,138.52012128217558,64.41260299126425,34.67337444454223,80.72077972322415,166.2759409575174,35.444979595533155,40.55999930785386,84.07523633206324,83.79460855609794,36.811101760322046,53.500445224966924,135.57929377762918,129.8397738731304,184.3427540759428,451.13720728574026,84.44698032191889,2955.5244065197357,102.98680893386782,321.6804705439923,103.27426280636749,34.22733034341737,180.2387212506467,84.22610159835449,42.23596712187988,39.243560100291354,34.624024862146136,33.308772707637964,367.0824088261992,118.28283518851495,48.12191351523674,41.816141549427925,593.8984066946475,380.09106585934313,33.57304584640141,72.81929028984771,36.96345075277114,441.5961142930963,37.319286086213594,76.40515114937219,33.259621271260045,39.188182285557154,83.28799529437623,341.58772801219607,37.955060112500014,54.57022881178667,481.7503456897886,39.70142615670076,33.37977909832433,38.310316637797904,811.3799099946671,57.548857057203435,57.39688468435014,249.0944901744276,35.928744439809115,57.47419431836213,39.3924326558111,34.08764121870081,35.93235741617261,36.5543857793501,43.089877229501425,37.31438025376268,34.62297056015184,47.41624838475749,37.25185828270703,38.3494489677855,51.200908177542324,48.02490705446282,35.960528617771814,39.61771342272216,48.74076309673888,34.55978761319672,40.65320369006106,67.7419879503277,47.317246473711535,39.25602842023562,182.34642554314198,476.38541569158446,36.732279262396105,38.89430645797075,36.082291703791924,35.32848756747294,36.78265783668001,34.097298337032115,45.719436368931504,38.63808429914797,37.385746193814576,34.96706427945748,452.3069776214962,508.87531434306203,36.72051794922067,38.01429995242109,34.760873880347155,39.26707007258555,33.57913884038599,37.83074358128397,35.404929519630755,35.97635838412957,39.409995279596146,58.304597156421174,None
40.837248258632606,34.756367806595286,452.5427951966072,688.8112012006083,2156.5689948535237,675.8689869642624,138.91087625841456,138.3715701656655,47.64835266160351,84.50155575002479,78.75382300966177,36.419146980356224,699.2182072004268,164.28380283083106,45.83976752669231,41.29286712171306,38.64636112784452,146.62272386005918,158.10669859173484,298.2479103419825,103.70301828136759,39.559225345825894,34.8483977545712,85.2315998099461,46.36212104110886,54.50844438506882,186.0338171889046,123.76372551015587,75.71105903124227,330.6027387872905,232.68641651873267,851.7377341896823,103.07554859481549,49.717100196417455,42.90943792429758,110.47846964330571,37.507504824395696,59.426193483820455,660.721861185715,180.53222622860162,256.4543639930442,93.60757833005677,85.39235733956272,98.84548197336916,178.53305373238825,577.1878836058871,469.99533375804674,177.27322461133338,164.21728185521343,79.58859248938238,311.280383119754,134.4014243898253,60.818585244138546,34.62117771215055,52.20075515181694,146.39299893580818,35.33237142635013,40.24084098247867,83.02371190375004,83.69655192877545,36.58891438991897,62.88418534702807,108.68656828595041,126.60134309053163,180.3467765342272,402.56546416518495,81.51989913590218,2808.4282392278524,101.16017493152002,305.0762752464893,110.4062161645333,34.185855921444826,174.1105271979163,82.57493394283519,41.352549311785744,38.75424957938254,34.791558186192496,33.302503940234864,314.5330801931575,114.52217361104856,46.5932093846896,42.36250652750764,529.556269116819,343.9864131798403,33.53348037972801,68.55654528153735,36.77751767526822,399.0014810463372,37.068896976928976,73.191288739211,33.60854528869653,38.884331464218995,102.009462560326,242.56617388811938,36.146304358315575,52.657860418734245,420.61970443297287,39.22343797689538,33.36275295879243,37.98295224591213,828.3576651187008,54.00004793214893,63.335248541301496,220.26316704996646,35.80591219736124,76.57427710979489,38.94890994622773,34.03820592004074,35.65377216557722,36.94057884378977,45.113205018683814,37.09183307869245,34.525317195476426,45.6404089682718,36.76876901683829,37.79738272882079,68.23411934733332,40.41712677607745,35.79155053635427,39.9345106268955,42.72267339841709,34.48619217748759,40.30710649136819,72.16880491929443,45.055388108121065,38.56030269011283,177.17796744857552,470.36560582411613,38.07820056515471,38.78174336560362,35.893189222522075,34.032488743334184,37.67149492448103,34.74914892820334,46.918973983590575,42.69810606226473,35.68145988887804,34.86213049755229,380.08672199910416,460.38771495313864,36.61742631224285,37.64182304148203,35.333769744957465,38.562460096168635,33.56886087192817,37.5849437357234,35.114954524775115,35.78551989464121,38.98356498489706,56.4389713531115,None
40.49970540226746,34.68418844490523,457.5513800150867,650.6126612735753,1916.9474363854044,657.4353762737626,143.23356446165482,143.28115129859492,46.1724838516655,82.8855730489798,73.69013308436945,36.23639288654356,662.3270996250321,161.21593381421766,44.91039340997557,40.48289407600801,35.40846104836899,138.39747070291796,124.16550313470758,255.08156532136104,99.57628699828604,39.15944527049622,34.7850773539907,82.28262806030173,45.47073076909695,53.622882119367745,192.6513917393985,93.57752206945585,70.58660730787877,278.71795453278503,191.93450497034905,865.2211279409918,76.38587970351504,48.04351214162348,42.42029426199736,90.56850891377478,37.352786294828036,56.90105665194889,657.8327001322613,181.7921414684066,221.06642549199645,94.32397968885832,83.18382275248563,93.56055086485802,174.03795291229537,533.5466872827632,366.2902034996337,182.28325192078964,169.35089887408068,74.88758909714814,304.0587201788496,127.42087604577259,58.47967435164746,34.56827258369603,48.92816436321271,123.31713840435688,35.24473900974707,39.909783375899345,81.77604995816766,81.09877557917682,36.403362150829395,66.95367878468882,86.86402356119673,127.23687060542534,173.84994797910468,362.3541833658555,76.73326965014448,2632.8973557529525,102.06600661936459,244.17965519942123,121.04781347884679,34.14875504069701,169.15211525227238,79.009039667425,40.62426374326035,38.35057251825248,34.153312487664635,33.29765487345576,271.80053238410704,111.24586335194095,45.31328049786378,36.60186975134502,495.2185212545128,313.10792420087387,33.508071166469634,64.69833567338739,36.60416992021784,339.3231206389129,36.83754694492155,68.48845096338465,32.951065878154445,38.58075692341289,97.02747413333113,198.4985445725065,35.907484838089154,50.85966118038954,392.43515503605215,38.799504717595354,34.68232289130528,37.711968229526576,848.3993308730327,50.97961441829238,67.56776079401081,219.8389992859124,35.68654008106697,173.17295555418445,38.58538501177567,33.991572688414124,41.23953285511929,37.53628412556535,38.86187524866503,36.87788268822518,34.447527171595915,43.56020398063246,36.395172038991426,42.34220336035235,66.50461474084264,39.78351128248864,35.641206159036265,39.225316909624674,37.33467460474951,34.39007665888967,39.52234509645575,41.28636323233262,43.48990450331304,38.218503753651596,164.45650544647071,441.7901014208024,38.181846602079695,38.48194842623428,35.71612920392037,34.21141453400798,38.09223443211454,35.10023282540178,46.55815527495643,42.00420260712625,34.78052640758883,34.768430468686255,302.8321072496028,442.05703218123915,36.147520615714896,37.357201204462044,35.6363682318723,38.2699094367237,33.557997116130096,38.62192386659604,34.97082132788303,39.696958815069735,38.62686815152462,50.10097903985418,None
40.200989614915926,34.61413278680285,455.7196379025255,582.2615774887349,1829.4637330067287,613.986343483578,148.9613996421687,146.29078539398716,43.92952033104224,80.35706042810867,69.04679772748979,36.10083430629328,627.1653083237118,154.90577045585252,44.056617912506134,39.79505837317677,34.93560360907187,128.00813793669144,87.66808534739184,240.61338081152482,99.43702301099104,38.828001434833325,34.72381194108902,78.12283511760916,46.23964715653408,48.542442954352616,204.0419786825094,86.31342015612913,66.18516568508907,254.84676549072776,182.1353974762078,795.3397508236225,73.9698487945082,46.80871948946066,41.96654360904813,87.77263027420666,37.204300716553306,54.65209332838826,676.6556430870156,173.72297539237476,209.72529796086224,78.80237491906331,83.6276583383957,87.2365046342398,159.7368450686083,471.8929634095836,353.06789037099213,191.158937690257,176.837277391244,70.38690066233794,266.4386487156809,134.5405127302073,56.34360860285595,34.524437641971716,47.78278039488003,112.69115562832422,35.15983852479929,39.57031235690678,79.41850112594919,75.66268413249027,36.22221427837401,52.78542218216692,87.66822244772837,122.32004872472771,163.7997840199433,332.1933744648656,71.42190222681461,2294.9698094157643,114.90672190625591,229.3104443549084,128.86708380285395,34.115337504923744,168.15692233102968,74.22571870406101,40.043928035728435,40.9299167295784,34.06749767520671,57.46182739549496,254.25403811054517,107.90069712628436,44.18696484335759,36.101904324383284,439.5550920277108,296.0224475364842,33.48431580132822,61.212079485503644,36.44400877128432,280.86227487230724,36.616180709223606,63.91645409652004,36.11135529001263,38.28034251231411,80.44885975712741,183.57967349018656,34.725310383089784,49.17780994119708,371.9165574464628,38.44678058836296,35.56482995032729,37.4846251426414,786.0161843536946,48.52563858614489,112.7100442531114,214.52472566362286,35.57883286582229,146.19141637079647,38.25437029852637,33.94845923070901,42.54662668947498,37.438464069696906,54.145663182807176,36.67896400197991,34.37549434428807,42.665594970620944,36.118304340636975,44.57024710783956,47.771185923334436,38.38770515418387,35.506016319553616,39.448520731918,36.96848088680464,34.31641927675606,39.08760198085222,38.411045625452644,42.206302733671755,37.906173146559404,153.4361833142982,393.43114220852783,36.40872431863304,38.36413207947845,35.547510670114825,35.188428175002954,36.47337358366874,56.23322256304676,46.8075665525258,36.16590941999731,36.82323673676884,34.70336747248765,269.69848594149914,442.5681910144117,35.94252273609273,37.11925107699872,34.59811426057118,38.05953114880943,33.53501392753949,39.184546437483654,34.86072338489358,40.06723335263411,38.32814031533736,48.479504597537975,None
39.926432541588696,34.54942684680974,451.6119715831675,559.6321597813159,1838.8093265867892,585.8596192501122,152.86046791782752,150.61592268759074,49.923476259326065,76.01724128572559,64.78477245825502,35.96978773582643,552.5813997285355,139.8717780919117,43.282729561348226,39.2218292727145,34.84836528174751,121.33394924011229,83.73252641952914,256.1434625079262,99.57884546254887,38.575448271093435,34.79660414064235,74.1509399750171,46.47652345443475,46.912580779738256,210.31981094085003,83.67486540414251,62.33716927617726,242.68135527203185,177.8764167608403,738.0104994888335,73.66931341385586,45.78749551003283,41.57464416181546,86.28239284482349,37.04949453182196,52.649268998658286,700.412578902646,168.0977917339356,192.10788607359916,74.20509682275038,81.02609920110169,81.46514517260331,140.445549194211,433.0018047430409,346.0376027752677,170.4345919809555,174.5868194253304,66.32507742961981,228.6758459393791,144.8423449921801,53.89580307788679,34.479420653673714,46.77322316753994,108.32598068707806,35.080185478151364,39.24167722781864,75.34213581646452,71.0228401975569,36.056469424095546,47.97282373410533,88.9243943044288,104.4038422342228,160.27608413524547,311.54968821003587,66.73661150886271,2136.475985989181,134.83388444475628,214.2729877830078,134.90780395904142,34.084064030500805,161.14245252752403,69.46516596081766,39.50442565673829,42.35963551964379,34.502630205648764,58.281151589688314,234.37161424687667,105.76142775875114,43.185350583323796,35.93870859342711,421.6986791802548,272.3765501190208,33.46228211803588,58.22816241098633,36.2877921339534,243.576206647144,36.39931466574881,59.81825827396279,35.526610453271964,38.485002928018936,73.50003387858506,173.1275024549974,34.56912440602788,47.620780860813284,349.5954439015965,38.15226638442238,43.10505043030485,37.35265676489922,687.3765402855131,46.49651636998552,82.52646962001805,175.46950275583947,35.483689001507614,55.90080935895226,38.450579735068885,33.907793827713505,35.26364983310157,35.401478693310345,57.49942633096229,36.50207347425626,34.31072841311753,41.826082023174266,35.91911996916829,53.844107330767706,45.36910647359926,38.03609013861886,37.995718130912174,37.977107568105005,36.63090367492338,34.251510713933754,38.72722054640885,38.19339998103028,41.253743383904656,37.616890483421656,150.20229333019608,357.90078411058136,36.36422835505879,38.29493311216182,35.38796915470278,35.401881028918794,36.22433169612631,58.09973691958906,48.2736180098918,35.83736146849951,38.228501709018566,34.63964071129107,240.85382223427968,428.4972879200863,35.76504743482542,36.903796131704,34.45900480311321,37.840422165445744,33.52257723756427,55.037460836471965,34.76166829421489,35.58441606824733,38.053047139895384,47.45610641654546,None
39.66693626329325,34.490979682605,412.82770978670305,531.2585450575791,1745.3551090662024,526.5303846945644,153.35164253578364,150.51734994944374,50.494254881923936,71.29681212985004,61.16152897677001,35.84290690657078,480.6324424626374,129.4803241696831,42.595692940693276,40.901552059686,34.794268248556925,115.0283679901964,82.31279280984599,237.8234556935531,100.48923569227495,38.386221638145884,34.78323217747952,70.48849865450241,43.75425519883989,45.79543405520176,247.92912428026452,82.56860906526103,58.99345175048821,225.1681390488005,174.8947674548817,713.3046764759257,73.59621269142029,44.595953464675034,41.26431824129236,84.36675246157635,36.901744973723524,50.9237445968293,670.5001123292836,163.69666943087515,179.51693917921605,71.19946084235606,70.59238411173655,76.49309395720917,138.12771765306567,410.861426846164,286.1000064691642,149.53058311827772,175.88940748698957,62.70675264486127,214.77883402369847,161.60618908623854,51.98264242165867,34.43083607697543,45.89334030300147,105.50407583891304,35.01622894741684,38.92555075279179,72.85103583774101,67.31449097879667,35.905529227800386,46.58721638306096,81.50889927856358,99.48180212060544,154.02801461999437,321.22061368605387,64.8504615400771,2142.672109023123,138.32701814353072,198.2931661209571,135.74863799321548,34.05328431199729,143.35175741120815,65.23003066724638,68.02036764651031,38.52464486512347,34.747465265846174,34.60638042383007,226.15069048713298,103.50130343851616,42.2710689914084,35.78733095698527,311.8525527101068,222.44675560622295,33.44101160401161,55.68540376641782,36.13132167246499,234.6388412269245,36.188646232225096,56.187549930319854,32.88374797798089,38.4821851317659,66.73973112807913,163.92877064007425,34.51581393684977,46.18552863040525,336.25866722319637,37.88237158945128,44.314858142858526,37.20324464861029,583.2447256225669,44.73793701398024,52.20849307087101,158.34817194996108,35.405023325972905,81.06666260284045,38.97817458694709,34.3287323757875,34.716640151728896,49.592204759797184,43.05557463775232,36.351890971890384,34.25168176029305,40.997147277615106,37.601698362161564,46.99632569233141,44.07495271610187,37.77202654876247,38.66015871335022,37.60131593964008,40.04100700949657,34.19193824101563,38.44880917238165,38.00303569989217,40.35692283063846,37.35556284622463,145.77456121286374,289.9354519518868,36.25426536102368,37.951535829284346,35.239150909244344,34.1177963622628,36.06907150565787,35.306705029150116,43.83788765749807,34.361607804355806,36.25870224183893,34.52592376502909,207.44128678552812,425.73608230198334,35.60007805460975,36.70749909105941,37.3037102338489,37.472386962296135,33.51084423939598,56.40046381785539,34.677094982137284,35.205962260252704,37.78587702414548,46.448689033792995,None
39.4530612914313,34.43989740819736,365.4286412932643,464.46239248280364,1589.7473959916047,457.1584508655537,154.8739641073488,140.42317854676284,42.45352492235497,67.21062906375013,58.44626628604061,35.7144785507934,396.19761248082034,124.77727840235858,42.00157055525568,41.82950743744921,34.73563966252585,115.00600138939433,80.13857854884802,200.26378845283898,103.91121814085086,38.21433712722409,35.030717767196485,66.82611825377829,43.10997149933837,44.863614277667004,335.36102901278025,80.60788438506616,56.265614094091454,206.4287158476155,171.52552000343667,669.4177648750413,80.09996761544414,43.64696147411682,41.01406160704757,80.97132016295024,36.75558493258924,49.55356482777979,635.3730163717721,158.89762625493347,172.95053346938272,67.65220426890481,67.12492183245367,72.14240010756139,135.10842257530962,404.12809388245034,326.85029285146254,157.89875390096938,169.74809845885986,59.54673501424921,207.13160753714573,155.26758150526302,50.36343146933379,34.37980036945487,49.39556798526662,99.47935726542556,34.96800260255625,38.616804932213114,68.87710534166145,63.72110537783988,38.41660016758056,45.48637078732563,77.54066291568027,96.15449866828806,140.24047923864333,339.2129808441539,62.58523782500493,2079.793796569904,135.21354446675593,185.6843251732,114.3013093849958,34.02035588497402,135.44835884489208,61.6934941591996,58.48031432962661,38.415432386912606,34.000905813242376,35.25679420091269,218.41341602729503,94.77495051523859,41.450484373062885,35.65032362278668,258.4055463283285,199.30863743562352,33.420029623830324,53.49071111677321,35.9787845996587,225.02204909525375,35.99176503312296,53.042219826404775,32.73431734028791,37.524321825481046,62.214881107215604,157.525697031513,34.47115399533909,44.890877289361754,319.7866902206445,37.626849633002244,41.56258309893611,44.01349684623988,479.54065485265573,43.18284090279191,70.80944208369847,144.8390000640275,35.33509140716191,88.51055130192852,38.193195649989,34.554928365057954,34.61949177085171,42.01231936883446,38.519940510068324,36.22214649791604,34.194763040384196,40.23252455077301,38.48882393408128,37.268050058218975,42.91825142563797,37.610143044885724,35.53918663656782,37.464418037334845,40.765564758554284,34.136116174025034,38.21137955515221,37.69069250065073,39.46600015306272,37.11849738960439,147.81560062260883,205.36669412957957,36.048258540023106,37.79673146292188,35.103135919680945,33.81461580087912,35.945586967919525,33.880158028051746,43.8403482103288,34.22084025328357,36.35910632600198,34.463661272901895,172.56447454919922,424.2274101625145,35.68507561587201,36.9855396909844,38.68699295232057,37.706759926707406,33.49544670860458,37.68202835509701,34.608393178275854,35.30888866570985,37.521660670832546,46.44674888128755,None
39.23039913618749,34.394515952675036,291.284289304352,380.3023515703913,1480.9027024023374,407.647236706662,153.51793914536262,115.39980032890345,46.54450006959816,63.7257061114202,55.955717698743904,35.58390225918941,343.03683342903724,122.83064952600964,41.49441242204805,111.89367465800746,34.671162192471556,122.21608454651388,75.94277827921508,178.67101693541233,108.51885497598384,38.0531566037886,35.05332841675005,63.355343827899354,42.709379020907505,44.03437209041736,234.3784364431543,78.05984587731575,55.02007662803104,200.75988413926999,164.4190114131808,651.3360691848263,86.6382271192922,42.82238883881659,40.82056842837339,76.67729344503144,36.623234114318784,48.465952210947634,634.5793783713364,152.45909635306978,163.2125720838579,80.32619407847879,64.74086227278573,69.04932432288801,116.07449701218188,356.5062063278316,309.83418996398524,159.42843825923626,156.5784134180066,56.833753909055616,191.92827582528236,128.87963346954473,49.01901848225791,35.41472755667472,51.11031710364486,96.22755663079971,34.92528465984158,38.318593000372466,63.940749204424534,60.608353570412255,43.328046339984276,44.50365959695328,73.53485249954234,95.2601474168779,118.3826757286991,326.5405926545272,59.9417439223305,1932.3005451489068,133.6468408977728,154.7191611826091,85.0764722825654,33.985140973019064,145.00707956644166,58.87953521463485,39.54569843223367,37.607364599583995,34.029106803414955,36.32923528605786,202.45136176629035,90.3236823509008,42.98684240020307,35.530529728697296,234.62164623741032,183.21602305470643,33.40002757787213,51.58634919978946,35.83384760549036,219.66748806242146,35.81555625347282,50.33563944167988,32.725979347401555,37.22387420970596,58.483218902178066,151.87280965098626,34.41543949100529,43.76803139055432,279.5929905076864,37.39130949496034,57.354372667306954,44.799674053002846,418.31528322976095,41.791153771847256,83.01081879194857,137.79201852356405,35.24269129577676,44.55445569941513,37.166821418340845,33.85744896069754,34.5295525408521,35.24090680384228,38.245045159171134,36.09678588901253,34.138751612060126,39.580355551424006,35.694708250683156,37.188517994187066,41.753349948315396,37.4320046348336,35.344314150220725,37.348930633269994,36.361185034602734,40.997944068464996,37.980321637696726,37.46378061267953,38.695439645128744,36.88636625140461,154.83795729155656,188.55925972474992,36.02147527770376,37.696899528011386,34.98363990600355,33.77424659116834,35.816739883905626,33.83814522816897,41.15577899051674,34.17644633652959,34.943777953278946,34.40939662665223,159.39007127615682,391.4841416239137,36.79997869390172,38.304707560434274,62.87255438309092,37.940582775869935,33.87530157828015,37.123715025466005,34.57254275997375,35.325537321283214,37.26824578909451,45.741459941387426,None
38.97399668735429,34.35136298583789,289.4764941601666,343.3549047197633,1366.1449151588622,317.9479441803753,153.27736656701728,89.99280139455101,44.4837214655206,72.20141331569471,53.323703935796004,35.458498110392156,331.07777733216807,122.22828573228605,41.056206343128636,103.21056065994864,34.611894333974064,118.65396873575014,70.72569625140778,167.9215277596151,118.52760103498028,37.895339803076226,34.52917805643652,60.134751358336274,42.38065891072064,43.253387607115755,117.26168979879564,74.94209150090512,53.71474087365678,190.91066780721974,152.14411772998287,652.4034190401882,67.60809705496257,42.039283032558586,41.050517986650206,72.66811009786748,36.49495084016536,47.55178496087283,631.3846371947192,142.42218080191026,153.36274668831751,73.31948381665528,61.54919820956765,67.23949186716332,104.36607977840285,288.5819382804372,238.7582534421145,154.63265680283726,151.71875545306509,54.47743204013497,170.54943590548876,118.76061688816564,47.875200321130784,35.926017146595996,45.08352024042695,96.45206176878015,34.87882344261835,38.0390118809187,61.17151792554329,57.92779873620732,181.97367327500916,43.65891682232173,71.77079298768224,95.81562841463068,104.4400664068995,278.4456031418851,62.9146497943789,1698.2299830770535,129.53341070880023,135.10910200606736,79.08652738752785,33.9492430255656,124.43118386319885,56.45920932401717,38.067239005094656,37.665330148978036,34.060554549824936,33.42918781704375,183.775009710157,89.36854298077075,43.5272795687457,35.42203800583883,218.27408803027004,175.81908126442158,33.380818109090946,49.98007681336534,35.697142483725976,236.66097599641643,35.660232389432245,48.47755058753985,32.71817105780475,36.972060215781006,55.29137255961759,145.688457596103,34.35495780066487,42.827169654210344,232.1461984216045,37.18057929178278,58.16047087765306,39.02445650758832,362.75303547257363,40.56973592065586,75.72060821949911,133.05752778686193,35.151566487918096,68.3856402326821,36.860280843107354,33.78639459031488,34.443124493017635,34.789405845583,37.292258536263155,35.96467473884979,34.08517193263667,39.05716499516404,35.383160613745275,37.387876623591154,40.93032413527085,37.06836772083229,34.997450498248924,37.405573944835275,35.91167310790982,40.96937379592175,37.73985533537739,37.23704604710026,38.02319280670535,36.64909258724804,162.56093127126223,179.37955396570288,35.719943049196495,37.57165795593199,34.88083979821843,33.748723349138444,35.61665816576433,35.120506647533745,40.09780123573965,34.128305984371316,39.1590413260132,34.38497400093321,161.89175831164246,313.1688889309101,107.4747982333848,39.35769678450878,56.325546856972,37.18296614297794,34.092396246657884,37.597045197274454,34.54034321868769,34.9676908985304,39.1079662087758,43.75017325161014,None
38.74755062701049,34.320094958639785,290.6523124776074,331.14811594441613,1342.4052821620025,281.43240266873835,158.58942744818052,86.24527971143068,40.00381911802433,63.397587724555045,51.17650128615257,35.34591616532627,324.25583669970337,125.47473565867512,40.66969287435372,54.073079186326076,66.53294494013696,95.29738116967026,96.50028647923372,194.71085058206614,131.13904271733244,37.73892485507429,34.46485018480292,57.23726750580062,42.07519058170818,42.51778390204229,144.42613771720318,69.93350210507079,50.68409998011005,176.35329321114685,142.12063267348722,594.9455067114213,59.52279464445347,41.24866207569129,41.03124892844351,69.1012760696765,36.34877203464951,46.77174880813152,583.3889159966717,141.4677561259275,147.55240138034142,60.70398055202794,57.081945361562575,64.45365166164595,139.17592901783968,252.62539443024707,226.9790793229844,147.77186692152378,152.93792350871016,52.42927633744802,149.26616204046326,112.98777526312419,46.792618792548,34.364078069894106,44.58975884103615,97.36260881895008,34.825937085719104,37.784298231737935,60.404274925341184,55.53926014723908,138.93266378274402,42.9710905219751,68.03631827985875,96.39264666113323,105.31883704871923,224.5423499740426,55.03186721166753,1600.8474094927499,122.19994998303737,130.85023134330865,78.20970663182376,33.912592739354416,83.45777493612512,54.160623327178705,37.835277342219136,37.2416058599329,39.039945687091226,33.22554145159446,164.24730788920445,87.84317419061674,39.87322500728155,35.316736789259025,201.78298858574527,165.33585519715186,33.362233537238566,48.721781209508706,35.56796217017942,251.69786346962462,35.521942756699985,46.469574979069264,33.001348769701735,36.72666430311373,53.37155600897878,139.80004997450018,34.417587017208675,42.01293729088657,227.91138597778092,36.996611126898976,67.00984858479768,39.569716919199635,305.11162433473027,39.56027015408673,46.906234007779524,131.27851506210177,35.07469800300961,65.1538470364731,36.61571726152514,33.75731240803424,34.36082886540093,34.769728927431046,37.04073762266447,35.82772740322436,34.034556497235236,38.64714379561215,35.255565186516534,36.269493572123096,42.51193466802361,36.82211968068812,34.883750923150856,37.37589812239247,35.74899414566581,34.35573426567767,37.500963134451716,37.00635047989621,37.543980536376,36.413872591936986,147.43234672157826,169.28037469164497,35.587059215873886,37.428307273140184,34.789954014458914,33.72508422511347,35.476385047173096,36.027146879066855,39.616213190328146,34.090694919216354,42.28230157387567,34.380364821956306,172.1246141508521,260.98783765122835,89.02932514456401,38.52439726480876,50.38555518495823,36.72440812709753,33.50031776510022,37.41618404674357,34.46770475982732,34.87023623039447,40.179958002079594,42.80178389302989,None
38.50295821635742,34.75698647549157,258.04506659956246,316.9200937114093,1234.4714896843645,265.959517158423,148.54045913745486,88.81087138862615,39.215121273179655,55.58857453802701,49.33742341683924,35.24814080299626,289.3484856283223,135.9729068268378,40.318354661594846,38.39903637694084,55.52520333448232,84.91403446563149,76.43399904107366,205.06076100350842,134.14736961397657,37.59679740145182,34.40881002949825,54.726054373985136,41.8000217701453,41.838848695207155,150.60671651501283,65.85258019846056,49.03840082390377,155.4838965921177,133.77813517954323,507.8191099197805,56.62642786486445,40.4921373759645,40.24468322541849,65.86872128970575,36.22524042130353,46.08467508643018,524.3820403231819,139.49718964468542,141.61727799447314,58.859734475264126,54.4777312180716,61.52333065247146,126.20224223039891,225.01166768602428,214.27057271261646,129.54839883339392,150.26323362582968,50.641314761850026,129.98896670530272,108.06221388799429,45.71417387995378,34.19762342818548,43.47350196550077,97.93319587367556,34.78458859154249,37.54446414977545,59.354957772872474,53.382319091181174,41.88558377539084,42.35773389108231,60.949388002658594,94.10158724697004,109.26631248359692,208.8852888093625,50.7501221123725,1429.6976748904913,118.02569355526212,128.0356886252234,77.46959921445367,33.875145143347694,80.22603833332255,52.05312277281169,37.63602101308157,36.904240763607845,38.786422957265344,33.216712020806796,141.2945607276499,85.44469016309647,39.187362484953816,35.21086940923449,188.30701871763958,154.38337194301332,33.344369000084384,47.74317699631447,35.44935224262229,225.78641235681218,35.39514290737985,44.303599580897405,33.42916648580784,36.49705348147105,68.96898981223931,134.44748370126692,34.40165415232173,41.250361802666774,224.4038066122252,37.061065898519175,59.805764305601095,69.94719753367986,278.65903800362287,38.75340224512476,44.404538549776966,132.16394652465505,35.00899455256141,84.5812447164797,37.61360832082005,33.735866367046945,34.283038710824016,49.782105964614075,37.583855447359035,35.73303757973688,33.98607627251687,38.31964021432104,35.14277812239052,36.033511592994536,43.71515154411502,36.594343728516826,34.783328148221806,36.95386898891493,35.848632119022376,33.94311000308842,37.271129237806576,36.77693796882257,37.18316177065035,36.187086881067174,101.33963460203955,160.334606458797,35.30120191279495,37.27947838136225,34.70717020049888,33.702952627271266,35.354341825906076,34.37982348945399,39.21107015658217,34.05514430930563,39.386658140161465,36.783438371890824,162.4404698233866,256.29019788801963,39.03433176892357,36.454780474858524,47.86054002725256,41.98863333779094,33.44915922541351,37.07051732670405,34.41911283872555,34.77839676818052,37.115861177714294,41.97731685779417,None
38.97484361320355,40.11986280774709,207.1968125996635,294.30850858941153,1111.6060028576894,253.06345469792632,138.97583331236635,90.768183366771,38.69256566551906,53.1579549103016,47.814421472671405,35.16193236370159,232.29249757883545,132.7209058492727,39.98823630291784,37.53890757296666,36.065132173801935,83.57199017073309,60.342225460317174,187.75400714872623,113.00380940413278,37.46626490299293,34.366379909975144,52.611361332269325,41.547853899500495,41.2113484343681,114.57273872011076,62.38485053129558,47.625901752798526,138.40407608031384,126.83948358512579,446.26002011811966,54.4979214232536,39.835723399991096,40.01870650998257,62.835888922614146,36.11150579059885,45.569708546595386,472.6248699546709,130.75121460052554,135.74033011899107,52.18408709093731,85.25915640295791,59.59591739278322,96.66680891221355,196.87541221469,203.07539289842325,105.44219225445158,143.51871890415828,49.02829532185852,114.94143507862648,100.9520108945549,44.63380294743705,34.147044851490755,42.48277720326587,99.45588421895435,34.79038148391698,37.31365081983933,75.96668510252707,51.493867054055,35.47627975919385,80.31032891433948,57.38473394990199,93.96208765116823,108.11173250183654,202.59630236617855,49.01331084344935,1278.5465902553535,122.09545991379605,120.5006126329967,75.46425716487694,33.83846088527545,79.05528793752927,72.99756932087672,37.44271096954854,36.762010531982476,34.11289162206672,33.20457930503169,125.84544106785101,84.62183993032022,38.77114989198023,35.10331069261593,188.8833567135676,146.7073326488764,33.327606854552464,46.86970859675571,35.343885384251216,190.8843789302914,36.04198277273208,42.744799587170796,33.095011139864845,36.287400228181546,57.61020159978883,134.1491703405488,34.29788872602364,40.512912961538845,224.70742904637456,37.04044173741913,62.67348061342253,63.8723275931854,264.7970713913946,38.09903010467625,43.67428585236647,142.85242538484027,34.94603178280077,84.02990331946653,38.08426555694818,33.70610833528525,34.21154377732994,45.54700094719134,44.057702240678786,35.62352026420465,33.93939193203564,38.65779804615114,35.049092709259625,35.864090248153275,42.0842373713372,36.37957670620371,34.69200286161165,36.8405958268663,38.17907348077614,33.89768114567657,37.0493981501467,36.55379738001667,36.772777888164065,35.973445578959385,81.11075810019227,151.23534359611008,35.176914171182425,37.11535183253788,34.62987135737433,33.6822814817087,35.24811758583827,33.76447519349029,38.82873543586575,34.01796703447296,34.32027451069951,38.230240967960405,145.05244359926732,255.3290455888061,35.21504944581381,35.960079856441396,34.843618709615264,42.158370168253406,33.43778960731596,44.0575187255062,34.38628932962892,34.686423512928464,36.83174390940758,41.23657866337308,None
39.13063392256288,42.51220182310176,193.8845285805164,269.11743517399367,1053.0915727619067,244.96759227721162,131.78926818106578,90.4775939715294,38.23401234701858,51.206322026982576,46.52625035484936,35.08116302770876,212.2374170182153,133.7889295482786,39.688765162911984,37.43020861703016,35.105354058448505,82.39622082647864,57.457546185227024,185.06177205444598,77.96454276968619,37.3331554595311,34.32492527236425,50.840569825722035,41.28137493694873,40.62887444141869,100.35113191592626,59.73368471139194,46.36849149273593,125.50220052308309,122.16598996062322,448.59544233439385,52.04945107989994,39.30052377539243,39.83808805907999,60.191284034410074,35.989025645793774,45.116472225662406,457.52135814492124,104.14818146094684,129.6076655397016,49.82609299851162,68.48639369451942,57.34487844367578,93.16379541970119,175.8559963752491,189.26776590472284,97.90215454694372,141.37268075925306,47.53920967433713,108.87851847279371,89.00900946872167,43.609015946344975,34.82563301931376,41.85196797134072,97.08929631170963,34.915917262272515,37.09877548954717,73.03760060818908,49.81234290763655,35.291000419176505,72.89363271752954,54.51546828701042,92.96656904816187,103.0481481570426,185.89729586219426,47.47594212587845,1074.1077566380984,127.75992611422562,111.40320152313284,71.49809842134066,33.80404333814113,76.32916599825293,66.15984650602161,37.249085674567255,36.64403696848055,33.799998888216514,33.195564906061946,120.17276096000572,85.65027270030366,38.406517375279016,35.81295662763638,191.3642376553833,141.08688048864255,33.31253829713459,46.017113942651214,35.24572013555119,174.4412287692705,38.40006226085383,41.40423009226446,39.13853722267024,36.09588113076585,48.5922794379989,135.13392037368507,34.198052264284634,39.84210747114996,215.97900316665508,38.60483046759866,44.553293922793884,37.48146522526473,261.34294625777414,37.60183688437938,42.95790464353558,161.96937276834487,34.88456466908102,45.841853613643075,36.11266138805885,33.68340260697181,34.14736515894284,38.20795545076129,44.747003043072425,35.464865465785515,33.89506000421526,38.79677967801338,34.97571153792541,36.3958892894957,41.71376594289399,36.1729674935255,34.60792766850041,36.737368732472035,37.3809736644974,33.85785897819746,36.83041186347693,36.34107134167378,36.42897812686336,35.780655960314824,80.11846886219818,142.80289406438402,35.07051771038525,36.942054161849704,34.55796525085931,33.66293216571948,35.153063041676326,33.70550187099749,38.51752686787179,33.9791419143244,33.97387318708718,34.544207254099625,147.25850960564674,249.83724771792092,34.93482915122592,35.80397734305261,34.07917008819409,123.55225707877277,33.426951065006904,41.14212846817433,34.3676606036479,34.598680176924354,36.347108066742905,40.564145258762935,None
38.099965886742204,70.88217865668615,187.4604328637573,255.18512164150928,1060.2165647733839,237.8765037236229,123.7357759318614,92.01785903703016,37.838197354272964,49.42466522562321,45.3676040625565,35.00206829019845,199.67553510320462,120.26288181149069,39.42556049008965,37.34001034504502,34.37437794328024,80.96623366689651,55.39526072380753,176.44132588806747,75.26676623060341,37.19552063862348,34.2810469840298,49.37350684663853,40.995834189272216,40.11091716598548,95.02947207885776,57.41197209081182,45.30653409874963,113.45158605045529,119.13386320824422,446.60781730000366,49.82717441994378,38.857277194744356,39.655818195588466,58.043488556896456,35.87522338123292,44.532535305592134,460.64131897410783,103.00818178237495,125.30367558022844,48.20581341713276,49.67017453792961,55.67813212741604,92.67536142285,161.27778903625932,175.81567444626754,99.0748152042214,123.51428356355694,46.18981352632144,108.60867633435491,81.31725729784787,42.70563213639942,35.202172294051756,41.29176034678753,87.63495866508981,84.81764381304164,36.89629398132078,56.12015030299504,48.2608567986268,35.191915369885244,249.40397535919655,52.09215104666018,81.81122754272465,99.8118397148698,171.37705396667255,46.0724331415856,894.9539114545685,134.22935765625124,103.41272376331024,73.20652373901069,33.77271216431163,72.41896148342174,48.754444620342646,37.04510053410665,36.54065329804685,33.77654696661904,33.18712013202548,121.59445978428822,87.26413829442018,38.08010174624258,36.125844357402094,172.35516690434292,143.42430497890226,33.29885674795729,45.15648877222209,35.14889056266203,162.37060483640752,37.341875417208186,40.27349878810915,39.36908856633399,35.92085583216308,45.730846676338814,132.94621526118,34.150768383387444,39.28708068829858,210.4840054569828,38.20868442917918,37.78669468836732,35.8818150823358,272.88528810855394,37.20976450094978,42.287807492247225,155.6865582225416,34.83052080627928,39.65767262961757,35.79801996864022,34.355544582855806,34.09022117063162,34.637440619651535,37.201843916209775,35.356914448031525,35.31709853544283,52.36189085540094,34.911286508961595,36.647973664288564,221.6600890012661,83.54734641535882,34.52893856649921,36.614468389181596,35.31323835923273,33.82087750984524,36.60996400954142,36.14056274475837,36.159829460398655,35.61706507096828,79.23425138263302,135.20616725543744,34.971119380991716,36.761587497548106,34.49359357895291,33.64461854438932,35.06332520499046,33.682197384150435,80.57243138056558,36.07820342783021,33.93825304507813,34.091366907755145,156.66690107931538,235.080297518473,34.84782901518297,35.71336905334536,41.274221697494454,110.69280551680777,33.416468517335375,37.89126665638744,34.32261951302015,34.519066645878056,36.12415496229249,43.81470523545116,None
37.924113064458396,70.40518373684569,186.83915895721051,254.5260240680873,930.2370855708432,242.21098651969086,117.33744906734412,92.77732803921155,37.515742349305796,47.812956471937504,44.35970192380176,34.924490223768075,190.73263392666342,104.92200324494628,39.19293417666436,37.25979268286867,34.27591691637827,77.79873215044545,54.036157923819935,195.86685982640572,74.94291590276649,37.17024654207937,34.234918421878035,48.19744611290311,40.674775446541354,39.70282430073226,91.10154703943623,54.76450051969445,44.48732887841612,109.0333896229588,118.82042153913507,420.23568072443817,48.089057391496404,38.48567340652328,39.45967261936482,56.2000194211528,35.755942673123286,43.83083793430344,441.13375296408583,95.58817151836227,123.07606734048922,46.738782327601655,48.892646527473936,54.21771673352538,91.93667076611092,151.95915118505462,166.98091650632617,105.04897930186016,85.25232081695499,44.971234756125185,107.74666696396014,80.16532763033698,41.97120104189821,34.09495456836765,40.812118241915215,82.4432896310986,76.24474310404902,36.696906913938605,48.502289741005534,46.88145136932268,35.08743800064684,148.5275243603261,50.04482010085825,78.24398740763075,117.42930403723238,160.7213282234325,44.811608376438805,838.0031520789545,131.99158899119544,99.80871472267928,67.50534067072492,33.745251312923045,67.9856947706738,46.71277744142973,37.52696080022421,36.44169406912876,33.74489672365305,33.17900711186495,124.092436252626,88.58962545443045,37.80725050098201,55.526628337967566,148.74442610696954,140.0075823488607,33.285648380161646,44.24956875092361,35.05261753899684,159.17969940168115,35.107975689758874,39.350822882523225,33.03448928593563,35.762815631105454,78.06712696425737,145.3619167694852,34.10726144739266,38.86054652911808,201.26681407851686,36.41548233744922,36.3812157184138,35.76326959690672,287.36316541898987,36.823763918195006,41.68013458475911,146.11871912533408,37.33149467583824,39.34501401675182,35.613456566857025,33.879834405367816,34.038992618316705,37.3828882069166,40.21743017740739,35.20954496206763,36.077746206141036,50.88094658138676,34.844378218248785,36.20671098161841,842.4979375523857,82.6005669857263,34.45454948259765,36.471507473351814,35.095188615060955,33.83825320835705,36.411905634675385,35.972855716654905,35.961734579580515,62.7791164965079,114.06742000044511,128.76056969656452,34.87228259867154,36.57598862650881,34.43164929230649,33.62732594627083,34.98645193194948,34.91189632569408,80.07035700096044,37.000243879509576,34.32222266901907,34.027120688622816,161.57605469889802,214.2919480949212,34.772256828143675,35.631546620522215,39.87451965310301,40.52887593674434,33.40606177027995,95.85969051953094,34.259792016765644,34.450198526121184,35.93111559501451,40.870629622615255,None
37.80669518623344,58.360872274699794,189.47664702839788,259.0280699639119,779.4208510981081,258.19395378469414,119.9902660074622,95.86900995286496,37.260386891728075,46.4321145999586,46.43235358730419,34.84791963813733,183.7785304747947,98.03445869602035,38.98705341840982,37.19239715686536,34.22465962636212,73.34991192349345,53.22747497748557,197.29269553839265,73.96645481347484,65.0596742323687,34.18910033296799,47.24363178932325,40.380018452008215,39.388999771887015,86.04329525810684,52.65721919229477,43.864905714544925,104.86067016794836,115.08103380951997,360.9577086910372,46.608206244409246,38.19477290236971,39.247131563115204,54.6279941946182,35.63590865395547,43.134317402509204,396.24217542300204,79.58938443110401,118.66175030302809,45.42431255291925,48.3600845165006,52.887639113135506,85.96105425990181,146.46675119941983,165.59675571283668,124.91813733626962,78.24315779322094,43.87394269262311,105.08136536150843,79.3543577346922,41.39812158328415,33.97779127520118,40.41507905598146,81.23676319096809,36.617858896170894,36.50399892924278,46.15462452891122,45.71786299141416,34.981840294086574,122.31878999235084,48.35249048567997,79.0595026714107,123.90924707347456,151.3410513688298,43.673592141661175,842.350893097812,114.77588605377535,98.79944127112532,60.68684569596897,33.72037131498301,64.01043340441828,45.69315169973702,37.679745712422864,36.334504897358826,34.445514672661645,33.17107612151066,124.59250168123181,92.14146218902849,37.58637635423275,45.912805617620535,148.54704906437743,127.52773893942854,98.78241655194306,43.33009674096986,34.955318426169626,159.0102332731831,34.90083118647038,38.624528392561324,38.70801011381096,35.62016430951497,78.8684205571154,159.15305975425753,34.07421712224229,38.53520113536853,185.8333376799341,36.16656078067489,33.39669701581232,35.65384470034303,282.75125772610824,36.47227378324157,41.116094572648066,142.26272202641297,37.82238112607724,43.528081072325264,35.43944054701911,33.635689411992395,33.99136728127037,38.65605109048015,87.70694058798608,35.120726851332016,33.93404335840657,38.1618585465341,34.77971139668014,36.446494783823816,657.4399792434002,83.45833489151346,34.385175148634836,36.31738923831004,34.98347408710025,34.01507469663173,38.64441787429536,35.81391949426825,35.805558804297746,54.3489765219961,95.39795969700269,124.44046270244709,79.72627240172362,36.38943281963211,34.370216210655016,33.61081925617575,34.921364452012384,49.40394385624925,43.26377161595063,34.06647994669938,34.37917373700865,100.89488420528171,168.28974766240847,194.5985908114001,34.697346724493464,35.57727412738581,34.28344033199534,35.649158444711354,33.39795287521608,95.25129543922931,34.218239395714924,34.38888914998531,35.75315435732583,39.056908483076,None
37.66331217123098,48.56767606482125,183.2577480415349,228.76428268871223,735.9781549286322,262.29591921894644,109.38120380687576,111.9246542019368,37.10547768952692,45.26754591449482,56.257116622935726,34.77494551524441,177.53051920700244,87.22166729364163,38.82382350617621,37.14718701158576,34.176354360868835,72.78605853657062,53.12891737446026,230.3342243609997,71.13505166883135,73.93475936097762,34.14434710361895,46.37661973007272,40.10333608745821,39.11253269701567,82.82442427137201,50.81303103722775,43.335556399313184,101.35051267473621,112.27428919816963,319.8976756211942,45.30937368428203,37.98020817699877,39.01967313596571,53.19185934158842,35.51527971341703,42.47459779071962,347.886125816467,77.29255901773254,113.526097660588,44.22865882603408,45.12440350792514,51.65807324899887,79.27111667308705,141.60841181035542,172.102901157126,145.4487136857855,78.05165211755678,42.943812748574274,102.39196632998241,77.7263141705606,40.893397725857604,36.76452742486278,40.073311842144776,79.35327202009714,35.11581792905625,36.32975626207557,58.16344459642707,44.69978745640791,34.87799042021038,128.67204268483138,46.96288812345537,96.70265063095808,101.93047863290708,143.4415366076565,42.66272946206543,765.0773440581604,115.80764246850102,96.35802163826216,62.2336986932273,33.69623799292187,108.85284827557231,44.81545792771329,158.7468293920287,36.220040950381396,34.81624514406825,33.163196331420096,129.15871559788587,102.14617780782005,37.402444485797844,35.733688430723184,157.81865489585908,125.8375297498824,103.63882354841714,86.19103870877663,34.85785661961914,164.76377263980706,34.82628209293551,38.051790476014475,38.84908306812617,35.48758895045122,51.032816697073095,152.3635992652537,34.45442100751208,38.25135081925219,182.46787691793116,36.02539901012005,33.18626917919853,35.53896103718544,289.5054831167757,36.178982884774406,40.580304897995035,133.96491208326862,35.352768361270925,40.68081574967631,35.28300932736911,33.86858688993116,33.94740556190553,38.321373508368936,66.15086324069372,35.05193044122322,33.75202479239016,37.163136399261106,34.71825427887422,35.29478775100128,69.95589148829721,90.33514818054108,34.320237293233596,36.15318923220313,34.87994824933753,33.99971045313543,39.88185978890575,35.65384248699814,35.665040770407316,36.303563844423905,70.48979913708541,124.7961867322931,65.93254464044061,36.20577424701212,34.31077306793681,33.594546043401486,35.1681433362154,56.177084871882364,38.10945375117578,33.837003093273694,33.87384429450003,94.70114401700191,167.7362873676904,187.40830702205017,34.62340472288214,35.54937857541073,33.91894016892117,35.420891746946985,33.39163080500933,46.240480560263684,34.17838946814538,34.33083543847532,35.59210447580915,39.26219272649803,None
37.494234928274494,34.80018099147841,167.08080979040852,181.5868158855965,711.3860343714831,250.4436719751036,89.21369197554122,112.84022086286829,36.94442350488265,44.236141626355675,65.8934009349155,34.70922984481409,169.73107990114087,76.65216204370698,38.694224345764866,37.29302879026303,34.129202598492476,71.22597530684374,50.53099899658043,232.5925744591848,66.95059203395346,41.81917105729264,34.10083401177141,45.4545326811588,39.837716681955406,38.87530598944235,79.88905855583309,51.14942590026676,43.013640607584236,97.38422015895658,105.82984002197406,293.0478460794931,44.209097757050905,37.8126560295281,38.77926778605024,66.82623204964308,35.392482426714245,41.86426440057331,318.07876818664175,74.5064962759994,108.659829617385,43.10836129384448,43.9290046820328,50.548676825643646,78.28333176604242,134.0558701537658,173.62384457506778,139.9589839023005,235.72987991903025,51.503925463056525,102.11816945231588,74.2841148687991,40.42621144574297,40.01563419938434,39.7556980760859,75.48002595938334,35.89548332835193,36.180201641795456,51.95628404371093,43.718961193322706,34.77862804927022,266.12513950334903,45.678000995370425,91.27446217220336,93.07616040657317,131.5966429713267,41.76542520630085,640.7888900433077,124.71741169419327,93.15232286875231,60.13129066629265,33.673723994158806,101.29052332779457,44.06218265222715,146.8562883303523,36.1030890100054,33.74394578677429,33.155332449301675,133.04127476619124,123.16089857952412,37.240328777931964,35.489895572737495,158.7143165737375,130.83235306495285,42.33476935082261,82.14022536652136,34.76571593592555,163.5279121068702,34.76392382692682,37.57996148507174,33.77271358670393,35.883719176483595,77.16658640695009,139.75724201777382,34.555525468759804,37.970316894445865,168.72394209453552,35.890978913515845,33.17404422770131,35.41646111869289,282.6457190223224,35.956008160653234,40.08758074154071,136.6840142753255,34.662808431881245,100.90646157660723,35.14269777349104,33.98602919401774,33.90767207161931,38.07992598463057,192.01429050059383,34.98702139557206,33.72044834915908,36.9455565011864,34.65531572636958,35.12328347492943,38.04674587798254,62.37924777618433,34.2592639576464,35.97904936845899,34.783599854595906,33.7248077368213,36.11763197624883,35.69479573795653,35.538092986008955,35.21292426169587,64.92961106535307,120.8488913758977,36.672276942105626,36.85376811284702,34.250824430425325,33.57887436937658,35.26350082548593,37.69243925705114,37.50097585904132,33.80379953613281,33.818095713245754,37.34428775965472,162.43088207564173,191.1502433178648,34.550646774572165,35.4916549709018,36.40480904011223,35.264780780272474,33.38108105809317,35.7936115171874,34.161824200723096,34.27512419314531,35.45282753643215,179.69372488277938,None
37.309537460248976,34.01337760392167,152.90623320450456,170.7129940405464,716.4934661645608,235.35740114845225,82.29226964630422,104.3753906869683,36.713517015224696,43.4724361240941,59.75601176394993,34.64783800993061,163.33648964599664,75.49177607963563,38.56451670681743,41.10799837261219,34.083877960242674,71.89833064015855,48.44054796586198,217.7354871561533,62.84356896322944,36.70827004852704,34.05814274055804,45.841622983321784,39.57634471437843,38.64609182614286,80.53177124209141,50.79970124012778,42.61647683543261,93.36176890863138,97.91523010390983,280.4757898129418,43.28248554245504,37.66240668316872,56.41196116875278,63.30227509061394,35.2710396300954,41.32795275499755,297.83965099608236,70.51945429390652,104.73463817432585,42.08279798735507,42.99182283405794,49.5595532620319,77.71076802973494,200.31317048232728,166.2293413484073,129.0696764409396,171.66483031011924,47.24689388874744,98.80839620281695,69.98252756288875,40.011812951173724,35.08661853911889,39.45995088454201,70.7553920991275,35.280688619000905,36.05319035752082,51.67049841215789,42.76619891108704,34.68579697415617,228.56090302574088,44.44898416725376,121.86200096630688,93.35895603104872,122.49165062129777,40.96589639731111,633.7665356008338,138.18365462807503,91.46769558187002,51.828123629898386,33.65411719144582,57.89058438950592,43.402824187749424,51.514410081179825,35.985460495197124,49.61885600048358,33.147473008785894,123.3307889930065,138.18704438377787,37.08313311073615,34.58735210130676,160.21133528778796,139.57538504599282,33.50634886807155,45.88905158422778,34.683012859499385,155.86896489696483,34.705530940619234,37.187917750754046,33.07306474156966,103.52426972697468,72.97161247406919,123.3330793028924,34.05382671915201,37.69047520224395,151.6397527236987,35.76008744819553,33.16311416134501,35.29498146012964,242.06486306369732,35.797536154545874,39.65703364501129,139.33638357619415,34.732095465722296,86.10428100785042,35.01144106167718,40.18986816310301,33.87023378991606,49.09327818262718,137.03738038999285,34.920591248159774,33.69472860809252,36.73754273493525,34.58534452831456,35.03109518854792,37.84323510811372,70.80940431065737,35.103215886090496,74.38035203078793,34.6960708643968,33.68575119177496,37.79783413929893,35.64259126299068,35.50011345816312,45.087701937169975,60.95029574360344,110.8898004206251,52.115683751591355,45.964022437475776,34.19217640787273,33.563983419575145,34.764887922446974,34.05766538713565,37.26503776935164,33.773790365565766,33.791452411207274,33.895987267743195,193.18122176399243,173.76512127772713,34.47913341258041,35.394808660361704,38.375707227135784,35.12145246658956,33.368863673800114,35.22816980605065,34.13913450327667,37.234244807386006,54.80352773576228,149.90131812007996,None
37.1158141715393,33.98698275975154,138.17127613023595,154.873464961174,827.923811164039,233.15800704904458,76.93103216872201,88.65309928559351,36.56582467633718,42.776473525998966,85.89904717579691,34.58669042921628,152.19887935962024,75.21352996417203,38.43609712953393,78.76754978035076,34.03983408293734,70.34952520482048,46.87578984708066,220.5892839004274,59.3193020566746,36.41627754461483,34.01643926608056,45.79540905212145,39.32074444030789,38.433763262362426,77.30408170295145,47.586685944740545,42.13196599450818,91.52243753832087,92.76696790636237,276.08808174881744,42.44897904311068,37.512987252869465,55.67082219943304,54.887001257831386,35.154164638930375,40.88078572431357,305.1829424460885,184.837994911496,103.45012144603865,41.16600459895615,42.20111224886932,48.70847273804517,76.39908387766629,204.95673810090716,163.47146558302381,130.64274199075882,78.69629009066833,41.18603032436798,96.20731514445716,65.9143105363611,39.65815713794722,33.89237023543877,39.86478283798407,66.39349437101531,34.383448292743246,35.94602676844008,52.297168846005,41.88782429566865,34.60114202691328,440.0518882650778,43.33604166300419,137.28288252448738,106.32274654285135,118.15771269431072,40.26141996115767,690.6647973169129,132.46921023379974,92.2775603347631,49.444216666078596,33.636678348308024,53.43291614627361,42.7918138409332,62.60288615599885,35.8647040177132,57.080662671892355,33.13958844929727,111.34492471624976,114.96651448335976,36.919250730055424,34.47598667778357,154.12413171255213,134.53674640159372,33.22803024649517,51.91133935091446,34.61096101441757,146.46737429455558,34.64491146130173,36.87118784302994,32.659954021923106,137.07554349030735,140.4181435716163,115.07021895957682,33.94714763624548,37.4250193104735,133.37964646416296,35.642318052922654,33.152204276680145,35.18414877917443,220.3915775411874,35.68399568434077,39.282492145656015,232.7035017723257,34.77344358588608,58.54779826400132,35.56628719470893,51.3880334861547,33.83518326550262,58.360023598834715,43.95789764477068,34.854201224818034,33.66959813058589,36.54297636425171,34.521424902634585,34.948667010494184,44.80774377638829,50.013511771361934,35.26285046103009,71.27765302431072,34.620412216757174,33.66359615431393,38.843142015824846,35.302421403966925,35.45649035684565,58.108327378689864,57.43049633155971,129.1540947203899,122.4532484338707,43.938055568233644,34.13744858429726,33.550394590345114,34.64736421989601,34.131996148022644,37.03603103303984,33.746113595722065,33.764452523532945,33.84851213678496,203.85280147990383,154.97265156684185,34.41071549208346,35.30286121278721,34.993404488100005,35.00012448480573,33.42242313292645,35.125276308777245,34.07312944556709,38.789862373271255,53.46169780319431,88.26099946810992,None
36.92645037230524,33.968760537510875,139.56930618333598,147.79275134671556,972.5739563507152,234.53460830362044,75.85144875926542,77.22364751711605,36.4392542766528,42.06546599049411,90.87582602378885,34.526482011823695,139.81951645666334,74.61534277945124,38.301902602863976,62.75644777908995,33.997814727884375,62.181222008539294,45.440235069499295,237.80264561560583,56.277556229523384,36.26847573032249,33.97571401975533,43.24821311867328,39.0746333004268,38.22991298542324,68.54805910405928,47.50256382472322,41.948831378790544,92.134173648576,92.2621847717891,272.9395841364635,41.671506426640796,37.3672541859296,41.48675878001449,49.8624713703914,35.04214047313823,40.506380244652476,320.9932957458225,165.29284392909938,101.89043664401791,40.395783301524055,41.4809973908046,48.01359601193314,73.38868434525125,134.05166675380542,168.86168150477786,133.84599409957391,70.20622801572269,40.407438636758734,100.42189523629528,62.2105893976135,39.358175606645375,33.819507458620265,45.994065105122175,62.67615164906079,34.29968639075695,35.8556866048172,42.34550524851397,41.09791593105341,34.526605971798524,382.2429997221732,42.34948169733283,109.82623424618544,129.57569082640524,113.6692172235853,39.64208601185347,775.4625232646972,104.44241213728101,94.31838590518005,47.7441565686532,33.6197892792682,51.77766044077594,42.204621631314176,49.065533714787655,35.74413861253015,76.58124012191274,33.131616290120746,119.99959689021955,144.84804935020185,36.749739566471106,34.431743137170464,151.5424776893065,124.58235404593869,33.21676880029764,44.19258258278264,34.54818258961548,122.7440606312035,34.58207184203121,36.60530618409784,38.95998922225309,166.00099132819258,679.8039150880754,119.25639429006858,33.909698155442875,37.179052785129755,124.4598997003137,35.54535650828453,33.141624896407706,35.08271408941757,211.96767871715625,35.5874461032545,38.956922658181306,238.49074706987145,34.52231642114595,56.6935071846352,35.88555295232717,109.29908193944836,33.804498027999394,54.98769839414872,44.0152651091398,34.788949046783856,33.649565079558954,36.36574175653713,34.461392690118515,34.877176934497065,49.63393655388469,36.49132020109509,34.20628651639195,37.873628520867356,34.5569842122392,33.642677145723376,38.801886891296675,35.172117546638745,35.270281523502696,54.52886674196036,53.99830441197632,114.08331553852376,89.71446029884035,36.36057254432657,34.08840197017353,33.538216652981504,34.573285785085176,33.61907362629463,36.81130075122972,33.72177414983941,33.7381869383107,33.822332567334755,231.89946388665973,151.74778942355957,34.34998512584341,35.20585539395032,33.843577568827065,34.909121803237895,33.454931844614485,35.033365410198066,34.03734122696866,34.54231356883809,38.84837856895875,41.1975094878399,None
36.753526955052116,33.951220297824094,152.66043364377427,150.67176016115422,1038.2973236275611,230.35186588350675,75.35914065507879,75.5675069598868,36.31236741468387,41.528663972514614,61.14119978925946,34.469758668806115,131.580311843037,72.40580719882979,38.14980647731819,42.77148251810471,33.9598945184857,88.8721560494514,44.19447812099063,251.74388164689412,53.526414319456904,36.13555291686082,33.93623811996884,42.230655960769255,38.839900179562,38.023132957127316,64.4571216701074,45.59223860951838,44.9123227632934,94.4952418222786,94.36583582178429,257.5988055560123,40.92524367615884,37.22502781354004,41.62656040619215,48.224702529774035,34.93495413099678,40.16791493600781,305.88623224518363,128.62950845985728,99.11718438527694,39.763861088630634,40.83280871944625,47.426268271193216,69.36564286531329,122.73503672844886,168.42488404368643,133.13821369570994,66.29756045890605,107.40465981849677,115.45696354902792,58.89126550298506,39.08069946039827,33.790372722817125,42.66524044482959,59.746150857896936,34.27588870791628,35.77571152898551,41.003409766925785,40.38853508524201,34.46101585650443,137.75060236894444,42.2968596719819,73.94371248866034,128.13831452472806,107.9190078483213,39.102791126264655,796.3837479775937,85.3473114072192,94.15069673340172,46.291079791508416,33.60295117097214,50.205850866235686,41.61735405517892,37.05670857175926,35.63285678582942,60.71717669160999,33.123521586211446,141.98548540494403,165.55578801748575,36.57898146609117,34.395874827288,147.18937867641074,110.96774410094335,33.206185495103824,64.95933574517905,34.49486315956952,84.72760621889262,34.51680747171758,36.360301282789024,40.22673010290874,91.43731307077472,2147.05596596037,117.19222573300777,33.875962908563345,36.94843420049531,259.64924503954217,35.46586571217382,33.13171516700869,34.982874331222675,197.062442326456,35.49458953178046,38.68162796930642,422.7546179237237,34.44181344902732,53.53354944289706,34.8397515340918,94.57380873696604,33.777811572100674,35.26015439541619,40.25087388588007,34.72572647808805,33.63182778288931,36.200488371507845,34.40427483212713,34.81116587020062,38.495363412818534,35.25157339021276,34.1001360651668,35.366708778529514,59.53753854687875,33.62278791051451,60.446555568339825,35.06709361936193,35.15225114631378,42.9819161079086,51.364806228151686,106.48881589188936,37.23441700648058,35.520653343800184,34.045058285816026,33.5268361705126,34.50591010915157,33.55324549771102,48.5838979350225,33.69994201501425,33.712812539908306,33.798765328612355,195.915888454284,146.54160807055226,34.29816045996373,35.11036223370899,33.75654723703839,34.84317137581239,33.3431852976797,34.95096292548661,34.005636756422426,34.10283689926877,35.26065559712139,37.76166983026264,None
36.59267942815536,33.93277988035286,161.71651612970334,164.32710324006226,1030.1828428774288,218.7313206331625,75.0463748974277,74.3508546822676,95.36684739777891,40.61011571634762,52.32341947689528,34.418010301090156,124.53432070977684,68.22169976548147,37.97025274124002,38.389304413991326,33.92673216449073,77.53152032886592,43.09902778723252,164.14023410339698,51.037476724440424,36.00104617852111,33.899913102606156,41.51651826617152,38.62007689475592,37.809038773168524,61.587112843260314,43.992603078770465,52.32436331342772,97.94955857513443,95.6185741943756,244.88190763941188,40.19198385750757,37.075163348614105,38.06558915445813,47.264054899560726,34.83855268796802,39.86379876622326,256.40147278588034,89.6568803818683,96.39297290319936,39.18179299888783,40.26106167559136,46.90264059672662,65.36944314340647,118.74953845478352,161.3810461530419,129.1222881409217,62.72022221164221,98.6929238954162,135.63938423057002,55.9521997564285,38.805910131979886,33.76259411580324,38.78339489804714,57.53674084726031,34.25050466543579,35.70182843103645,40.498808093284154,39.77305471850278,34.4004852705131,127.94550841073546,42.90386930419717,75.02983360053821,98.69304182548244,104.61650305116017,38.64051407347586,774.2887784117128,81.99339938657954,94.47680484959524,45.00350419805809,33.58625470386562,48.819294424742296,48.385526205370034,35.937742592329656,35.53086450580535,34.91753179649646,33.115335000035486,151.4077065808271,99.52198876409412,36.412499140999884,34.36171639021609,139.97189735058276,101.57571322105984,33.195302460747406,61.07700611468253,34.45286125234018,81.2291554535831,34.44777314580561,36.13998879492858,33.776582462049504,37.65298124695844,1352.3728231952396,111.69435761336331,33.84387683050477,36.73398831548179,270.0748750432682,38.35817706728201,33.12217558903518,34.89544874958261,180.71141814968726,35.403523270665104,38.44332603884703,401.26335054813393,34.39255528134802,60.02356799742638,34.63407413508121,52.48985986405594,33.752968936110356,34.00686608595067,35.81708533065392,34.66546727013345,33.61458700814794,36.0456895637405,34.350088139044836,34.746266241329714,37.10126399485636,35.128382201824024,34.05715182140198,35.202858847980444,54.26795090962981,33.60357742242617,50.947473150686925,62.70101795975139,35.04661783370904,35.212240494041204,49.171958927646216,105.71890200250743,34.40118765440989,35.38033133854282,87.77148811063348,72.53313185976171,34.450393643365736,33.524559519997204,49.470084376231576,33.679324645449164,33.68817118976481,33.77842506454339,91.38439663800492,145.71887474839204,34.252107442823636,35.016297841522515,33.73094533963168,34.78840702377205,90.08784372261469,34.87614240639678,33.97476104009805,34.052666924502894,34.99621471102018,37.544638761555674,None
36.44075494179877,33.915329704743925,382.84708414238287,178.75116373023624,931.9316476844516,200.49558118531468,74.55310130487568,72.10637592035974,143.82523336069627,39.95284212065415,41.71861688016417,34.37103308210928,116.67008545618172,63.70572247422649,37.78798591427433,36.70646240621314,33.89538363340829,54.18005036692403,42.1332422207189,95.15631064825264,48.8403884801061,35.871536342720525,33.868318023834696,40.90159119291821,38.412496969803016,37.593343108655695,58.78872647446339,43.019857423237966,102.65612690105965,104.05827478425086,96.24691799137756,257.6902151678533,39.5114103272709,36.91572431327275,37.65574899900365,46.322224337242524,34.75944233467507,39.60746973224732,231.0456635651325,60.62137916974818,94.96505763159544,102.40985971567258,39.75266529176945,46.420025849540274,61.92645710208437,119.94330235850585,156.763810268001,112.12603243142672,59.5975262533816,42.46428096978249,146.51614122868978,53.35125142431823,38.53953645609244,33.735723083843816,38.426981127285316,55.72846728908181,34.22312402772403,35.627321285970595,40.0255882952561,39.284136848252245,34.34295731260596,181.29213227834202,40.9083961580392,148.2717318325549,76.45218852072139,103.73157430550344,38.258548249174225,731.0515570108648,79.2989737135518,97.26302373696764,43.83275572872924,37.534055726134646,47.64984719376017,43.458841661191975,35.820232269319675,35.43264363259335,91.1864197081069,33.10707887301194,144.46640005827334,75.33991761115624,36.2546494853339,100.87156885096115,137.55887205261567,101.3578765336758,33.184329892672984,40.45263630511158,34.42163935556685,80.26747320887542,34.378213271724036,35.96543531652447,32.86637310504605,35.00004949038361,204.07204530705357,109.18995140412537,33.81339752393827,36.548072317536224,136.3987661191265,38.44103186890673,33.11262363551263,39.497638027638644,163.1230905591621,35.31501761429976,114.80745498301286,179.68844206064117,34.34776147337329,39.36856816885523,34.563771204017016,34.593466687330974,33.72960478823703,33.960037752757685,35.492680423405154,34.61029532668727,45.31870776851481,35.90703991958398,34.298266519024985,34.684382248522105,36.83952342315704,35.034862960230164,34.01815279793675,35.0913439112661,35.399468375111596,33.585023035133624,36.13358180783849,58.77603859956822,34.9471569307267,34.7312917815266,47.2941425158096,101.54946003691477,37.7925907070825,35.265031781858134,79.8616716161242,62.624605544249924,34.40085328240852,33.50809826307316,39.768831288445,33.65954334450303,33.66450080389747,33.763700183611284,137.69179186722968,141.0099538931857,34.21083563103672,34.92465451909891,33.70825946258081,34.73632279947025,89.35665519789063,34.80378638165827,33.94359592799396,34.01242110673123,34.89977224023169,37.37495449974791,None
156.38482610605868,33.8980479092455,302.4199092422825,182.69999325099354,843.2221471661238,193.42899693760472,75.51396533532224,68.71074897283006,111.77611984263844,39.378183413641906,40.64739581863113,34.326740120805205,110.692109089761,59.65292581289299,37.613726949578144,36.46164616228312,33.863998213749035,51.5163157778386,44.82546467224608,107.40786595041723,46.99962990802634,35.747725732671476,33.840508613237084,40.37163250505004,38.21037951913987,37.39049504053404,56.22425282755161,42.133300659032,89.69461231691426,133.32270707472,97.39432937334075,284.40362651008036,38.90723182800428,36.7526596703754,37.55174852551086,45.41729762132459,34.69589455745428,39.39031493118125,217.33760628037223,57.16770429436579,95.45117200720725,89.26838340262992,39.318615150563396,45.96577547653799,58.92845152713583,125.7000641188425,151.78833329517641,87.3698576702874,56.90765237863657,39.09140545602575,146.66619251675363,51.03307067160322,38.283081479751466,33.71000808182464,38.2629347657201,54.112002816650474,34.19319030907793,35.54690532592322,39.5543913703686,38.910195532191,34.288159990350564,138.08504818159076,39.674387185569614,254.46431936271443,74.8343124919928,103.2712331326367,37.95965940597059,699.1994571263702,77.3613926268863,107.81051824587509,42.768698678579696,35.296545877035115,46.5493035127134,40.096344664008186,35.732415127775546,35.33764126965712,87.41901883970422,33.09877060474535,113.20563839212845,73.63192375884397,36.103060350925105,91.98236503690669,139.88361040549862,100.75143431585752,33.17338364349863,39.012943045128935,34.3971367031121,79.20245126423784,34.312966088168245,35.829402445467345,32.60553071649489,34.924997137054355,52.84766233951996,108.94755873422498,33.78448268767,36.394918050683714,107.81879260932884,35.43003359084103,33.10312122897262,39.79992243771238,152.83532863876925,35.227649295549455,174.1502463300478,99.4286449107552,34.30766664270755,37.41904854458994,34.50486671914916,33.530524479331326,33.70822569944571,33.924067611148445,35.39974974028856,34.56460934999536,46.13104483329923,35.783825429429285,34.24694637396139,34.623512203811174,36.601841234693154,34.953643947013674,33.979466299377734,34.98677684694479,35.340177259192856,33.567297578172564,35.384428717381724,36.177743341934736,34.8529392908684,69.92538877473979,45.687484418341505,101.42403796938923,39.50336651218685,35.15688629468502,36.317839041373226,34.97928086665801,34.34554243360557,33.493058901920236,36.30809241515843,33.64039416121532,91.35126206363351,106.74295886782292,175.91167663710002,145.81928784775147,34.172519360601626,34.83813925340561,33.686679156635236,34.683577844005264,38.088555736530544,34.735044091742466,33.97619260349241,33.97434584515647,34.81021264897766,37.21406262193914,None
133.78134846989272,33.87827267760009,165.5025124565083,186.26904963735626,765.3353250871295,190.48658651113624,77.5797344411827,64.1668136006736,48.975499085487954,38.888845084584105,40.204016172749135,34.2843592616187,105.7958143829038,56.256459392326896,37.43426053952991,36.315023960613324,33.833404035794025,50.529878276130006,70.75011221179203,111.58545145055895,45.45910481402376,35.631044091094395,33.81475859664029,39.90900244378003,38.016654946933286,37.204779870191324,100.3841688150995,41.34641293062764,52.24875454873838,142.23031388987448,99.83976607953062,290.3582018267567,38.350308041851115,36.59162998765099,37.434840521245775,44.60334365785427,34.642372135506484,39.19226347017445,217.44481868187438,55.291180911027595,97.03897668643292,41.301270838421146,38.94960052702656,45.55632809988082,56.26153921839448,124.95778961727389,140.958025476227,76.54753973723311,54.5038112144351,38.73488515989044,132.95066765614663,48.99954830734501,38.03645066433882,33.684826702153124,38.10187317365888,52.65710130390698,34.160333470765025,35.46678937219483,39.08966304430674,38.587227767926564,34.23699186730202,141.5378699629579,39.055893411870905,251.6109795412574,74.60872430295456,101.76354471633692,37.72231475406676,700.7276974276033,74.54891146333156,130.71908489535895,41.80362876919982,33.60925675335841,45.48907692148518,39.555022390138774,35.670157892367726,35.246597386966506,1122.4189538860144,33.090439351727966,76.71059661409123,71.19827671724974,35.95882851600909,37.86001694340485,142.32593208908125,99.16475844465523,33.16231387955846,38.782955011466285,34.37201237738002,76.96123103543965,64.22642103570024,35.71136797441504,32.59696096642356,34.8577819863166,47.88086566145192,108.08749251993454,33.75744027889685,78.7909108885706,95.71716117302337,35.189265635874705,33.09383568556762,35.33326260384047,142.16946068136002,35.13753542344109,106.28813864907335,95.91571290622768,34.27157586474329,37.23068450777954,34.44722543727813,33.508892251375855,33.68868850141505,33.8901196671256,116.41216077151327,34.522102810928025,34.27362877431117,35.671186021509634,34.19563021595601,34.562312296842364,36.38705461383968,96.18013651405356,33.94231396923104,34.89737196390685,34.74456135221283,91.28605179984655,35.18181472749474,34.76767358205764,34.76387857217354,68.1445879605255,44.31313343116563,100.06261350955653,35.301452589434035,35.05593589040328,33.92180321945536,33.49024164879743,34.67752078009487,33.47864657492341,35.9644921411336,33.62185855947698,79.5912145607102,68.08403249887748,131.70801978455478,145.08845157418634,34.136464584441946,34.758425657784976,33.665242363192576,34.62907786481391,33.39640918395687,34.68590249842763,33.96165559334827,33.93898903516648,34.72623809208156,37.057380040084965,None
41.09097717675781,33.85508011222522,137.16336780736071,178.49261940962967,672.9261947428299,187.19029985488757,78.92919795934162,207.81544295382855,36.32092797171468,38.48837944879532,39.81220934498272,34.243898644043064,101.3291439034421,53.489990593858316,37.281397079846954,36.17739023836492,33.80380830220801,49.84744941930408,69.30655296966765,184.5498095068216,44.15143709246557,35.523568623442955,33.79109896844566,39.502109138004776,37.83902793990968,37.03221062597129,95.68564815938915,40.65791350698619,43.454533978278825,120.30687705995531,104.66896054027426,275.90789294490156,37.85824978937936,46.95502516230925,37.208295527150476,43.86827566275733,34.597710092768985,38.993589202199175,216.63489663589058,53.49455379108137,102.9637765855534,37.84325163734445,38.62325763213837,45.167726828741436,53.88563745532755,118.12892700337387,121.69516572827385,75.72084106028359,52.31766652351131,38.41754927108683,105.51450213158199,47.250030201662206,37.8003181857166,33.65955062682089,37.93426316315988,51.3275042224594,34.126908006307595,35.39587262766308,38.63981283085081,38.28817399877798,34.188554817334186,131.11694008681826,38.530057625936216,152.61446938302842,74.30079233210955,99.78202222079945,37.51435637881421,706.7731859598707,75.0722597024601,141.55451146423917,40.909151741882226,33.52715847955161,44.48171588074477,97.36487792147577,35.775116561945985,35.15847344242827,1066.730458518487,33.082137669904554,73.97877056985418,66.91340477433947,35.82074444981929,34.28514594949676,134.5279528522193,97.56889724554728,33.1510398902548,52.215743322611644,34.341850765311996,73.20044037531028,61.49863402843054,35.60631077017661,32.59389857667417,34.79451442791998,47.3339227928547,109.04027119574188,33.73260756615324,155.3799597337391,92.42292928781326,35.11203850757828,33.08483032281675,49.050353603717575,133.37000716176465,35.04502495513276,41.32673190168836,90.78668519285488,34.23698532282069,37.101892634285704,34.389509081780695,33.49806130309649,33.67030054449758,33.858208501612175,134.01413957493057,34.47526763586229,33.555597614695216,35.56488427334049,34.14582386663589,34.50108027115323,36.20772903423254,84.72687529538592,33.90698611170229,99.7350741236058,34.32599629752465,146.27651797117227,35.096252188605874,34.682362105398326,34.68274568629761,81.07150191864439,43.500935551080396,95.48766696693123,114.19900110738985,34.96109322722731,33.886792203261074,33.47585626687824,44.34100851328781,33.46448981536376,35.8252488304073,33.60376247660218,95.75930184826876,36.219028171267546,79.70880169598229,145.3899475637674,34.104016411843936,34.68802729464426,33.6451795659486,34.57537709196312,33.29272836996523,34.62866010496394,33.86418209122047,33.905528985902514,34.64573132415697,36.903617607675365,None
36.067991091913754,33.82956599598518,281.4866508493096,166.0013844986308,527.3183861857751,187.82266392227183,79.87968476823785,201.49123586374068,35.739717112625634,43.244760000301895,46.78377527786485,34.20243731101897,96.68776112186691,51.229541049211655,37.16007805071768,36.05158199215136,33.7760878561616,49.29625872975342,115.14460370718615,230.3484952195149,43.075889561486385,35.42597107851587,33.76921747515973,39.137871662919395,37.67629840596299,36.87132312092065,53.240230362148296,40.05750501506184,39.98122081694515,114.57540394657063,114.01786271404356,244.3241457594532,37.441290414851295,49.59891410973672,37.080720713089946,43.18938671942012,34.564215110200955,38.789828696753005,198.90040480696075,51.76579706257567,124.41395257688879,38.03187999113418,38.322868157356,44.7489486349963,51.821727655467605,111.89672892133595,101.88797437610336,75.50650094614245,50.34893039197817,38.16336742448872,89.3997662083122,45.713156199860656,37.57427799868907,33.634572245052915,37.770753210863035,50.156038094016935,34.09641566079177,35.33375837495564,38.221023857515114,38.02019248002836,34.141996359258286,315.41605983213435,38.08127697961164,61.29148185473648,72.95458448513354,97.83098539681885,37.326063477548146,665.7113475435973,114.06042969291504,128.33693527832872,40.04829838986083,33.51141521246861,43.512713786245676,93.05921323358544,35.63680564120454,35.074364564686945,341.4899945883643,33.07394019520094,73.579092731174,62.47214292722783,35.685225165722706,34.196587025762675,125.2941174620495,93.92845946683808,33.13981731664781,53.42029167092231,34.307566226652824,68.98303880250508,174.55170954439987,35.510267617448825,32.58132829150166,34.732426369358876,46.563358806679865,108.1662675591028,33.70936861336774,201.15357021196849,92.16587222250612,35.01086376184894,33.07604859477914,41.87598389646628,126.96174654539831,34.95639346757686,37.67307161522838,79.84826898343489,34.2027077998885,36.981409697426756,34.33266666956963,33.48740593452941,33.65242084114353,33.828683050573986,68.06007385646153,34.43334412161112,33.53615854905376,35.46128922989654,34.098444445057844,34.44030192448801,36.0674917681501,63.70415858793957,91.6424076771191,77.17717156914955,34.272203203317076,103.17504755621216,35.02448373660699,34.61725740463675,34.61005611802982,69.0856278188798,223.49854517624473,93.47124047241951,208.94230355803117,34.86910489706106,33.86154919589505,33.466763512029736,41.67325191818861,33.45066156883011,35.7063113790178,33.58664152354261,79.39003555169802,34.21722378211247,102.51054026895338,117.76105976651027,34.0752942026628,34.6267788523835,33.626530834730424,34.523294999998754,33.284112298259785,34.539138795027505,33.833068896030795,33.87357273039906,34.56854439845518,36.75728493415277,None
35.96733595402002,33.80274312705746,322.9642990531171,172.80896444433967,444.85507877160376,211.4947811895253,80.79080075166728,133.1388667287903,35.65028890193691,57.85377558251998,41.52501760772958,34.15782109668875,92.61706728890444,49.28312800410326,37.04746823728299,35.936866257173094,33.75131084189245,49.05800515649706,112.20156733060728,142.63326059723352,43.12461539006871,35.33731139843535,33.746867601368265,38.812171693976346,37.51926961438186,36.721265765316346,49.59307626953309,39.53563953971007,39.55112878877344,135.60029432568183,122.58421300160042,223.7778474920866,37.09004040659651,150.1575056209814,36.96474602734384,42.54224766155783,34.54014907003707,38.59535150438151,182.53901640766057,50.153007730702925,149.15317057866258,37.637232969329524,38.058293218154844,44.314698742094066,50.04306358069256,112.75694426325948,96.31039340480943,75.0786116235904,48.58847758169926,37.974546877148036,79.58783915141555,44.48096605207455,37.36235324779122,33.61027987821091,37.620860093196676,49.29176124838536,34.068758434340175,35.27199468313655,37.8487764761742,37.77034836203429,34.098128452030224,510.8379397262212,37.718622615776574,55.02729089155772,69.92883172895974,96.11679787763596,37.14999030777103,600.9256006627617,116.13692444919624,121.71936472233679,39.24030481741767,33.494478116850395,42.55117479023584,132.52605924091998,168.21097678465497,34.99722124212009,61.22637650385725,33.06584820298985,72.69507574205245,58.585611106795426,35.55432596170325,34.15796166026693,115.990357748835,91.55871662048523,33.12900910274324,38.96828494489818,34.27108787658978,224.9978014924091,270.63276269806846,35.42344054907734,59.30630994426714,34.670579123805425,45.7019397306662,106.82672162035163,33.686750972329826,85.48824199089053,97.70035361609357,34.911221855552675,33.06739363753292,34.884119251919785,120.26004682582935,34.8771700120625,37.50450733665532,162.32803672315774,34.168320612126834,36.86223410108922,34.277422917902165,33.476715104924985,33.634970485199624,33.80115382573947,38.03271690037136,34.39288912349616,33.51984808210137,35.36224520638312,34.053079877073806,34.37963068672639,35.95717006978136,55.964025101691504,79.43009613745211,36.86326231584825,34.54146353969496,37.10962208093246,36.784604554125906,35.6226446021653,34.54472432141219,36.2331654540594,293.0998326096028,92.54648723686199,166.91177853127414,34.77986207071634,33.83733627459146,33.45768041320262,34.55772131386786,33.43763929123937,35.5952767310501,33.57100408097849,35.92992111714648,33.70142257483736,111.60688930415726,82.68301805006693,34.048855947145405,34.57144847820513,33.608956703879855,34.47056106999568,33.27581543341782,34.47797874006237,33.80781419639464,33.84389927544755,34.49618266629817,36.640401137762794,None
35.88113093075488,33.77596008033876,300.05989616513716,153.44959070565986,414.1746938039436,230.86250642277287,81.17120068884076,111.30735976212317,35.57706508826168,88.4457727717824,55.14312086041071,34.112215235996445,90.14915016606585,47.58084146034586,36.924804068766434,35.82538195377054,33.729374389628184,48.634948059056704,86.71468397499565,140.09329465649807,42.658069685664294,35.25687924457713,33.72258669588457,38.5308295780845,37.36319343418607,37.0962609076691,126.13207669714876,49.09209827406538,39.33673143177393,114.57011901819374,122.70896168210156,210.018722247245,36.78169319818704,170.66771742133713,36.848485887467135,41.92209613532863,34.518137132609056,38.42439400007936,170.81914796113688,48.706896060244894,144.85624460443546,37.254201030058454,37.83885998216595,90.41999882904163,48.49683894741589,115.83028380962864,94.22160140166828,73.41719017370893,47.00356200550272,37.822443114561295,78.78475725099966,43.73766372732504,37.17659972610201,33.58695449947002,37.480052373157356,48.6974414996734,34.038816628612445,35.20134878255329,37.52923852080925,37.53667888375501,34.0582597012765,396.63819279214624,37.42781299974908,53.39165603863797,66.25041772188483,94.80892885786108,36.97705693402591,498.2705909825664,114.84021911334835,101.26487087198412,38.51455981829472,33.477079071568085,126.00730257952848,123.1686344901207,175.14123743156432,34.93285766259512,40.148938307302494,33.05783135502994,70.194480900684,55.345106424310934,35.43271556179404,34.12310915311366,111.68346079732285,93.52780967213468,33.11869953987586,37.90417662286894,34.23324567966248,225.2325959040344,307.36572407118325,35.34896466792397,53.006317541041575,34.609614189127264,89.81143206497579,107.8686250213748,35.56918723449119,38.17686007171729,109.98237420572826,34.81490699479456,33.058771086272515,34.52077059700357,113.53661268152712,34.806263649821325,37.358134552395725,164.84922523775475,38.82442465928323,36.74878869162655,34.22375822524933,33.46614045818357,33.61827076291198,33.774659983695784,35.20260935316615,34.35037670570127,33.50441445893961,35.27024856319747,34.011508521346,34.32049826721825,43.687664651205594,35.80740874037404,36.185859248314905,34.68151700058465,34.357113905581194,33.51142687592442,47.36712475779599,34.97829111973384,34.4856151591242,124.65385152937375,282.9888677313153,91.3128217812462,68.08152394801382,34.69753723079542,33.814831360075075,33.44865497238227,34.14974444969388,33.42540235318643,35.489224262765696,49.16010030215407,33.573095932934855,33.664108860947664,143.6405453523163,77.48695902869346,34.02401711080292,34.520238205435064,33.59204211107066,34.41560836534636,33.26750785446211,34.42144287648677,33.784430268273,33.81608869114515,34.42728338492576,129.2169065059934,None
143.06319453890816,33.750497649625075,315.99615357845454,104.94309382804285,406.8135069998846,222.9744315707705,80.45181122424472,62.36194619877123,35.51485990389155,81.51265456585999,52.68269812675589,34.069463697754635,88.84067100114036,46.13526564572841,36.817346127278135,35.714404265398954,33.709240523908896,47.6266688676503,49.14656224854905,176.959275299791,40.89576559354287,64.78812119627273,33.697464175950856,55.159523888106825,37.21497748587976,37.510592191968975,147.92625319121285,48.54255660631911,39.169980568128096,83.0967069392413,123.99242360939968,190.74782135766452,36.487657281672135,74.22447151792664,36.733063204205564,41.34088973338982,34.489374047481945,38.280342714996344,157.8668214293721,47.426562785826576,135.39632999750214,37.099272834518274,37.650939503190244,77.42103825052446,47.16987932220878,119.88586419316698,94.25923393112886,70.08643533385471,45.55114642396229,37.67653322477781,78.53480507651341,43.34849057228856,37.02881020009539,33.564820808470394,37.33952688328964,48.210374953626086,34.003221645994635,35.1156895794339,37.26476035889906,37.33750562309492,34.023934342836725,368.7223428705111,37.190295565499724,53.235801592497,62.603494230432574,93.25884736334206,36.80836080070087,441.42939050551024,103.29481686806864,85.51292011790387,37.87643760589146,33.45994043978545,119.41619039798115,177.6706046030316,65.03028951911115,80.43654187211801,34.2774399781046,33.049870391818466,66.4391101215429,52.62386857354169,35.32143915172429,34.09303615133325,161.30330816400698,104.37187608142686,33.10889757738206,37.68150963967044,34.19388023846123,76.61605461898094,191.50381211604682,35.28889326082805,167.59939050981296,41.51809550465396,86.7777810597827,111.27194002939324,36.54732397028053,36.00711488888094,117.04601357126221,34.725812820892145,33.05008208840013,34.459817762793996,108.7829736773894,34.74305910907963,37.21668397688968,93.68073100011293,38.54439219992569,36.638929845560384,34.17336614907072,33.455749744618885,33.602234799817225,87.3786966882057,35.05940838653313,34.3054333377883,33.48992293748574,35.18218777604068,33.97436398194279,34.266073154074284,45.43689677732563,34.68709236970171,85.83510187146976,34.59867521801813,34.178498609445604,39.459506616753956,63.25443512380983,34.490808084149535,34.4338179746086,114.44800559238732,127.43934905985384,89.86438669122522,51.90580933493676,34.62503503728249,33.80073829896954,33.43976130475441,34.09935479094188,33.4139436046695,35.38935574613837,49.891474612906464,33.550257652963836,33.64705349748485,276.4738443526775,76.72010674280581,34.001583724690214,34.4720456507677,33.57577854654874,34.357635978360705,33.25920799334393,34.366910007956314,33.763370924908045,33.78895375490146,40.52373638939229,123.75479474070306,None
175.61387514942157,33.727434449059075,235.7825536223273,86.68060028322832,398.7541389528257,213.47201611990033,80.17333472382609,59.30330056734292,35.46164349535319,102.21571747156,39.41637838508471,34.03246802836483,88.39726368314454,44.91263667602969,36.709525480109995,35.61084965767483,33.689939902899674,47.04066477085452,39.9795513694169,245.16851931900547,40.158091632146714,60.27721796002704,33.67342370976247,50.68449217379747,37.08234230727722,36.98165291647041,236.280223719051,79.95039727630585,39.00434550631458,83.99880765025847,127.73189187903124,185.0158806096627,36.201965074423974,38.224638398655614,36.60918320506733,40.81313921234655,34.45490427006428,38.15655195442013,141.0978643999324,46.4434769406266,131.0644494176035,36.96225146451064,37.480589089045885,45.74879984354217,46.07643978192763,127.80661758229648,95.09806561184088,66.38591783515221,44.24327635936292,37.526139523852116,78.22015173508731,43.03572080833357,36.91834907676557,33.543791008563794,37.195839593865315,47.78493710932168,33.964111013654644,35.02092384907893,37.05394399760056,37.17106449242542,33.994982644164445,472.9875431520264,36.993134654908964,52.4775652364099,59.277420303746226,91.0838012165206,36.655225558711976,437.8749729143508,171.2260389195569,81.53896951484762,37.33794095434255,33.443350412380745,80.89909097934431,165.53085601574986,37.01108103429515,67.75279646766283,33.951766001800245,33.04193689922146,62.83206329585288,93.40205234567148,35.21725951064879,34.06517868220014,265.0688842033254,122.08303187989237,33.099741669826386,37.466799490428244,34.15411710213733,58.46012476330329,42.43223327427558,35.24144724146315,266.0856650704539,41.47025337484097,52.90996717489649,115.6589850761701,33.812971857510774,37.09110205690923,121.82012019722805,34.64426405411724,33.041331268866344,34.399738634387305,105.44912808887541,34.6902181238222,37.07667911240392,229.39437518742835,34.584880156607944,36.530434566236636,34.128548932427286,33.445490196699154,33.58657481812197,86.78903549769608,34.99761391693832,34.259275317464976,33.47512100044543,35.09914131485795,33.94017265581441,34.21906339501496,96.85519627904121,34.599249553340066,75.29818688136976,34.530359295050346,34.130023123292204,38.27096520726241,50.4463218613205,34.425677750921906,35.44935481749986,38.78184113423686,268.24004143286703,89.03305891520327,162.20375975569897,34.559310973299496,33.78519808478952,33.43098823236958,34.051168628802884,33.403354712265845,75.31165263603881,47.286210391144245,72.75593953582293,33.63141707569499,384.9233419613687,76.1554836542093,33.98106488280323,34.425568937011406,33.56032666578699,34.30113318051594,33.260842503603605,34.31422575599027,33.74346583896007,33.762251084027625,40.29874067061692,47.26121355035686,None
91.70308649832693,33.70811810518244,110.53297909759732,84.25524483711027,379.61641972128615,230.08475986134792,81.13145666669261,51.65705700220083,46.370293400007,99.5892760266328,38.48613220543695,34.001590135435016,88.31090861175413,43.82627448402521,36.60347638971139,35.51732795137666,33.67143238122065,46.487621076678074,39.30902855218853,250.77681519347183,39.56021432327929,36.37778217234965,82.75655035521585,39.5956845590459,36.957533934469865,36.3514027364841,209.85825687734817,70.85785639099528,38.87804198620226,82.65178658607226,128.026021609948,187.22463365084442,35.9316008190624,36.10441492147138,36.47491772061064,40.3673318859246,34.41710106858262,57.7840790789985,126.42157328088244,45.55205154441042,118.98731569852256,36.82491869521626,37.32855737692115,43.188157709581404,45.25423624237504,129.0003282251148,120.23423272919509,62.97072015293415,43.14145727435365,37.37023356885884,77.124921836135,42.733974283840794,36.84303147042254,33.52402376807023,37.04099404595967,47.401171338556594,33.924939229805915,34.92885473547343,36.88131523201208,47.48375927455511,33.969498799659384,231.30874028894925,36.81673919042152,120.7465722212775,56.38466253682592,89.00016223715701,36.52831549306206,412.932911807966,130.96822570816565,80.4970003548311,36.90167375975382,33.427586507508046,53.66779728639774,44.567470820988696,35.377656255054326,39.87037832403329,33.99426719766545,33.03403526285935,59.663699724952686,82.59259771218719,35.11922219668136,34.03636695427978,234.43467491895282,122.94544199164349,33.09120106962324,37.259858988095296,34.11477394571842,56.168759069127034,34.16372519610236,35.19363080759875,166.96634834625053,36.51264941409344,97.37557579459784,112.5813658716865,33.612803963732325,57.342964833374815,166.84494498066817,34.56965663085688,33.032609146064345,62.331041537628444,102.96597964194169,34.64418150448664,36.94429856684445,349.7983053777066,34.07390653034358,36.42913851995883,34.088152138733804,33.435368461070574,33.57110658007221,48.64917390674482,55.554169023365525,34.212676510973466,33.45972750519634,35.02386203817293,33.90792803613747,34.17957224467041,91.58480815451273,43.46462716096557,44.58988879766306,34.46469313759424,34.08511711645386,33.71902777957622,35.540181411922006,34.374514199619256,44.488328570777924,34.26923135573243,182.90413048342685,89.46814252455546,258.5245673145394,34.49565348869005,33.75389439339825,33.42233699246889,83.34363840836367,33.393462026781286,66.98758591607472,47.95318098239017,146.40654604370042,33.616688448788466,453.0945164425663,74.68225344427802,33.96046617425995,34.37969924750903,33.545612052031565,34.2515428033042,33.259469031863034,34.26190314045318,33.723384510761626,33.736462944824616,34.60936603594839,36.71150784705831,None
48.418892289940736,33.692697564477676,101.23203273043694,82.85285681248851,364.3443871681497,259.04791993441086,81.40803791311994,49.94626079354804,45.582940213086175,112.83009493903086,38.29351052834849,33.97476289440138,88.16182580259459,42.78202249272246,36.50237777197409,35.43144166958497,33.654803377331525,45.865696324589265,52.67358673542935,142.6305411986153,39.064532915785925,35.021810902579624,78.87868523285177,55.02025196051898,36.82204282775919,36.22080403348557,59.063067805226936,80.07115033247455,124.100519862862,76.09707230980833,122.57005563762822,191.79061750738663,35.688139904451816,36.03722036665045,63.87592570239415,40.03585612771711,34.374844246762024,48.085706325493746,117.0694277356905,44.70479412032931,105.12715073252174,36.68285252124139,37.19817903430492,42.84038251199921,44.69666352379038,121.42222758660714,106.55765683869829,59.94137911726903,71.8688668783737,37.21217896494266,74.1989090051591,42.49132694904023,36.79497642886661,33.50557939012949,36.87617694073872,47.04905337454567,33.88795755347,34.84634826756647,36.72314732236139,47.24042086029058,33.946052703629064,61.708303006107826,36.64961210583737,111.74815263901769,53.906459801562384,87.3555140700721,36.42858396900953,385.2697760201004,68.81744170658962,81.89149476417725,36.56069796900512,70.48749238444573,39.874054200599375,37.6734422323236,35.302248609206984,35.02234877244104,34.026122839821824,33.02617261868606,56.83077590842873,49.877160584128724,35.02860661235129,34.00630532862053,92.645898773594,103.11475853460057,33.08292358990581,37.055905575224656,34.074639945505744,54.301165296635396,37.33334194830324,35.136669121542866,39.669048584335606,38.44342180181633,87.52061897822844,106.75368938697694,33.59580227081984,71.19524361476951,185.91515113215115,34.50118653008092,33.02394749678872,56.27797370219163,101.41279810822284,34.597277009702054,36.82846750060339,193.6504353244009,34.03055367239438,133.44097208711085,44.66497138167821,33.42540902908122,33.555801864663835,40.408755266374996,52.99475786643943,34.167396635956656,33.444389945528805,34.9551208195911,33.87796418781282,34.14555696619717,38.5959975210574,55.12420706289127,56.04301351517758,34.404161978175964,34.0413102280377,33.45482736280005,34.71741451670675,34.322935699514716,77.56467512312821,34.1993983004957,47.725956820030916,92.4688595843486,175.23226105111218,34.43067487565004,33.73175639454687,33.413748063649024,72.37206147921162,33.3840586280214,36.78839498973185,34.326629277621834,214.1989950332713,33.60194064233336,281.2702474341185,71.20191384501571,33.93836180188258,34.33447899781269,33.53173330351712,34.208141694771484,33.235818870510776,34.209142980921634,33.70327118572248,33.71229739415217,34.23176082052202,36.2433172806781,None
49.6922784897291,33.68289819720376,95.35500520863644,80.5782434922134,360.28591098114464,220.5927392518879,81.73281851488144,48.72388911871718,37.65506476865836,245.41851832902668,38.10847819655947,33.949647743037985,164.14596399241776,41.79560742064764,36.401394586901844,35.355001448253326,33.641125290833806,45.201415705056704,68.35248981900766,157.03279643182117,38.642084682175664,34.966658021541626,59.079943369558755,55.38735256835954,36.67721098234107,36.13022822929295,47.157121133958476,65.72606816183823,156.0372120823869,74.80505062254181,121.02505148586859,185.13919415980664,35.46930820183878,35.99141864899672,113.74411789374544,39.8185516688276,34.33428105867837,42.23891046863619,112.19175665918735,43.94790048477746,97.22355695133015,36.543967955638344,37.075346730576406,42.6483842651272,47.62703282798916,118.07155681139729,92.81299102585142,57.1443023833041,68.98842976720879,37.05821930713539,70.3982371033291,42.30406606734797,36.74674896856846,34.31680857217267,36.711652015647566,46.72392344577612,33.8543189689315,34.771412558036296,36.57102867921896,127.46614881194937,33.92389376222792,49.51460026570898,36.48383897021176,76.23736446356034,59.72360721663336,86.52276018654518,36.35731245553576,390.89759879226165,64.83100566446618,84.24406780520364,63.44107898235532,129.75273243110664,39.05812420688993,37.46244808436629,36.44444468429608,34.724907659849265,34.048640990512354,35.94212960353281,54.33057907968957,46.1060396453372,34.947186198839674,33.975513164217915,77.70688378001981,92.953309310422,33.074429992806266,36.852804177783206,34.034863431527505,52.53350978100372,192.34618099132197,35.07677646789503,32.5590042779435,35.835035191791356,44.45104931771325,93.13241858466385,75.80399991125871,67.25445894121886,182.9428969515248,34.435651913091164,33.015388079643394,37.32610633354975,100.14413636655348,34.54677829838046,36.7248587285669,82.2008975978369,34.87287809237805,112.4311669349416,36.67457286209137,33.41561344481081,33.54121137023868,40.26236529117372,37.971637453390244,34.12860859628396,33.429429394484245,34.892098641640146,33.85042057959499,34.114657723997766,59.847096903861846,208.6629643668029,70.26301323234722,34.342985422785404,33.9995294897651,33.442544765115215,34.66134389987822,34.27319702353701,72.47209367309604,34.9838375122895,40.68866644493768,156.3634782687404,323.3979635870047,34.36377940077945,68.38751616808756,33.405089254365635,71.76479206481197,33.374935378737106,35.07400428709664,33.49578145103969,117.80158783875626,33.58698983865652,77.774901127882,66.6251022828734,33.914934278968765,34.28906570762333,84.73755034335086,34.17204794934125,90.15852015120815,34.157403530119765,33.683986585041865,33.68989966941767,34.184221554079826,36.145976301815,None
47.214738439787034,33.67190986689196,89.26289257006985,76.51387826718951,358.2689404678828,166.59305748757455,89.16775213763857,47.57693202507912,40.116360515353215,207.42659535489128,37.941824994666185,82.95082124971496,151.99871732220913,40.96685210987863,36.29724299674711,35.29037200836226,33.62957696456179,44.55797002329992,48.29646367659849,152.10933203889962,38.2551765390099,34.970062816293066,47.36092234124532,38.57994449777453,36.53846641131365,36.06010487001425,76.93462629042558,39.00940503805614,86.94567108377704,71.6701130321965,105.01544026746213,167.5349340439731,35.27309723100576,35.94506366433625,92.72233143323292,39.64405400283174,34.294170926178445,38.82068701493106,112.57840062973908,43.33615618397128,91.63841357706221,36.615841666233344,61.50839329201894,42.496446930215825,46.54771683032694,109.9485060192102,91.05821783512864,54.56047221103931,47.81442126989434,36.90934889884721,67.35975355964156,42.12736147402548,36.681048445250674,34.74317776118229,36.549003149949016,46.433294397974656,33.823804662004754,34.69879283076177,36.43170865892481,207.6140361692244,33.90253054518288,49.08385857160429,36.32097243405713,64.04289279055865,57.82191671392558,85.57688641084249,75.45938144856348,604.1480876194101,64.77612572304162,85.71858026732465,132.1298183914533,156.39707988416936,38.85852483930535,37.277103989221075,35.98372820885408,34.658179152107294,34.06139404183018,34.18618540442022,52.25130823630539,44.84650159171176,34.883480426417925,33.94523187078205,76.88751095154528,91.83325555443126,33.06564044249517,36.66013218324586,33.99751845547616,50.98956435178714,220.76014734812702,35.02453293576312,32.5154493542737,34.420599876023445,41.66263558138511,74.42763124998565,67.34263130915245,54.280687500618,127.49891910581542,68.7838663710217,34.75049899392049,35.50900181393681,98.04488678068935,34.49387238444624,36.75568317679783,118.1981374291452,34.40307080882848,43.04964131590484,34.14749083431607,33.40610079566,33.52775367056686,35.82753131067032,35.28997297180339,35.5197527341366,33.4149078695402,36.35106041745573,33.82734690710419,34.08485306153032,76.21705100162637,365.8654149699395,185.54552774522656,34.28987265501344,33.96036672404943,33.43188831984073,34.60971025182434,34.22832244180671,36.362504758292204,34.43280540035887,40.33232014582392,158.52086881645408,316.67572689085364,34.29840804073579,66.55154671393326,33.39635625416025,64.99884426507161,33.365642811726715,41.76886814568535,33.47992902460118,51.32524816505523,33.57277915190905,65.28682897142102,62.214075568994744,33.891580657054284,34.242446565021616,72.58643867732194,34.139100432462584,79.34392847881035,37.085422053415385,33.665711518632854,33.66901252376548,34.348890170371426,89.81965149841093,None
38.79235939643691,33.65469552409739,89.95039613207541,78.77062344130722,354.92153960299123,162.75929251198966,96.46508527757193,46.486705205564775,74.33259314544459,53.344574130027674,37.794195752177636,73.61950595426552,91.52001586037069,40.34051940059143,36.19181322470681,99.00556013221205,33.61812149096889,128.7844410265985,38.886381400309546,135.02202284361013,37.90131705521026,34.99868058496286,62.123778109239105,37.42264039130948,36.404871295951956,36.014020994209865,67.72125059740351,37.42276584893106,45.87721451937582,81.08048248620901,76.97144324178255,162.473850332488,43.7729019683967,35.89379271793322,39.35551461993999,39.431303608520864,34.2512842247728,43.39872607367499,114.34769385220943,42.89309523774065,88.44874682441841,36.62919414929088,54.49631785642737,42.31575189889349,43.332939765685566,86.60191054866102,83.16209929894411,61.06262473567564,118.80420096044716,36.77435433987204,65.01510595214768,41.94692250987071,36.60418758426299,33.53893877304582,38.12920993194531,46.153656167180145,33.79611889878097,34.63245108289447,36.326046021457955,159.23151023020213,33.88248447751288,48.78110411472292,36.19291272450579,46.447551695181005,49.01376481073659,85.91745656681833,65.92002326998013,834.4420710586662,66.34214497090599,81.5806926571881,125.40669396109095,57.962030071247604,39.37717735349909,37.1015519665976,72.53421332596919,34.5967591221418,34.06722670295266,33.06040836542319,50.55945588109914,43.816861890406216,34.828845361802394,41.03965027483462,76.60132548374536,90.48013402442915,33.05695996102297,36.495306699884274,33.964053372788364,49.6036177104293,84.93200491788943,35.00007214652644,32.50800116092746,34.319239870905555,41.33067655475952,73.02416452905614,35.22027278178225,38.857376689030545,77.34169602432729,64.97071688982315,35.54483600370069,34.274489014856556,95.75205835710436,34.441594225009496,36.792368533362314,104.10225093867413,37.79768392879452,37.643356549705075,33.98883149091685,38.55564103767294,33.51548105318513,36.02180293944003,34.787126941769145,39.12580976084135,33.400732406019344,36.4108216073677,33.806392861292885,34.056919901676004,66.8968718757704,236.4573025815854,261.7091041248779,34.24034079985539,33.924812038195824,33.4221257395697,34.55785007931616,34.190700736317574,34.244536329240646,34.30976916264675,39.923953847910546,90.64659958342834,104.01961626592352,45.63733551708579,35.46860986427083,33.387605854234586,35.546830671074346,33.35594791077997,42.923250262248786,33.46789797512404,47.9496695213432,33.5596689560979,61.018208454654406,62.458623488161315,33.868910953632394,34.19620701944525,37.54026777571167,34.10249096205113,35.60919187221314,38.27910291079978,33.64834699382525,33.649458582940575,34.51226619954491,84.39335664934096,None
35.917102293305796,33.63850457656684,92.54645968193144,77.267907179997,343.9745515005378,150.76971399513027,82.66048075497953,56.62146446459118,96.12753305084959,41.14483168687581,37.66466219518601,51.83490837223471,84.56910558637006,39.87696583080884,57.83907679725374,744.160697181688,33.605035112152336,121.29874992036119,40.24800326231552,127.8219556705114,37.60360757825178,34.91265438475383,66.69446357543801,37.286196932608966,36.269501084068935,35.9782654511991,47.52852586283496,37.2227076073202,39.40434439374909,76.36371140676755,74.8429597115847,154.77307256781,43.998522711934264,35.8331238716909,36.48861491453286,39.17818799786702,34.206065295570106,44.417075004395244,110.29824830823344,42.529685186134564,83.29586703388816,36.267631462155705,45.755657981578906,42.10941577856274,42.51756128144607,77.54781106855668,79.59002062770311,52.344638219028155,119.27304473295595,36.66353687014117,62.876675298133705,41.77623503266177,36.515195726342284,33.442864969272065,67.17477248367189,45.85345146728508,39.98014208000695,34.57468838008147,36.23794197739104,54.758547070310605,33.86385890945345,51.79140104580386,36.06839951341434,44.884501810687695,47.129174315022965,87.5323675741503,37.716507551166956,511.79116890988877,69.03928651170345,74.05732589023644,44.96729145025294,37.470056749761326,48.34423780395308,36.930799702355536,63.70463755631845,34.537763379227364,34.069379374856965,33.01763477560661,68.96787558327054,42.99219331188007,34.77213783171702,40.47756855729704,76.15406756550351,92.09702271076006,33.04866728811502,36.37118507450286,33.93453314477721,48.25681050957982,57.99007382963964,34.98315368986554,32.500623291947285,34.284631371221444,137.51901072609346,72.79481638647248,33.550996316118685,36.241608353186045,101.50015862434185,35.92772866045703,35.72036014551413,34.15461479172321,94.48845044219699,34.39441340514655,36.59197385553094,66.91109332295954,44.77183610848545,36.19036254307742,33.965327533993786,46.813907905559816,33.50430666773788,33.78041954266962,34.73187805346477,54.779119282596035,33.386922547160204,34.80778047351606,33.78445148088081,34.032585191848966,68.23936738151924,61.918862787424146,160.69165486237938,34.19351542682555,33.893768062170594,33.41285032499531,34.506446483969285,34.16066484910719,34.202016097379314,34.108052125258986,86.49850830572304,90.87734207231121,37.49349411986725,38.448795624871224,33.68645040156887,33.37888230242405,33.86126444986185,33.34585048983057,62.04061039976672,33.456262178477274,36.646727494296385,33.546706177646996,58.47869050971029,62.48294562529588,33.84644783788462,34.15135646057854,33.62730084111898,34.072101919050965,33.2111053604609,34.291374199401716,33.630993680408174,36.66991204404717,34.15256997212777,106.07487744659416,None
35.5730285338494,33.620351347001204,93.69817856388417,64.88512355652007,333.26659275048075,156.02534333805968,72.01748435126825,62.939919567271346,99.18757658607798,39.93623721254955,37.5522778684467,44.47024431165982,81.80785876078511,39.45167033987008,57.69058160947854,504.9448638005583,33.591045735777385,59.60786080929715,70.45320395296929,160.06515610529246,37.35703351655389,34.79360424883129,152.63407195543854,37.079360458404864,87.00142469100805,35.92817423237288,45.87496669929448,37.437678363497255,56.199409203699425,62.088481698790645,74.50875858371741,153.53021025594396,89.68715091856218,35.76836078554936,36.102212073888346,38.9218620996064,34.16152996762053,37.81034375282353,102.60685599126712,42.08654397318243,80.20175296743756,36.15461157635468,42.235267490413094,41.86835606821258,41.77148743526642,81.92751801237577,78.89315028017369,48.6482302390871,52.053211054775,36.56735903304101,60.76895305022398,41.623216579402296,36.40822993227194,33.42693274673209,60.89721632721811,45.49826539842032,39.243825004708185,34.52290291039079,36.143053883088406,38.84583866406196,33.84512878699573,54.32940179668272,35.911465425600575,44.142994965675534,178.39531783771636,89.6430879452023,338.0158283339289,274.44267782726206,72.28510253426089,73.38168434141608,36.43397835211208,97.06025996157223,45.29571484277968,36.761879817935366,46.009425914950704,34.47725860680681,34.06434170154736,32.989930732599014,60.97123904269064,42.30153419495118,34.73103036973827,45.46231805228256,100.74628438509407,89.71803425602086,33.04052189908973,36.27806276685875,33.906663387107656,46.946267880949485,46.65764547483285,34.949831308454186,32.493243521053635,34.2489688987878,242.3100637369159,72.09334214545791,33.53653964173442,35.660628249185635,91.419248528678,34.25438820812114,48.5760347328433,34.11296844263925,95.50844052717932,34.352840032336964,36.43502949095633,62.11303262922464,39.11995784036626,36.06539839934399,33.942930578551696,35.300146257496024,33.49378188918653,33.614864087951005,34.706704295296845,49.9824613579765,33.37325119983981,34.659157470983985,33.766558556893955,34.012297458272954,71.47184821566944,36.57329906723577,73.74553946754719,36.621778001115686,33.87625604635727,33.403858723467025,46.9315374605215,34.13467859824612,34.183739327656625,34.07414072615672,92.41076427167488,138.29024336847777,34.127392619411204,34.3022398830707,33.67676756841816,33.37027243596407,33.82584353079435,33.33547079112052,63.8558153980762,50.232393112977675,47.00326513361085,33.533555803303464,56.24001880524373,53.53676013676358,33.823024930527424,34.10747766320377,33.474244547930475,34.04533292558515,33.194637069513306,33.99570830272748,33.61264712554838,37.89862337698247,34.04408641509093,155.63495579357988,None
35.48490763381697,33.601630269062106,95.23544789983472,61.35980421789018,306.10272381102305,138.84509600866144,71.41495415611318,86.89283739149151,78.13752271947584,37.85664915550818,37.45449041658215,34.37332863395617,79.1837593121909,39.01132792950207,50.03225115487591,177.29342337059876,33.57793539869822,43.87568387996702,72.82278863339839,162.0130297458649,37.14300400806406,34.729525668665765,185.74003474662172,37.097579735400465,80.89223110020939,35.85871145219299,45.39983186811385,37.84989031403281,63.49295557620982,58.74225763017781,73.65246133073606,152.8128949057781,95.08309522698288,35.69970288993578,35.88469710129529,38.68563831605499,34.147382120211034,37.270970694845424,99.29104762240813,41.51567529015927,82.52911112545092,36.05889650122004,40.241889873590495,41.61996666277215,41.010491731577794,80.70434032905753,107.72093145017948,47.035409315693684,42.197796089952114,36.468831570110275,58.66606425763082,41.46990794327513,36.29233138794913,33.416497051202754,89.02005696432961,44.98181267535502,34.48121086204494,34.47919202694725,36.07774884810946,36.64215546128784,33.82429710642109,76.10647303976192,36.52014426664299,43.35303970259954,287.20727385476886,92.21891746603164,1790.1629556095634,272.3864380751242,76.4625124361107,73.10949526997506,36.186485238186286,77.20526223336618,38.4129926678755,36.597479287618654,1296.0073456634855,34.415572357481054,34.0460049092814,32.9799374621071,48.06577020878114,41.6133531547049,34.694179321066585,39.587567737208964,107.8179429894948,78.26376435386865,33.03208314033829,36.182735689614354,33.878821765501485,45.92629653185328,37.647277173680976,34.92461026901557,32.48586104661961,34.214136099635375,168.72096342104402,69.89920451137277,33.52432670482061,35.549542380118275,74.32215994675953,34.21133085034484,58.94179913081295,34.076522046512906,96.24842097284214,34.314183303004434,36.35485844141106,59.37024801428253,34.95108646630116,35.99233099193317,33.91726479807351,33.486092973804325,33.49112011131713,33.59640215547336,34.686452008795854,34.82276926706397,33.359617574230484,45.791856267006104,33.749310967704325,33.99557409682256,62.482793122638704,34.53005162327607,55.52459485222214,51.4189355969738,33.89232484562141,33.39489961265313,40.08734370529854,34.10804613893072,34.159958626856564,34.04659649375631,210.0977333627486,138.68731253828065,34.10813810331705,46.205060908795815,33.63076518431734,33.490972914822706,33.79981378427993,33.325048640877284,36.86149857043636,43.38640213132978,38.414435382225754,33.520387522369475,54.233974347415504,50.48174269877677,33.798521667038464,38.43120051923232,33.46099649042593,34.018119993866016,33.186517954752105,33.95820294592176,33.593824203625076,33.8666792806834,34.05123246775891,105.94615850637777,None
35.403922808475045,33.58535030316225,97.70981008658487,58.778519881145975,296.7316266466042,121.76986487142727,71.75744207506743,87.17428425587578,77.76217116249413,37.4891131418161,37.37236715416894,36.93974732019703,76.52330988432414,38.64369626043357,48.72394434386858,64.03363029056204,33.56499886345783,42.517522450851494,95.34841246867019,155.63274566937739,109.45443604421072,34.66861401494646,103.24621594680731,41.41957325015328,81.20138557388307,35.776474905575846,44.90163639704837,37.269285632298704,128.5948573018923,56.30138327000693,71.21070155448928,148.17674251954287,40.446824710074786,35.621143292883175,35.84185781927316,38.4891735153697,34.124923423380054,37.1226926910891,95.74473068919971,40.91723400219132,83.56417171410051,38.91252963008493,38.46626424262125,41.388503171331344,40.29483905041413,75.41264551457424,119.78913705892022,64.6004189244785,47.146156218463936,36.358920662233366,56.79573127491122,41.306168985665,36.176709246146785,33.40568201530644,92.64365146315761,44.28937768090169,33.75318731728319,34.44233635987884,47.10751469983574,36.477908470780115,33.801485143604665,77.29435605217095,36.889483533910365,42.578044440129,161.70445225139457,93.0137550877211,1170.3426939072642,349.76818467370964,93.37851034575823,131.41518820559816,35.94654386437344,38.89792035407854,37.75240801678604,74.40290688825749,4060.611635878978,34.35621043277233,34.01421714432081,32.97218689513237,46.234803760419595,40.849124650612154,34.660136438548506,34.1610835126472,87.55493157883205,74.50892152487562,33.02336299546039,36.06409336088094,33.851264447810195,49.65325583327899,34.36855678646945,34.88806036082483,32.478475918887355,34.81287941947827,49.42867575798065,66.41879965453167,33.53090911087469,35.479802890178156,140.200410561236,34.17005536189873,50.34126859581277,34.04316481553063,96.81371781044041,34.30958868188672,36.269487494044775,111.1838765495734,33.94834802823187,35.91690295891418,33.89085205397831,33.873943159417855,33.48333433922522,33.57898216032487,34.7195510469168,42.193129782681645,33.34648507437324,44.34413583416779,33.739762927915805,33.98016840761068,36.619949040481906,42.271518045257714,39.23186317355176,48.57524251901873,33.87684316859053,55.13929281620175,35.2714475818109,34.079359357250986,34.105594708745954,34.014081539740125,213.09540382296237,116.0659236137781,34.10354881409488,42.97243789599741,33.61577034640938,33.556282755340014,33.776690077167714,33.314782643709,34.78746610767989,34.903619767547234,34.88521542456313,33.50752747027834,52.38809399167016,48.3493556871764,33.77423261802138,45.31891221286335,33.448785247382204,33.98868940777484,33.17841954694682,33.92635368495853,33.57564126629079,33.60141997422553,34.04270133383467,39.40319736432293,None
35.33394508160337,33.573613591661065,99.9717544680922,56.49166040946678,321.0366741779824,115.6009969218766,72.40152794396508,87.6651298484494,58.471216029505996,37.407710541017046,37.294323555792616,34.31750053924533,74.07992791356335,38.411661777554976,45.59335895200192,43.971690910248746,33.5511588787989,41.963986138060996,89.03804445469095,137.32045754812785,110.5005340339013,34.61023172287516,37.137831754672725,38.2914680582593,70.27930734137526,35.70619053828256,44.362422476861774,36.57770482965659,118.88174520224413,54.13762783096745,67.59245717457131,156.25643766551937,34.97257992441379,35.537624042372286,48.05546126329012,38.33476980453857,34.05578871418717,36.97583783926199,91.1425803446967,40.350883631782615,83.73323960005794,40.22508757283028,36.697980888842466,41.17646997726668,41.51015088889697,73.4938764832593,180.52978515734767,60.594123483357926,46.76034621049473,36.244068841384006,55.29445809329303,41.154201588632986,36.06242394472266,33.38696583973023,59.35100110487704,43.50817310233158,33.70654193981415,34.408970731104745,51.68332100657773,36.40869563315804,33.77841613224957,60.642511901747376,35.78794910183568,41.85681495490565,51.255288177190025,87.56112345325245,190.8995249557053,363.59201799445765,99.27941358897579,123.41586668728348,35.88699943311337,35.780243343423635,37.42826482638708,72.15520320752181,4001.165865147866,34.30116187080605,33.975158456526124,32.964515765622124,45.57073871239098,40.083528150229576,34.62990706162249,33.832656117610114,67.49176632124113,101.17723748794457,33.054827386391075,35.931979953280745,33.825509133798214,48.721884444107154,34.10388357940676,34.8416879041428,32.47108874672211,246.664508048443,40.689837572009395,62.85398673267417,33.52971081643513,35.413345803646095,130.47427368317884,34.132129718857854,33.868955081944364,34.01281538673748,100.93476674656334,694.6725902278225,36.185839976615185,113.10900262282809,33.88405625852822,35.83706376789529,33.866652909415485,33.605971783353986,67.31525494334721,33.56278685484636,34.717934651925745,44.55724094397807,33.33358997717916,35.024991591030336,33.727801450092265,33.96251732872122,71.9479726777647,66.52621517299772,95.0593101126972,34.78360698378128,33.8429661838133,49.461022668168,34.41177044210972,34.05028595832949,34.07114353165936,33.979596251343125,49.952313854770146,109.81125669918544,34.0985152796557,46.98603757497373,33.611955668316604,33.358538239200804,33.75547096360797,35.47142254974719,34.6684635107471,35.07379956613597,33.52566902200459,33.49540323491375,50.669551699717005,46.494739494664536,85.64283456167342,46.00544155996186,33.436737561865,33.958030740154726,33.17041453906891,33.901082396130946,33.55862587771016,39.80255130901384,33.948881524505694,35.699119369961636,None
35.28249014756964,33.58976292175228,95.2724974565657,70.59524849136605,298.95473034444666,112.64567124274436,71.6668943970534,71.10632851032675,46.28618966481989,37.33309316101957,37.207449217043006,33.797525392667104,71.39284588463644,38.266219521740986,36.850746143707475,35.609831388588105,33.537801399908574,41.44611809503171,201.0983220896621,85.81889920265832,56.86806699130057,34.55586514476711,33.55589045924278,36.858544912807375,71.09385670369187,57.04692457337878,43.78466884430386,36.39111677454574,98.0657481772734,52.24432834129062,64.07929908805697,134.93042571239292,34.801440134449614,35.45735826527282,44.40835664537686,38.1935184374609,34.01951729505137,36.83142758368179,89.28712283534296,47.368098321810024,83.90532052416114,51.28050168601421,36.56402303189031,40.96581166374415,46.45529752638645,90.4912159170174,147.8410335990639,44.44891427190456,63.21105897261838,36.13564924466293,53.98464378117797,41.020768848263046,35.94993150286685,33.37358145961586,40.2403524355159,42.720066909796095,33.69053267731846,34.37813009682289,40.788562919525106,36.35272765038631,33.755970557542625,53.8541686714419,35.636201257529585,41.1900252268062,44.087527242500926,84.88066282111829,81.29958167352164,374.7650065869053,178.3843674523716,77.81411348844071,35.836916607028435,33.7212946449399,37.11165607967958,45.51878858005863,1340.567179520863,34.25244186263473,33.935213873564045,32.95687300531399,44.9955431326811,39.45074883066745,34.59965433722796,33.816057851303896,63.51781446279273,96.412103703043,33.069201488358466,35.800916940644385,33.803164000128085,43.71333641828033,34.085813503847945,34.788277612636264,32.46369980183867,162.96328065118547,40.33999267060054,59.63217204587183,33.49590620594916,35.34689249303446,130.55030577475546,34.13122411450843,34.07217795172962,34.03287748764561,126.0563706930092,2001.4883219832764,36.1084256931363,71.02647607019408,33.87446450894819,35.75388289613299,33.84527540800176,48.183629555677754,61.32803316882795,33.54781891422155,34.622246723606466,44.069689762375354,33.320402807714636,34.51023791280846,33.70049856572196,33.94123063170381,76.07154502047676,152.7386405555368,100.29918198139013,34.03328605636989,33.84081438470823,50.171445564459546,34.34073375456305,34.070534911119026,34.03763156278013,33.946811680688626,38.625630275112975,98.14506639354887,90.84942566736031,45.59720644602825,34.47218918865921,33.33747910683176,33.73458783432673,36.71511816851768,34.607471709211595,33.512088707186486,33.455173136980754,33.483877770017514,49.12946802589772,44.89884615997647,81.04037416887425,45.73876535314369,33.42457477120008,33.92668882680723,33.162529544340536,33.88068969279458,33.542431297516266,37.73200089801711,33.91139222184304,35.62046804837401,None
35.248269971524365,108.71031903738435,83.42327639269074,69.13390127204016,279.4286114231241,110.20729885373224,80.1292112584377,47.831981583503065,38.965212990549006,37.252375583937116,37.11113967506049,33.769116567464486,68.66272969598309,38.12639513923721,35.834422109857705,35.069096597137296,127.9355854275887,41.0038335829849,178.545268126926,69.89040484387277,50.5890594889964,34.51015964710413,33.52793587543759,36.763724114514474,61.371776535672076,50.80671153699084,43.20785331317712,36.25670152893643,92.42863566355543,50.667362660773534,60.95739179855112,128.61155538671105,34.77253090341227,70.01979267539512,36.10779511780859,38.03911621685947,42.695748540765784,36.6913446640077,91.04855748683191,42.163263179486854,85.81928608868174,46.544063486498295,36.45765132120924,40.74210738511998,51.07813056577643,85.28568293899433,92.41260561134523,42.86794445948492,60.741753060829204,36.036546831631114,54.51354136287446,40.788749686565225,35.83709999157685,33.360349102659285,36.652974431708735,41.98930592276513,33.67397450648496,134.66691345474095,36.40595896814675,36.269738781399134,33.733982394799064,47.80446818461893,35.58813854614441,40.60872952841547,43.43143487584304,81.32802327992114,127.18160646775914,318.0787075965162,150.50577714691298,64.06477247585869,35.779721821752034,33.343387228448385,44.37209001191648,193.27506884992619,130.74018250133483,34.20996484505228,33.89945375667573,32.94924629897093,44.42647287522964,38.9840344461204,34.566020271767684,33.80235767172789,61.09117795203697,74.3707873831419,33.0015745056526,35.67703660037707,33.7829020601463,42.812420781223004,34.07078178874423,34.7303409237819,32.456309184912165,42.95827688280943,40.069297226828304,57.53477223519887,33.48437686578889,35.281942905015065,112.99710625748872,34.13558571426353,81.41326112009115,34.04396456772428,118.17440074082631,2535.369428985946,36.03333310122401,80.22529842153642,33.844134835732106,35.670977502925545,33.82552744806746,84.07924250315905,34.92790029909144,33.53373876262367,34.55565934042332,38.89762748693953,33.3066791835567,34.48619038011581,33.68209068014448,33.919213972040765,43.08403864724775,338.1992107601592,141.28941599095037,33.99659083878895,33.78340620154801,47.08052179264369,34.30499376955168,34.119784319745825,34.00450638528947,33.916010757981475,38.26911537573137,92.74400532679043,89.96143163209763,35.39562447495642,38.19097909246944,33.32933766640109,33.71307507521741,33.506498440896664,34.551069474078304,33.40152847946611,43.19299946292328,33.472461027758825,47.78360357882195,43.527376398815356,51.966986530221355,71.03460387844027,33.41243673210021,33.894181508141585,33.154756601180985,33.86139305651902,33.52638302129832,33.95753318699266,33.87954544608554,35.58770838034047,None
35.21994168874433,70.41115655279961,80.08930141623607,54.423730301052714,275.50551089449425,107.95021686389174,73.52388420443279,44.04015785612786,35.45746769895192,37.17114777992857,37.01116891271768,33.74689467098485,66.26957725267519,37.95541751100817,35.748608844534175,35.03030366673114,82.37076509403897,40.62666177335972,80.95510624240718,66.95741181944535,41.37829460558943,34.479619575720314,33.513437250739685,36.68491119890429,40.84704292601473,36.30416541573182,42.67610693695297,36.137537208483295,49.73558931173303,49.35829885591491,58.20087052782676,126.36255075101008,34.747313908229245,67.01476192623865,35.61445046943079,37.87870334423156,67.07205933474226,36.555197565691344,91.75506517930135,134.62512546112006,88.95800834627849,36.85329314896988,36.37802250777098,40.515085516578885,45.86625663433983,65.18417707143584,133.83979706025258,42.2014361546786,41.95754897970816,35.948856970636804,69.819283192982,40.3205044942836,56.681999438401746,33.348224455787395,35.953548679659185,41.344977882137826,33.656303673601734,1329.4387067595885,35.89575644713002,36.170705428091786,33.712079801110285,46.1991299700698,35.541767618216866,40.179348465623335,114.08454999973316,76.16650026355892,140.07638819504342,215.20550067357868,90.81157551483736,60.61019786291768,35.71006450863008,33.31781921636293,38.29250017168205,413.27613176606263,89.24086678885399,52.534066648629725,33.8972370783368,32.94162344748203,43.8011913245309,38.58724620097765,34.52820406772867,34.42749511244169,58.961978008080905,70.28966443922877,32.98871643828982,35.56543325154277,33.76174574315817,42.07428156482895,34.05445478481119,34.66968038086277,32.44891713981323,34.298130731251334,39.724947554989,75.7912624044718,33.47442065403828,35.218740625285605,96.2286331420248,34.06580262486423,200.09999275656384,33.963440788962544,100.94108313997393,1936.0809129574432,35.9507558452746,108.243427268938,33.80757020755228,35.58923003704579,33.80731588443593,255.60083363988758,33.441262150098055,53.56075865157482,34.511594365478324,87.48837023009226,33.292521865182394,34.41937772726343,33.66366102407524,33.898761278364404,43.350628012148334,235.2316634016554,131.36941286302684,33.96170980422839,33.76375662701362,36.60197890232281,34.26517737864956,34.05276714380721,33.97168594918007,33.886295772188376,37.99695119645874,91.02674418751343,48.853456695253925,35.01601542791119,58.29127964351551,33.321169216509034,33.69087781911745,33.31854989119257,36.38273801326154,33.39517036812395,45.69695312495089,33.4608336413509,46.55111973494866,42.341657802549705,37.498094854823755,64.4846949694473,59.902927617250874,33.8608479826938,33.14703384054531,33.84146401028795,33.510409998258424,33.64500834605604,33.84857880138047,35.50004581487636,None
35.187229978088716,35.88754931440414,79.22092305820615,52.54696101980305,266.99596914249804,105.1261135607389,63.9827034811359,43.0979118660954,35.259449293292654,37.096815209290966,36.918339079822175,33.723990283035604,63.999695484002466,37.73325012938985,35.59171547125929,34.98779343742004,90.26197748920514,40.279929464342224,171.97584205186385,65.61382905468763,40.16053576597262,34.46317574181048,33.498376163890875,36.58370814394532,35.973972975683395,35.51459301952865,42.20595971163553,36.03846889069634,43.47467768218119,61.03919043290975,55.6918151005981,124.13348321378227,34.725941640501496,37.707881880119245,35.538817732804134,37.72425904528922,750.8794613464232,36.42248110847388,90.23020541007368,70.79711235276527,86.70991172887669,36.223738725932776,36.47919422739455,44.46047082889409,38.63629491932018,61.489479988755285,262.6613445367126,41.58445421874022,39.244696988095825,35.872775200388205,60.51292787082085,39.72414889463979,55.55419204256135,35.82423327773839,50.59452124730774,40.75959434081432,33.637687821497714,1938.6630692232986,82.87827086289376,36.08493634354984,130.9771223121591,45.58949511873269,35.496374353785,189.27619172501613,122.11415400308205,77.72645387550247,103.23672684397422,205.63020551132362,190.7446640158581,57.90653555335759,35.628646235903275,33.30957588374716,36.389523166237424,240.47803909057242,101.1163905985542,53.17957290570114,33.88428080037588,32.93400231836021,43.10673764394426,38.22719808128355,34.484745060827606,48.96948705932388,57.87667128021272,66.28646254627242,32.97986798423363,35.469735802163136,33.73924630483499,41.33103563360408,34.03593472887653,34.61050833003776,32.44152446479157,34.078796298865015,39.35987298632537,119.3621286597148,33.46430781742157,35.15489356037745,80.00560480082281,34.01785148445019,728.2042202248167,33.94522251456933,82.4896394955443,632.5093357708548,35.85295628760036,78.72293340837128,33.78669174603838,35.50891828462328,88.6889747771482,609.2906531112284,33.42421247722318,51.48010951964726,34.47125928318457,74.03359852758456,33.27844471880815,34.379593033412206,33.64501133343031,33.87826101823078,37.15306335683228,54.05818263200781,55.75318951777133,33.92683764243251,33.74442726303488,34.135337376684234,34.221387354129426,33.95350847584416,33.93934512287642,33.8570629900244,37.682217772290976,81.50374241482783,35.092576926832514,84.10670646480334,46.11786936609946,33.312962197366545,33.66799571790338,33.33113191661009,36.21255758407372,33.376318228756226,37.3939954439948,33.44920770309094,45.38441513481861,48.3452119625555,34.096592362678074,35.98347463220992,56.354173554961264,33.827591115652105,33.13928580406862,33.820583363273805,33.49494275508582,33.53912435179528,33.858950430084896,35.407495476934,None
35.14940978751299,33.68794620274912,77.97893631823013,50.045298230856744,262.7780553388274,101.14611045656768,61.15312434653223,42.15925252289149,35.056712669023064,37.03060868356992,36.93623149974045,35.175170017858754,62.5084326971676,37.476296320242035,35.50215978969532,34.93802647155587,90.77957342103831,39.93834844838771,300.9641322211574,63.88258009089004,39.11613209713615,44.886553020461314,33.48293161393693,36.473319003548276,35.6410109785286,35.4593454259414,41.79108161763555,35.97331659335772,42.63669304195547,64.45645021718198,53.40646910337533,122.50434875425071,34.71025954115089,35.44568845238133,35.456065223810214,37.568430471972526,402.472851353313,36.29653119066716,103.68368034617498,40.52650786470987,78.34827522863819,35.72487046271406,36.55613911904414,44.39941950498692,37.93858589020675,59.1331489949916,268.2585027206745,41.00329106400466,93.4040848702886,35.801915410159005,49.631361654005076,39.16636802143968,36.62684964084301,36.530802725357155,39.93772355123396,40.224554342325064,33.618584733693545,811.0154259291071,121.45503772838369,36.007231684770275,156.99272590608084,45.30545253321237,35.456596102031114,314.0163420315517,65.88733881443649,78.9938406522822,65.74416756098489,201.33389956859142,245.2686827229176,55.47700166563165,35.59473735276713,33.30146270202647,36.173728384903505,336.1134133774431,91.825354879215,37.62270765598563,33.8194240244264,32.926382246608966,42.35762237457931,37.86980037958622,34.437801072760834,41.14363101176925,56.48098067174781,62.41109860979361,32.971204398458816,35.389808959769866,33.71679320175191,40.65653856173853,151.57834601205926,34.55738923296174,32.43413188760187,34.046862887531326,38.99023892294947,114.37432728951929,33.45409183494596,35.0872465224193,58.49369999412605,33.99516736073511,558.8148298357852,33.933797327186085,76.49087566799783,106.11791046055029,35.74164864584432,112.11363613107534,35.04122378512146,35.42758540198861,56.91265663018896,286.53668370968893,33.41507549470126,43.25676108892209,53.45224718082191,36.13641610614592,33.26481523729045,34.339927492709144,33.62665166449904,33.85632509809765,37.67013670335261,34.738296354511924,34.68972190605244,33.894643110280946,33.72488528170689,36.238703954810354,34.176468036912546,33.9236774150582,118.07616748030857,33.827587073434124,115.7125004519462,76.74727926536603,34.33621356505411,79.19349609880646,96.80428868829121,33.3048343760427,37.39434337129217,33.262434349621195,34.47667740505324,35.96844409680959,33.603351605509054,33.437961085311926,44.313381232223904,49.46865741029361,33.69425219187121,35.24575279193064,34.5823885598203,33.7947312201539,33.13148831790176,33.79867427162165,33.48044118850225,33.51881201505737,33.83400786410645,35.33641092255365,None
35.10850692330125,33.5996333193631,75.11774739000063,48.892940794459776,257.15745821917193,96.77785316285164,58.96745769118659,41.90626916519973,34.99773489601989,36.97083404903854,36.94277931780518,35.115049690607144,62.05023711061746,90.83909588292968,35.42793061133304,34.882892792489336,65.6893897564769,39.62309879829836,211.91861624856048,73.93375823450876,41.71559748725506,83.9870482382753,33.46784826598321,36.35993511650232,35.57053453542714,35.882942289158954,41.42483317158529,35.9376891745656,42.58390770233658,58.882647187184745,51.458505418731114,171.5306826020981,34.69776301152025,35.190800893357,35.41362755651042,37.40924816458916,72.03321643517694,36.18000828547414,101.62670999473288,38.83037532265917,73.94091479807669,51.91808966985896,36.28710657752214,40.258994530044,37.87831616769519,57.1286716560769,235.1024427642189,40.46772072078424,1234.9161206449985,35.731242635654475,47.77501209943031,38.6661011576711,35.48270957711209,34.20636970326514,35.76827586777095,39.74865495058265,33.60318756350205,126.88221920649372,91.244880446291,35.92673672432378,72.22257899437777,44.8952202403592,35.42299874765976,229.62276257205446,51.24014052772566,79.01525975118483,46.134476767788925,194.60285338651317,154.35894455638874,53.298467290786505,35.54571900333807,33.293379235855674,36.03098265793792,305.41701908402064,76.31316338196702,63.65903545205261,33.78950517312179,32.918763201068145,41.56177961225542,37.45078563261676,34.393109703102176,34.70077139655664,53.85631714844406,59.06172970597376,32.962845138147756,35.486838937708306,33.6959842549517,40.08307520443128,413.0652527995415,34.50899216440807,354.8322962516065,34.01386747520792,38.598552068780336,55.478865794904976,33.444066191095644,35.018773414992594,55.760395043413524,33.94442975669292,214.69234210210476,33.87976568189149,76.4684463847708,87.3822405400264,35.629604575985276,91.59543184744855,49.21617878874503,35.343857302584134,34.86004480897557,54.619260294603,33.40633769171843,34.16816627250204,48.54139360293075,33.8184491434442,33.2516510762885,34.29787145246109,33.608762093838784,33.848136554374896,35.2046254281589,34.233181791048516,33.69789123133942,33.86743895139172,33.70600952587736,35.8771790312221,34.13235368614738,33.89915678857112,109.24166979206032,33.7982906449638,107.47250231527573,77.14961969243015,34.09342436443931,47.08702563010805,90.84905980959101,33.296801794590515,38.49888421635597,33.249352065953566,34.33661112262572,37.47101812584042,33.384796015610384,33.426888869864875,43.36950102289,40.41558679843225,33.66201554771434,34.24283460871521,33.37201417895592,33.76326920945447,33.14381142217234,33.776350362122386,33.466773489630604,33.505583639409096,34.085820420335644,35.26058602115373,None
35.06555156199577,33.51790282366246,70.98482613164087,47.90575528765994,345.324769895539,92.09209640142193,57.02004900505312,41.51060333297908,34.949112493789585,36.90350512991171,36.77467892371206,33.75425659914478,62.03368865069797,80.69872806659207,35.36550821137379,34.827303764874785,46.185884804856,39.358267551290545,82.54011960658751,69.54049668965776,40.00879090680205,83.21431603201161,33.4540782310339,36.246383155620286,35.50883507798537,36.09610485110135,41.10195647971637,35.913294296661526,38.24374314908635,55.52652398508263,49.998855991004845,162.85991170259706,62.826090377803794,35.144783214003986,35.36972831720839,37.25572628152535,60.04772954472354,36.68616596238924,88.64620538864916,38.67197044838228,73.56620421013814,72.02832894309823,36.176875225037946,39.89644894972614,37.73168796471696,55.306299820344705,241.5115675507745,39.95610844393506,945.3453015571196,35.65804356053553,47.401044880967284,38.22429399007551,35.41688976096403,34.385891248682945,35.584045816440785,39.32293320760881,47.70072390801318,46.39870993290186,42.056006841564376,35.83310722353436,35.51495671515167,43.98880801613634,35.388404557795674,133.50031274488217,42.45282007827305,79.28848599827481,317.3171088806149,190.16030131649487,89.28220832915463,51.26247544013452,35.40596805496927,33.285292552566546,35.914209067002915,70.5848990204016,64.47906539621744,56.05991573282486,33.76516922725008,32.911148073968434,40.77395661518061,37.08856950833265,34.354958065856714,35.283525914326184,52.55705905266258,56.356074083238155,32.95470287710678,35.505127458193996,33.6772107194572,39.759855960070354,293.97505094993215,34.46018666116949,1647.4923404156225,33.98188402677741,38.212368601335314,48.196141718496605,33.434263968499344,34.956591605460964,54.15115425117338,33.91962109297148,372.8217199856581,33.865370217858356,76.90523804115031,83.9275615475957,35.52822553252658,50.43937792510869,60.29235643192076,35.26690422371377,33.768654668715556,35.151045480140226,33.39782944345676,33.639010849186946,35.10674267015527,49.533648593682,33.23903196746878,34.255661004112724,33.59085761830363,33.83697491635043,34.803711173070305,321.2322045253921,33.59590450457538,33.84540928253565,33.68710171563688,33.80771691479701,34.08853193095193,33.87369930386795,38.89212051532815,33.77037295503521,86.92273542684032,137.08806016156305,34.06304024350775,35.14008153658729,37.236723862684116,33.288807048620924,33.898414626254755,36.09222225695585,34.289242698538125,33.61462273342276,33.37345978733086,33.415838614599984,42.574021259135534,39.280186634144265,33.64620848152825,33.8682654705385,33.356437446400236,33.734081822351314,33.145777962211596,33.755278455985234,33.45344735072382,33.49390803055712,34.00757003121263,61.46684118152847,None
None,None,67.80156315871149,None,None,None,55.55751202419607,None,None,None,36.632363566507046,None,None,None,35.30740643748153,None,None,None,68.06970904691063,None,None,None,33.44156689347588,None,None,None,43.11403089683025,None,None,None,48.95572816850712,None,None,None,35.26773955892093,None,None,None,81.73022966042106,None,None,None,36.12484168317801,None,None,None,163.49483779132112,None,None,None,47.30013648702354,None,None,None,35.521465306982996,None,None,None,36.81180460014593,None,None,None,35.34675960129283,None,None,None,345.4599251134692,None,None,None,35.31879292776504,None,None,None,48.93492671187565,None,None,None,40.114231474553364,None,None,None,51.32576536837698,None,None,None,33.658093786981965,None,None,None,1358.9895844709856,None,None,None,33.42409070737188,None,None,None,578.0181373515799,None,None,None,35.43563520113443,None,None,None,33.73970109065472,None,None,None,34.526516933393786,None,None,None,34.31286838505417,None,None,None,33.58243708829247,None,None,None,34.06070334655032,None,None,None,76.74349730964349,None,None,None,33.6083533734841,None,None,None,34.2440452086154,None,None,None,41.92261378236288,None,None,None,46.41673346465743,None,None,None,33.440416310419465,None,None,None,None
